0 0.0141832
0.1 0.0141388
0.2 0.0113692
0.3 0.00888322
0.4 0.0107491
0.5 0.0186087
0.6 0.0327664
0.7 0.0387589
0.8 0.0390446
0.9 0.056169
1 0.0669062
1.1 0.0738358
1.2 0.0918172
1.3 0.0957965
1.4 0.114539
1.5 0.124967
1.6 0.137269
1.7 0.154201
1.8 0.164853
1.9 0.183216
2 0.196376
2.1 0.200941
2.2 0.200451
2.3 0.216465
2.4 0.228406
2.5 0.244205
2.6 0.257
2.7 0.260979
2.8 0.277076
2.9 0.286812
3 0.296374
3.1 0.305981
3.2 0.319188
3.3 0.331976
3.4 0.337077
3.5 0.342158
3.6 0.34731
3.7 0.356689
3.8 0.371666
3.9 0.383408
4 0.388872
4.1 0.405582
4.2 0.416577
4.3 0.427926
4.4 0.439293
4.5 0.445346
4.6 0.458986
4.7 0.464586
4.8 0.466187
4.9 0.474825
5 0.478979
5.1 0.489761
5.2 0.495325
5.3 0.505105
5.4 0.509707
5.5 0.514552
5.6 0.520602
5.7 0.529904
5.8 0.534634
5.9 0.540463
6 0.54615
6.1 0.555616
6.2 0.569082
6.3 0.580974
6.4 0.58294
6.5 0.590362
6.6 0.600226
6.7 0.606336
6.8 0.613644
6.9 0.623756
7 0.629546
7.1 0.636318
7.2 0.645627
7.3 0.653191
7.4 0.662955
7.5 0.671045
7.6 0.679629
7.7 0.688314
7.8 0.691222
7.9 0.698295
8 0.703877
8.1 0.708766
8.2 0.715029
8.3 0.722981
8.4 0.728962
8.5 0.737465
8.6 0.739607
8.7 0.746968
8.8 0.750774
8.9 0.756449
9 0.755662
9.1 0.758121
9.2 0.758311
9.3 0.762509
9.4 0.767249
9.5 0.770356
9.6 0.774031
9.7 0.777691
9.8 0.784681
9.9 0.78783
10 0.789604
10.1 0.79408
10.2 0.793489
10.3 0.793723
10.4 0.79337
10.5 0.794143
10.6 0.794482
10.7 0.799869
10.8 0.801305
10.9 0.802735
11 0.801679
11.1 0.808871
11.2 0.813747
11.3 0.820748
11.4 0.823586
11.5 0.83024
11.6 0.830983
11.7 0.833508
11.8 0.833654
11.9 0.836818
12 0.841597
12.1 0.842926
12.2 0.842871
12.3 0.84393
12.4 0.843152
12.5 0.845796
12.6 0.852738
12.7 0.850497
12.8 0.85254
12.9 0.855908
13 0.859737
13.1 0.859234
13.2 0.859443
13.3 0.860654
13.4 0.862231
13.5 0.865782
13.6 0.869167
13.7 0.872375
13.8 0.868956
13.9 0.873287
14 0.879128
14.1 0.883008
14.2 0.88879
14.3 0.894736
14.4 0.893065
14.5 0.893249
14.6 0.893075
14.7 0.898167
14.8 0.899878
14.9 0.90482
15 0.904888
15.1 0.907878
15.2 0.910425
15.3 0.911498
15.4 0.915169
15.5 0.91618
15.6 0.91644
15.7 0.917993
15.8 0.918875
15.9 0.921188
16 0.923465
16.1 0.926196
16.2 0.926258
16.3 0.926987
16.4 0.931755
16.5 0.933245
16.6 0.935143
16.7 0.935896
16.8 0.935202
16.9 0.934482
17 0.934383
17.1 0.935181
17.2 0.935713
17.3 0.935227
17.4 0.931795
17.5 0.932045
17.6 0.929104
17.7 0.926699
17.8 0.924287
17.9 0.923729
18 0.923908
18.1 0.923334
18.2 0.92207
18.3 0.921266
18.4 0.919996
18.5 0.919199
18.6 0.919194
18.7 0.917673
18.8 0.915137
18.9 0.91882
19 0.919644
19.1 0.919574
19.2 0.919286
19.3 0.920116
19.4 0.919987
19.5 0.924423
19.6 0.924277
19.7 0.9241
19.8 0.925627
19.9 0.927425
20 0.927778
20.1 0.931439
20.2 0.930814
20.3 0.929659
20.4 0.925713
20.5 0.925968
20.6 0.928115
20.7 0.927952
20.8 0.928552
20.9 0.928163
21 0.927167
21.1 0.93013
21.2 0.929822
21.3 0.92672
21.4 0.924612
21.5 0.925157
21.6 0.927697
21.7 0.927587
21.8 0.926395
21.9 0.927379
22 0.927624
22.1 0.926
22.2 0.926438
22.3 0.925007
22.4 0.92347
22.5 0.922738
22.6 0.925525
22.7 0.928566
22.8 0.933152
22.9 0.934031
23 0.933828
23.1 0.932445
23.2 0.93221
23.3 0.931422
23.4 0.9332
23.5 0.93368
23.6 0.934636
23.7 0.936025
23.8 0.934538
23.9 0.934696
24 0.937003
24.1 0.937278
24.2 0.936316
24.3 0.935605
24.4 0.936258
24.5 0.935117
24.6 0.936004
24.7 0.935965
24.8 0.932826
24.9 0.929811
25 0.926882
25.1 0.926268
25.2 0.928052
25.3 0.928342
25.4 0.923174
25.5 0.925032
25.6 0.922662
25.7 0.923308
25.8 0.92281
25.9 0.921036
26 0.917334
26.1 0.916956
26.2 0.918898
26.3 0.917479
26.4 0.917446
26.5 0.917134
26.6 0.916313
26.7 0.915726
26.8 0.918431
26.9 0.920729
27 0.922847
27.1 0.924388
27.2 0.926318
27.3 0.924935
27.4 0.924696
27.5 0.925138
27.6 0.926258
27.7 0.925118
27.8 0.925846
27.9 0.927297
28 0.928479
28.1 0.928795
28.2 0.928333
28.3 0.928786
28.4 0.930834
28.5 0.928004
28.6 0.92955
28.7 0.926261
28.8 0.924653
28.9 0.924341
29 0.924227
29.1 0.923416
29.2 0.921996
29.3 0.920628
29.4 0.919675
29.5 0.92023
29.6 0.916906
29.7 0.917976
29.8 0.916745
29.9 0.913075
30 0.913485
30.1 0.917388
30.2 0.914346
30.3 0.911332
30.4 0.913613
30.5 0.910856
30.6 0.907756
30.7 0.905068
30.8 0.903508
30.9 0.902823
31 0.898836
31.1 0.898024
31.2 0.896216
31.3 0.897444
31.4 0.897628
31.5 0.897264
31.6 0.893474
31.7 0.896908
31.8 0.897099
31.9 0.898141
32 0.899024
32.1 0.901959
32.2 0.900293
32.3 0.90094
32.4 0.901807
32.5 0.902497
32.6 0.907753
32.7 0.909519
32.8 0.910442
32.9 0.911464
33 0.910171
33.1 0.911102
33.2 0.907696
33.3 0.9085
33.4 0.910624
33.5 0.909872
33.6 0.910353
33.7 0.911715
33.8 0.910789
33.9 0.909309
34 0.907758
34.1 0.91305
34.2 0.913518
34.3 0.918136
34.4 0.914863
34.5 0.91641
34.6 0.911643
34.7 0.915206
34.8 0.916646
34.9 0.918163
35 0.916484
35.1 0.920267
35.2 0.925329
35.3 0.924465
35.4 0.926388
35.5 0.924896
35.6 0.927815
35.7 0.923716
35.8 0.923412
35.9 0.923106
36 0.921854
36.1 0.923137
36.2 0.925177
36.3 0.922566
36.4 0.924951
36.5 0.929117
36.6 0.929096
36.7 0.932424
36.8 0.931073
36.9 0.926847
37 0.925246
37.1 0.924029
37.2 0.919036
37.3 0.923615
37.4 0.924819
37.5 0.926211
37.6 0.923152
37.7 0.921327
37.8 0.922456
37.9 0.924717
38 0.92684
38.1 0.924853
38.2 0.924468
38.3 0.924729
38.4 0.927585
38.5 0.928356
38.6 0.927997
38.7 0.927356
38.8 0.928088
38.9 0.92611
39 0.92427
39.1 0.921441
39.2 0.920835
39.3 0.91961
39.4 0.9234
39.5 0.921866
39.6 0.921501
39.7 0.923259
39.8 0.920219
39.9 0.921647
40 0.92153
40.1 0.919143
40.2 0.916975
40.3 0.913743
40.4 0.915372
40.5 0.917402
40.6 0.917802
40.7 0.915569
40.8 0.914087
40.9 0.912592
41 0.912261
41.1 0.909864
41.2 0.908424
41.3 0.907666
41.4 0.907445
41.5 0.910821
41.6 0.908667
41.7 0.9103
41.8 0.913482
41.9 0.915178
42 0.915179
42.1 0.915577
42.2 0.914362
42.3 0.913496
42.4 0.91443
42.5 0.914855
42.6 0.914508
42.7 0.912653
42.8 0.911445
42.9 0.911812
43 0.909076
43.1 0.904655
43.2 0.905074
43.3 0.906191
43.4 0.905324
43.5 0.907626
43.6 0.909373
43.7 0.910507
43.8 0.911025
43.9 0.911167
44 0.909839
44.1 0.908389
44.2 0.908103
44.3 0.907081
44.4 0.909655
44.5 0.910137
44.6 0.906117
44.7 0.903123
44.8 0.899724
44.9 0.899038
45 0.896451
45.1 0.895605
45.2 0.89293
45.3 0.893868
45.4 0.895888
45.5 0.893483
45.6 0.89298
45.7 0.894431
45.8 0.895524
45.9 0.895925
46 0.8978
46.1 0.892868
46.2 0.892969
46.3 0.893983
46.4 0.896043
46.5 0.895569
46.6 0.893614
46.7 0.895132
46.8 0.899426
46.9 0.89973
47 0.90088
47.1 0.902982
47.2 0.897795
47.3 0.896954
47.4 0.899161
47.5 0.899378
47.6 0.902103
47.7 0.906061
47.8 0.907188
47.9 0.9069
48 0.903835
48.1 0.902811
48.2 0.906319
48.3 0.906309
48.4 0.909216
48.5 0.912052
48.6 0.911703
48.7 0.908081
48.8 0.908358
48.9 0.905007
49 0.90432
49.1 0.905254
49.2 0.904046
49.3 0.900816
49.4 0.899471
49.5 0.900885
49.6 0.897945
49.7 0.898652
49.8 0.899799
49.9 0.901936
50 0.89978
50.1 0.898205
50.2 0.900108
50.3 0.898703
50.4 0.903239
50.5 0.900892
50.6 0.902059
50.7 0.903184
50.8 0.907524
50.9 0.905942
51 0.903477
51.1 0.903282
51.2 0.902658
51.3 0.902576
51.4 0.902041
51.5 0.900391
51.6 0.900394
51.7 0.908946
51.8 0.912557
51.9 0.914903
52 0.916239
52.1 0.918074
52.2 0.91579
52.3 0.915025
52.4 0.916392
52.5 0.918947
52.6 0.921391
52.7 0.922705
52.8 0.921417
52.9 0.921975
53 0.922105
53.1 0.919154
53.2 0.916215
53.3 0.915247
53.4 0.916863
53.5 0.917744
53.6 0.91582
53.7 0.915159
53.8 0.91795
53.9 0.914488
54 0.916589
54.1 0.915785
54.2 0.917974
54.3 0.919373
54.4 0.921019
54.5 0.918792
54.6 0.918234
54.7 0.918163
54.8 0.920889
54.9 0.920874
55 0.92125
55.1 0.921994
55.2 0.920668
55.3 0.921701
55.4 0.922429
55.5 0.918641
55.6 0.92206
55.7 0.920921
55.8 0.922958
55.9 0.922062
56 0.917209
56.1 0.915426
56.2 0.916284
56.3 0.91537
56.4 0.914994
56.5 0.913076
56.6 0.915467
56.7 0.916155
56.8 0.911961
56.9 0.911134
57 0.912634
57.1 0.909661
57.2 0.90871
57.3 0.909897
57.4 0.902798
57.5 0.903582
57.6 0.90277
57.7 0.901662
57.8 0.902152
57.9 0.897783
58 0.90059
58.1 0.899845
58.2 0.900261
58.3 0.90577
58.4 0.908391
58.5 0.910449
58.6 0.913979
58.7 0.914734
58.8 0.912665
58.9 0.913442
59 0.91454
59.1 0.911619
59.2 0.908686
59.3 0.913795
59.4 0.916218
59.5 0.917045
59.6 0.916897
59.7 0.916625
59.8 0.915885
59.9 0.917211
60 0.916413
60.1 0.918864
60.2 0.919817
60.3 0.919078
60.4 0.915628
60.5 0.914513
60.6 0.917066
60.7 0.917092
60.8 0.914915
60.9 0.912043
61 0.918318
61.1 0.915463
61.2 0.915418
61.3 0.914491
61.4 0.914192
61.5 0.91431
61.6 0.911006
61.7 0.913127
61.8 0.912101
61.9 0.911659
62 0.910869
62.1 0.910109
62.2 0.906766
62.3 0.905533
62.4 0.90846
62.5 0.908113
62.6 0.910167
62.7 0.91182
62.8 0.912854
62.9 0.912464
63 0.906462
63.1 0.908835
63.2 0.903206
63.3 0.904778
63.4 0.906003
63.5 0.907219
63.6 0.909853
63.7 0.910063
63.8 0.911796
63.9 0.914072
64 0.916934
64.1 0.914808
64.2 0.919553
64.3 0.917368
64.4 0.919094
64.5 0.916849
64.6 0.916646
64.7 0.918185
64.8 0.918633
64.9 0.920134
65 0.919315
65.1 0.919309
65.2 0.916354
65.3 0.91442
65.4 0.915222
65.5 0.918249
65.6 0.919063
65.7 0.918406
65.8 0.919755
65.9 0.918165
66 0.918261
66.1 0.919379
66.2 0.917963
66.3 0.916675
66.4 0.915109
66.5 0.914236
66.6 0.912129
66.7 0.910101
66.8 0.914883
66.9 0.912096
67 0.914154
67.1 0.912814
67.2 0.914315
67.3 0.914353
67.4 0.912981
67.5 0.912984
67.6 0.915295
67.7 0.914681
67.8 0.911932
67.9 0.915208
68 0.914621
68.1 0.913026
68.2 0.913522
68.3 0.911178
68.4 0.910384
68.5 0.909426
68.6 0.911808
68.7 0.908493
68.8 0.908698
68.9 0.906747
69 0.908919
69.1 0.908338
69.2 0.908738
69.3 0.91088
69.4 0.911104
69.5 0.911633
69.6 0.913825
69.7 0.911852
69.8 0.910463
69.9 0.914162
70 0.914143
70.1 0.915529
70.2 0.917458
70.3 0.920531
70.4 0.920285
70.5 0.921315
70.6 0.919288
70.7 0.919976
70.8 0.920112
70.9 0.9178
71 0.918624
71.1 0.918568
71.2 0.918889
71.3 0.918108
71.4 0.917311
71.5 0.917662
71.6 0.917832
71.7 0.919033
71.8 0.919142
71.9 0.919286
72 0.92109
72.1 0.920802
72.2 0.916735
72.3 0.915673
72.4 0.913456
72.5 0.915029
72.6 0.910999
72.7 0.909444
72.8 0.906851
72.9 0.904726
73 0.908176
73.1 0.905247
73.2 0.906579
73.3 0.906308
73.4 0.906487
73.5 0.905928
73.6 0.906893
73.7 0.911184
73.8 0.917936
73.9 0.916845
74 0.918161
74.1 0.920115
74.2 0.919468
74.3 0.916999
74.4 0.914857
74.5 0.916
74.6 0.918114
74.7 0.915667
74.8 0.915179
74.9 0.916677
75 0.915171
75.1 0.917894
75.2 0.917728
75.3 0.916664
75.4 0.919221
75.5 0.921719
75.6 0.919469
75.7 0.921045
75.8 0.920296
75.9 0.920558
76 0.918977
76.1 0.916817
76.2 0.91903
76.3 0.919328
76.4 0.918719
76.5 0.916188
76.6 0.918968
76.7 0.920149
76.8 0.921458
76.9 0.91991
77 0.919418
77.1 0.917089
77.2 0.918956
77.3 0.91851
77.4 0.920395
77.5 0.919502
77.6 0.918424
77.7 0.918611
77.8 0.919944
77.9 0.918638
78 0.919867
78.1 0.9228
78.2 0.923591
78.3 0.922087
78.4 0.923418
78.5 0.923221
78.6 0.924659
78.7 0.926474
78.8 0.931224
78.9 0.933604
79 0.932871
79.1 0.930407
79.2 0.933361
79.3 0.935732
79.4 0.936886
79.5 0.93792
79.6 0.939183
79.7 0.942495
79.8 0.940878
79.9 0.942373
80 0.942619
80.1 0.944926
80.2 0.945325
80.3 0.943901
80.4 0.94177
80.5 0.940287
80.6 0.937231
80.7 0.933899
80.8 0.931438
80.9 0.929137
81 0.931225
81.1 0.928732
81.2 0.927792
81.3 0.925056
81.4 0.923344
81.5 0.919701
81.6 0.920363
81.7 0.922858
81.8 0.918954
81.9 0.921679
82 0.921866
82.1 0.917211
82.2 0.916862
82.3 0.919434
82.4 0.917949
82.5 0.917811
82.6 0.914729
82.7 0.91315
82.8 0.912434
82.9 0.911491
83 0.912394
83.1 0.912729
83.2 0.912786
83.3 0.916329
83.4 0.918185
83.5 0.918731
83.6 0.919288
83.7 0.916107
83.8 0.912288
83.9 0.911964
84 0.912553
84.1 0.913965
84.2 0.915897
84.3 0.913408
84.4 0.913867
84.5 0.916272
84.6 0.914351
84.7 0.916975
84.8 0.916449
84.9 0.917863
85 0.920092
85.1 0.918339
85.2 0.922306
85.3 0.921642
85.4 0.92512
85.5 0.925701
85.6 0.926221
85.7 0.925797
85.8 0.928773
85.9 0.93041
86 0.928804
86.1 0.930527
86.2 0.92898
86.3 0.930338
86.4 0.932149
86.5 0.930192
86.6 0.931352
86.7 0.931975
86.8 0.930161
86.9 0.934083
87 0.93673
87.1 0.931978
87.2 0.931161
87.3 0.934951
87.4 0.937624
87.5 0.940752
87.6 0.941268
87.7 0.938477
87.8 0.937394
87.9 0.9361
88 0.93451
88.1 0.934144
88.2 0.934043
88.3 0.934472
88.4 0.933575
88.5 0.931464
88.6 0.932434
88.7 0.933459
88.8 0.93735
88.9 0.936058
89 0.937001
89.1 0.935606
89.2 0.93436
89.3 0.935415
89.4 0.932739
89.5 0.93442
89.6 0.934745
89.7 0.932747
89.8 0.93432
89.9 0.935156
90 0.932275
90.1 0.932306
90.2 0.928963
90.3 0.931499
90.4 0.929343
90.5 0.928057
90.6 0.927574
90.7 0.929792
90.8 0.927326
90.9 0.926366
91 0.92608
91.1 0.928409
91.2 0.92948
91.3 0.92939
91.4 0.924902
91.5 0.923908
91.6 0.920854
91.7 0.921413
91.8 0.92286
91.9 0.923666
92 0.920161
92.1 0.920002
92.2 0.919931
92.3 0.923718
92.4 0.925385
92.5 0.922996
92.6 0.925073
92.7 0.923908
92.8 0.9263
92.9 0.925192
93 0.927983
93.1 0.928044
93.2 0.926336
93.3 0.926884
93.4 0.926271
93.5 0.924815
93.6 0.924523
93.7 0.92352
93.8 0.926903
93.9 0.926377
94 0.927453
94.1 0.924975
94.2 0.924863
94.3 0.925501
94.4 0.921433
94.5 0.920668
94.6 0.919048
94.7 0.919866
94.8 0.919981
94.9 0.920758
95 0.91957
95.1 0.917466
95.2 0.917381
95.3 0.912472
95.4 0.912567
95.5 0.912133
95.6 0.90826
95.7 0.904427
95.8 0.906662
95.9 0.90499
96 0.905181
96.1 0.904325
96.2 0.903962
96.3 0.901062
96.4 0.901953
96.5 0.900416
96.6 0.898617
96.7 0.897402
96.8 0.89953
96.9 0.900455
97 0.901042
97.1 0.901876
97.2 0.905926
97.3 0.90694
97.4 0.90268
97.5 0.901363
97.6 0.90034
97.7 0.906273
97.8 0.905875
97.9 0.905723
98 0.904074
98.1 0.90368
98.2 0.900989
98.3 0.901208
98.4 0.899934
98.5 0.900373
98.6 0.897485
98.7 0.901116
98.8 0.90144
98.9 0.900648
99 0.899573
99.1 0.898669
99.2 0.897786
99.3 0.898673
99.4 0.898425
99.5 0.900999
99.6 0.897707
99.7 0.899627
99.8 0.895724
99.9 0.895769
100 0.893194
100.1 0.894411
100.2 0.894488
100.3 0.893466
100.4 0.896089
100.5 0.897357
100.6 0.898103
100.7 0.898205
100.8 0.899195
100.9 0.896298
101 0.895801
101.1 0.901371
101.2 0.90095
101.3 0.897952
101.4 0.896534
101.5 0.895837
101.6 0.896406
101.7 0.896287
101.8 0.890919
101.9 0.887926
102 0.889718
102.1 0.888396
102.2 0.887615
102.3 0.887926
102.4 0.889419
102.5 0.889059
102.6 0.888106
102.7 0.889311
102.8 0.887121
102.9 0.886721
103 0.885
103.1 0.886895
103.2 0.890841
103.3 0.891731
103.4 0.898196
103.5 0.897192
103.6 0.897957
103.7 0.897358
103.8 0.892314
103.9 0.889932
104 0.892784
104.1 0.894036
104.2 0.896905
104.3 0.895381
104.4 0.890842
104.5 0.893983
104.6 0.895807
104.7 0.89769
104.8 0.901354
104.9 0.902628
105 0.905998
105.1 0.906597
105.2 0.909151
105.3 0.909749
105.4 0.905788
105.5 0.909914
105.6 0.91147
105.7 0.911844
105.8 0.910956
105.9 0.908853
106 0.904733
106.1 0.905139
106.2 0.902698
106.3 0.902929
106.4 0.899311
106.5 0.901183
106.6 0.898331
106.7 0.899095
106.8 0.897455
106.9 0.897006
107 0.897996
107.1 0.899349
107.2 0.904215
107.3 0.906635
107.4 0.905116
107.5 0.907406
107.6 0.906158
107.7 0.903762
107.8 0.904247
107.9 0.905399
108 0.902749
108.1 0.903319
108.2 0.902473
108.3 0.902202
108.4 0.9006
108.5 0.899638
108.6 0.899169
108.7 0.900201
108.8 0.901652
108.9 0.901072
109 0.901323
109.1 0.896437
109.2 0.895946
109.3 0.895767
109.4 0.893375
109.5 0.894889
109.6 0.89669
109.7 0.897538
109.8 0.89965
109.9 0.901148
110 0.900356
110.1 0.897416
110.2 0.896395
110.3 0.896602
110.4 0.89625
110.5 0.89284
110.6 0.898961
110.7 0.899194
110.8 0.902688
110.9 0.904033
111 0.903816
111.1 0.906196
111.2 0.905144
111.3 0.903006
111.4 0.906025
111.5 0.907105
111.6 0.905724
111.7 0.908314
111.8 0.908196
111.9 0.908721
112 0.910529
112.1 0.90993
112.2 0.912141
112.3 0.910671
112.4 0.908096
112.5 0.908288
112.6 0.90636
112.7 0.907265
112.8 0.902974
112.9 0.904976
113 0.904659
113.1 0.905557
113.2 0.901995
113.3 0.89913
113.4 0.899075
113.5 0.899319
113.6 0.900309
113.7 0.900944
113.8 0.903404
113.9 0.904754
114 0.907752
114.1 0.904928
114.2 0.903631
114.3 0.901846
114.4 0.899338
114.5 0.899156
114.6 0.900805
114.7 0.901881
114.8 0.901264
114.9 0.902663
115 0.903135
115.1 0.908502
115.2 0.909937
115.3 0.910103
115.4 0.910001
115.5 0.910326
115.6 0.907668
115.7 0.910187
115.8 0.912729
115.9 0.917475
116 0.916853
116.1 0.91754
116.2 0.916979
116.3 0.916451
116.4 0.917982
116.5 0.920545
116.6 0.919796
116.7 0.920534
116.8 0.917671
116.9 0.917731
117 0.91685
117.1 0.915517
117.2 0.914095
117.3 0.914844
117.4 0.915309
117.5 0.916395
117.6 0.913264
117.7 0.914078
117.8 0.914869
117.9 0.913569
118 0.912566
118.1 0.914131
118.2 0.916089
118.3 0.915541
118.4 0.914708
118.5 0.915592
118.6 0.919707
118.7 0.918426
118.8 0.917301
118.9 0.916188
119 0.913585
119.1 0.914991
119.2 0.91316
119.3 0.914767
119.4 0.91547
119.5 0.914329
119.6 0.917731
119.7 0.91845
119.8 0.920572
119.9 0.919717
120 0.921202
120.1 0.922961
120.2 0.923646
120.3 0.922559
120.4 0.925615
120.5 0.925159
120.6 0.924246
120.7 0.926665
120.8 0.9276
120.9 0.928065
121 0.927052
121.1 0.929552
121.2 0.929775
121.3 0.930293
121.4 0.92908
121.5 0.925929
121.6 0.928729
121.7 0.925784
121.8 0.920722
121.9 0.919768
122 0.922235
122.1 0.920818
122.2 0.922433
122.3 0.924836
122.4 0.924603
122.5 0.92553
122.6 0.926849
122.7 0.925547
122.8 0.925327
122.9 0.925467
123 0.925005
123.1 0.923939
123.2 0.923089
123.3 0.922904
123.4 0.921215
123.5 0.920542
123.6 0.920971
123.7 0.921082
123.8 0.920097
123.9 0.92074
124 0.918338
124.1 0.918894
124.2 0.916949
124.3 0.919474
124.4 0.922098
124.5 0.920709
124.6 0.923301
124.7 0.921074
124.8 0.916908
124.9 0.917394
125 0.91761
125.1 0.917325
125.2 0.91881
125.3 0.919541
125.4 0.919419
125.5 0.917892
125.6 0.920441
125.7 0.918599
125.8 0.915918
125.9 0.91622
126 0.916711
126.1 0.918108
126.2 0.917876
126.3 0.918805
126.4 0.920746
126.5 0.924996
126.6 0.924999
126.7 0.926158
126.8 0.926741
126.9 0.925539
127 0.921626
127.1 0.919515
127.2 0.91645
127.3 0.914653
127.4 0.910697
127.5 0.909353
127.6 0.909268
127.7 0.906134
127.8 0.905855
127.9 0.904758
128 0.902997
128.1 0.902686
128.2 0.901385
128.3 0.901876
128.4 0.898894
128.5 0.896998
128.6 0.898479
128.7 0.900775
128.8 0.902198
128.9 0.903604
129 0.902878
129.1 0.905069
129.2 0.905512
129.3 0.901203
129.4 0.901911
129.5 0.903398
129.6 0.905125
129.7 0.90772
129.8 0.909586
129.9 0.908908
130 0.909481
130.1 0.911835
130.2 0.910375
130.3 0.908426
130.4 0.908699
130.5 0.909512
130.6 0.907182
130.7 0.907828
130.8 0.908044
130.9 0.904088
131 0.904778
131.1 0.908395
131.2 0.907922
131.3 0.90762
131.4 0.909209
131.5 0.908879
131.6 0.908361
131.7 0.9068
131.8 0.906719
131.9 0.907418
132 0.910448
132.1 0.908777
132.2 0.909269
132.3 0.911519
132.4 0.913302
132.5 0.912796
132.6 0.913282
132.7 0.915019
132.8 0.915189
132.9 0.915627
133 0.916818
133.1 0.916642
133.2 0.913318
133.3 0.914582
133.4 0.915899
133.5 0.91553
133.6 0.913613
133.7 0.913447
133.8 0.915102
133.9 0.917363
134 0.917542
134.1 0.916936
134.2 0.918356
134.3 0.915726
134.4 0.912489
134.5 0.915291
134.6 0.916536
134.7 0.911949
134.8 0.913363
134.9 0.914972
135 0.912383
135.1 0.917361
135.2 0.920762
135.3 0.921686
135.4 0.921922
135.5 0.924898
135.6 0.929714
135.7 0.93137
135.8 0.931788
135.9 0.930428
136 0.93055
136.1 0.929773
136.2 0.931137
136.3 0.926473
136.4 0.922516
136.5 0.919785
136.6 0.918838
136.7 0.920317
136.8 0.918792
136.9 0.919779
137 0.915835
137.1 0.915809
137.2 0.918061
137.3 0.917143
137.4 0.919727
137.5 0.921329
137.6 0.918892
137.7 0.916245
137.8 0.913913
137.9 0.914461
138 0.916225
138.1 0.913416
138.2 0.91029
138.3 0.911106
138.4 0.911652
138.5 0.912266
138.6 0.915313
138.7 0.916548
138.8 0.912997
138.9 0.914169
139 0.915345
139.1 0.914991
139.2 0.911704
139.3 0.911101
139.4 0.909243
139.5 0.911056
139.6 0.914179
139.7 0.916578
139.8 0.914947
139.9 0.917505
140 0.92063
140.1 0.917133
140.2 0.917709
140.3 0.91699
140.4 0.919509
140.5 0.91923
140.6 0.919101
140.7 0.917626
140.8 0.916027
140.9 0.918723
141 0.917589
141.1 0.917849
141.2 0.915822
141.3 0.915559
141.4 0.9192
141.5 0.920196
141.6 0.921308
141.7 0.922197
141.8 0.919814
141.9 0.920134
142 0.921632
142.1 0.919037
142.2 0.919907
142.3 0.919332
142.4 0.917715
142.5 0.91624
142.6 0.916753
142.7 0.922137
142.8 0.923517
142.9 0.924834
143 0.923198
143.1 0.921517
143.2 0.924253
143.3 0.926702
143.4 0.927524
143.5 0.92509
143.6 0.925526
143.7 0.925514
143.8 0.925959
143.9 0.927112
144 0.9245
144.1 0.923529
144.2 0.928232
144.3 0.926465
144.4 0.927058
144.5 0.927737
144.6 0.926556
144.7 0.925041
144.8 0.92701
144.9 0.9282
145 0.929582
145.1 0.930251
145.2 0.930141
145.3 0.930632
145.4 0.932547
145.5 0.932643
145.6 0.934449
145.7 0.936298
145.8 0.937261
145.9 0.937956
146 0.937488
146.1 0.938536
146.2 0.938992
146.3 0.93622
146.4 0.933439
146.5 0.931201
146.6 0.929708
146.7 0.928392
146.8 0.928731
146.9 0.928263
147 0.92802
147.1 0.922938
147.2 0.921861
147.3 0.920249
147.4 0.917205
147.5 0.915215
147.6 0.914783
147.7 0.915073
147.8 0.914498
147.9 0.913993
148 0.913294
148.1 0.913271
148.2 0.912145
148.3 0.910931
148.4 0.914083
148.5 0.914422
148.6 0.909235
148.7 0.908116
148.8 0.905937
148.9 0.911779
149 0.916508
149.1 0.91845
149.2 0.91634
149.3 0.914134
149.4 0.913498
149.5 0.915417
149.6 0.914789
149.7 0.912264
149.8 0.913329
149.9 0.912912
150 0.913963
150.1 0.912523
150.2 0.912341
150.3 0.912914
150.4 0.914269
150.5 0.910084
150.6 0.908481
150.7 0.909981
150.8 0.907735
150.9 0.908679
151 0.910037
151.1 0.91044
151.2 0.90969
151.3 0.906104
151.4 0.905358
151.5 0.89952
151.6 0.899997
151.7 0.89933
151.8 0.898115
151.9 0.898693
152 0.897427
152.1 0.897166
152.2 0.897953
152.3 0.894344
152.4 0.89664
152.5 0.89546
152.6 0.891472
152.7 0.887772
152.8 0.888234
152.9 0.88793
153 0.886794
153.1 0.888261
153.2 0.887502
153.3 0.886915
153.4 0.889681
153.5 0.887194
153.6 0.890946
153.7 0.890934
153.8 0.89098
153.9 0.891264
154 0.893721
154.1 0.899256
154.2 0.898034
154.3 0.900497
154.4 0.899297
154.5 0.899417
154.6 0.898296
154.7 0.899083
154.8 0.895323
154.9 0.897283
155 0.897464
155.1 0.897618
155.2 0.89763
155.3 0.893364
155.4 0.89525
155.5 0.897954
155.6 0.90028
155.7 0.900726
155.8 0.902891
155.9 0.897682
156 0.896588
156.1 0.895864
156.2 0.89672
156.3 0.893826
156.4 0.893149
156.5 0.893741
156.6 0.894595
156.7 0.89235
156.8 0.892928
156.9 0.895002
157 0.896333
157.1 0.893599
157.2 0.893848
157.3 0.893869
157.4 0.895762
157.5 0.898207
157.6 0.901068
157.7 0.897997
157.8 0.899352
157.9 0.896627
158 0.895564
158.1 0.895559
158.2 0.8965
158.3 0.896391
158.4 0.894906
158.5 0.894532
158.6 0.89568
158.7 0.895824
158.8 0.898541
158.9 0.899095
159 0.898989
159.1 0.900923
159.2 0.897619
159.3 0.898399
159.4 0.899421
159.5 0.898127
159.6 0.897844
159.7 0.89922
159.8 0.902822
159.9 0.902112
160 0.898521
160.1 0.902977
160.2 0.903315
160.3 0.903631
160.4 0.905851
160.5 0.905704
160.6 0.906044
160.7 0.907418
160.8 0.906453
160.9 0.905758
161 0.903294
161.1 0.903709
161.2 0.900177
161.3 0.898911
161.4 0.900054
161.5 0.901575
161.6 0.903828
161.7 0.904329
161.8 0.904668
161.9 0.907903
162 0.91336
162.1 0.911244
162.2 0.908799
162.3 0.910441
162.4 0.91483
162.5 0.915505
162.6 0.916448
162.7 0.917185
162.8 0.917027
162.9 0.919322
163 0.921836
163.1 0.921997
163.2 0.919797
163.3 0.918704
163.4 0.916789
163.5 0.91661
163.6 0.913399
163.7 0.911699
163.8 0.911471
163.9 0.912577
164 0.913843
164.1 0.912367
164.2 0.911312
164.3 0.911028
164.4 0.911954
164.5 0.911121
164.6 0.912543
164.7 0.917633
164.8 0.917052
164.9 0.919996
165 0.918603
165.1 0.91819
165.2 0.915525
165.3 0.91305
165.4 0.910083
165.5 0.911076
165.6 0.910914
165.7 0.909284
165.8 0.912055
165.9 0.913372
166 0.915866
166.1 0.91249
166.2 0.913365
166.3 0.915512
166.4 0.913628
166.5 0.910953
166.6 0.913365
166.7 0.908932
166.8 0.908381
166.9 0.908982
167 0.904793
167.1 0.905452
167.2 0.904653
167.3 0.900011
167.4 0.900867
167.5 0.894225
167.6 0.894153
167.7 0.894523
167.8 0.89295
167.9 0.893407
168 0.896309
168.1 0.897325
168.2 0.899169
168.3 0.901443
168.4 0.901735
168.5 0.901488
168.6 0.89686
168.7 0.897173
168.8 0.899054
168.9 0.900812
169 0.902636
169.1 0.901599
169.2 0.901193
169.3 0.900797
169.4 0.899539
169.5 0.897426
169.6 0.898266
169.7 0.898816
169.8 0.901462
169.9 0.902724
170 0.905141
170.1 0.906221
170.2 0.905669
170.3 0.903321
170.4 0.902473
170.5 0.904501
170.6 0.904372
170.7 0.90705
170.8 0.909359
170.9 0.908588
171 0.911559
171.1 0.913556
171.2 0.915655
171.3 0.916606
171.4 0.921694
171.5 0.919489
171.6 0.91779
171.7 0.918472
171.8 0.92096
171.9 0.920319
172 0.92121
172.1 0.925307
172.2 0.924992
172.3 0.924483
172.4 0.922775
172.5 0.922065
172.6 0.91918
172.7 0.916412
172.8 0.916313
172.9 0.917894
173 0.91486
173.1 0.913304
173.2 0.911828
173.3 0.912424
173.4 0.915039
173.5 0.908508
173.6 0.9079
173.7 0.909374
173.8 0.910852
173.9 0.91384
174 0.912374
174.1 0.914503
174.2 0.916863
174.3 0.918632
174.4 0.922108
174.5 0.921408
174.6 0.920189
174.7 0.919759
174.8 0.919504
174.9 0.917824
175 0.919608
175.1 0.917628
175.2 0.918047
175.3 0.920091
175.4 0.921057
175.5 0.920542
175.6 0.919622
175.7 0.921551
175.8 0.922048
175.9 0.92264
176 0.922388
176.1 0.92209
176.2 0.917219
176.3 0.919756
176.4 0.920253
176.5 0.919962
176.6 0.919736
176.7 0.919614
176.8 0.917121
176.9 0.915546
177 0.913941
177.1 0.913768
177.2 0.91513
177.3 0.914628
177.4 0.914536
177.5 0.915844
177.6 0.918435
177.7 0.916744
177.8 0.915866
177.9 0.9173
178 0.918474
178.1 0.919122
178.2 0.91886
178.3 0.916574
178.4 0.913185
178.5 0.912224
178.6 0.908085
178.7 0.907235
178.8 0.907236
178.9 0.906937
179 0.90903
179.1 0.909115
179.2 0.910874
179.3 0.911659
179.4 0.912945
179.5 0.913717
179.6 0.912036
179.7 0.917258
179.8 0.914018
179.9 0.91593
180 0.916122
180.1 0.913623
180.2 0.915968
180.3 0.913693
180.4 0.917996
180.5 0.914511
180.6 0.913164
180.7 0.91503
180.8 0.913729
180.9 0.9145
181 0.913725
181.1 0.911195
181.2 0.912702
181.3 0.91264
181.4 0.914092
181.5 0.913161
181.6 0.91368
181.7 0.911976
181.8 0.913312
181.9 0.913654
182 0.91325
182.1 0.916913
182.2 0.917925
182.3 0.920876
182.4 0.922937
182.5 0.923581
182.6 0.921891
182.7 0.919916
182.8 0.918855
182.9 0.919084
183 0.920138
183.1 0.9182
183.2 0.918098
183.3 0.91665
183.4 0.91725
183.5 0.915913
183.6 0.917505
183.7 0.917743
183.8 0.916462
183.9 0.914376
184 0.912001
184.1 0.910998
184.2 0.912605
184.3 0.909291
184.4 0.908525
184.5 0.910174
184.6 0.912508
184.7 0.9114
184.8 0.913008
184.9 0.913778
185 0.909834
185.1 0.910686
185.2 0.909758
185.3 0.910284
185.4 0.91014
185.5 0.910307
185.6 0.909215
185.7 0.909827
185.8 0.908067
185.9 0.912214
186 0.912035
186.1 0.915604
186.2 0.916028
186.3 0.912436
186.4 0.917762
186.5 0.914478
186.6 0.917502
186.7 0.921729
186.8 0.924462
186.9 0.928965
187 0.929034
187.1 0.927572
187.2 0.925805
187.3 0.927657
187.4 0.925908
187.5 0.926721
187.6 0.923544
187.7 0.924325
187.8 0.926473
187.9 0.923137
188 0.917179
188.1 0.916619
188.2 0.916816
188.3 0.918467
188.4 0.915919
188.5 0.918592
188.6 0.920643
188.7 0.918252
188.8 0.916813
188.9 0.917098
189 0.914388
189.1 0.915116
189.2 0.914097
189.3 0.916809
189.4 0.919242
189.5 0.917859
189.6 0.914919
189.7 0.91547
189.8 0.914563
189.9 0.915608
190 0.918536
190.1 0.917237
190.2 0.917449
190.3 0.91761
190.4 0.917235
190.5 0.915918
190.6 0.916903
190.7 0.9151
190.8 0.914878
190.9 0.914534
191 0.916225
191.1 0.916707
191.2 0.914786
191.3 0.913644
191.4 0.915232
191.5 0.917301
191.6 0.915943
191.7 0.916957
191.8 0.919008
191.9 0.920117
192 0.92115
192.1 0.920812
192.2 0.919101
192.3 0.918622
192.4 0.917645
192.5 0.913292
192.6 0.913789
192.7 0.911336
192.8 0.912964
192.9 0.90957
193 0.908996
193.1 0.909051
193.2 0.910407
193.3 0.908349
193.4 0.909636
193.5 0.907608
193.6 0.90569
193.7 0.90778
193.8 0.909216
193.9 0.91344
194 0.915045
194.1 0.916921
194.2 0.918112
194.3 0.914966
194.4 0.914019
194.5 0.912368
194.6 0.912165
194.7 0.914022
194.8 0.915663
194.9 0.912905
195 0.912947
195.1 0.916926
195.2 0.916377
195.3 0.92008
195.4 0.917203
195.5 0.919206
195.6 0.917035
195.7 0.91976
195.8 0.919002
195.9 0.918094
196 0.917282
196.1 0.914631
196.2 0.914194
196.3 0.912699
196.4 0.913548
196.5 0.914245
196.6 0.915909
196.7 0.913023
196.8 0.914227
196.9 0.918926
197 0.91546
197.1 0.914176
197.2 0.920373
197.3 0.921166
197.4 0.921619
197.5 0.920534
197.6 0.917555
197.7 0.913821
197.8 0.913744
197.9 0.911827
198 0.912443
198.1 0.914277
198.2 0.914958
198.3 0.911781
198.4 0.912773
198.5 0.910464
198.6 0.90765
198.7 0.906835
198.8 0.903677
198.9 0.90267
199 0.905158
199.1 0.905391
199.2 0.904358
199.3 0.908243
199.4 0.905211
199.5 0.902539
199.6 0.897041
199.7 0.896519
199.8 0.896087
199.9 0.895239
200 0.898004
200.1 0.903541
200.2 0.901045
200.3 0.898644
200.4 0.905239
200.5 0.912176
200.6 0.917221
200.7 0.923404
200.8 0.925455
200.9 0.920937
201 0.920383
201.1 0.918602
201.2 0.917987
201.3 0.919797
201.4 0.922715
201.5 0.923064
201.6 0.92319
201.7 0.922453
201.8 0.923082
201.9 0.923581
202 0.922187
202.1 0.919601
202.2 0.920912
202.3 0.920308
202.4 0.918831
202.5 0.917366
202.6 0.922586
202.7 0.919155
202.8 0.918795
202.9 0.921893
203 0.924677
203.1 0.931071
203.2 0.934946
203.3 0.937916
203.4 0.939616
203.5 0.938791
203.6 0.937209
203.7 0.941512
203.8 0.941369
203.9 0.94081
204 0.939478
204.1 0.941854
204.2 0.9426
204.3 0.941733
204.4 0.944345
204.5 0.942404
204.6 0.941109
204.7 0.940718
204.8 0.941279
204.9 0.9372
205 0.93546
205.1 0.935229
205.2 0.939564
205.3 0.938092
205.4 0.936043
205.5 0.935905
205.6 0.932697
205.7 0.931966
205.8 0.931642
205.9 0.936136
206 0.933603
206.1 0.931184
206.2 0.930464
206.3 0.936219
206.4 0.937118
206.5 0.938449
206.6 0.938522
206.7 0.940641
206.8 0.938208
206.9 0.936662
207 0.937594
207.1 0.938987
207.2 0.937251
207.3 0.93694
207.4 0.939216
207.5 0.941612
207.6 0.94151
207.7 0.94249
207.8 0.941406
207.9 0.940184
208 0.936665
208.1 0.938073
208.2 0.939525
208.3 0.939443
208.4 0.938045
208.5 0.937317
208.6 0.937439
208.7 0.934063
208.8 0.930927
208.9 0.928922
209 0.925458
209.1 0.926464
209.2 0.927267
209.3 0.92996
209.4 0.92992
209.5 0.927001
209.6 0.925389
209.7 0.924277
209.8 0.923281
209.9 0.923385
210 0.92182
210.1 0.923259
210.2 0.925805
210.3 0.925957
210.4 0.926532
210.5 0.924245
210.6 0.928262
210.7 0.930655
210.8 0.929569
210.9 0.932699
211 0.932663
211.1 0.9305
211.2 0.929791
211.3 0.929547
211.4 0.930518
211.5 0.929545
211.6 0.929115
211.7 0.928425
211.8 0.929215
211.9 0.927674
212 0.925426
212.1 0.925197
212.2 0.925116
212.3 0.927932
212.4 0.928748
212.5 0.928871
212.6 0.926212
212.7 0.925756
212.8 0.926589
212.9 0.923827
213 0.925481
213.1 0.923395
213.2 0.924975
213.3 0.929076
213.4 0.928874
213.5 0.930631
213.6 0.931192
213.7 0.928901
213.8 0.930162
213.9 0.929874
214 0.927483
214.1 0.925369
214.2 0.925889
214.3 0.926855
214.4 0.930287
214.5 0.930718
214.6 0.92791
214.7 0.928428
214.8 0.928016
214.9 0.927371
215 0.929519
215.1 0.92848
215.2 0.930737
215.3 0.930092
215.4 0.929087
215.5 0.927443
215.6 0.927027
215.7 0.927172
215.8 0.925391
215.9 0.925699
216 0.929574
216.1 0.927952
216.2 0.928781
216.3 0.9267
216.4 0.926124
216.5 0.926626
216.6 0.92618
216.7 0.92381
216.8 0.925348
216.9 0.927532
217 0.926026
217.1 0.929513
217.2 0.927227
217.3 0.930103
217.4 0.932239
217.5 0.929747
217.6 0.928889
217.7 0.92642
217.8 0.92859
217.9 0.928867
218 0.926169
218.1 0.929529
218.2 0.930112
218.3 0.932582
218.4 0.932653
218.5 0.9318
218.6 0.932902
218.7 0.933335
218.8 0.929071
218.9 0.927006
219 0.926704
219.1 0.927367
219.2 0.928367
219.3 0.93027
219.4 0.928472
219.5 0.927933
219.6 0.93027
219.7 0.928995
219.8 0.927449
219.9 0.922692
220 0.92033
220.1 0.92035
220.2 0.917427
220.3 0.915879
220.4 0.912113
220.5 0.914648
220.6 0.91653
220.7 0.915499
220.8 0.915552
220.9 0.912662
221 0.914846
221.1 0.915738
221.2 0.92001
221.3 0.919826
221.4 0.921434
221.5 0.918369
221.6 0.918688
221.7 0.917177
221.8 0.920584
221.9 0.923937
222 0.923653
222.1 0.923927
222.2 0.925683
222.3 0.927119
222.4 0.927212
222.5 0.923885
222.6 0.925023
222.7 0.921858
222.8 0.924589
222.9 0.927727
223 0.92752
223.1 0.925831
223.2 0.926081
223.3 0.926392
223.4 0.926001
223.5 0.926374
223.6 0.922622
223.7 0.922447
223.8 0.922206
223.9 0.921823
224 0.919853
224.1 0.916967
224.2 0.916333
224.3 0.916798
224.4 0.916854
224.5 0.913273
224.6 0.912585
224.7 0.90883
224.8 0.907325
224.9 0.907342
225 0.909173
225.1 0.909003
225.2 0.913245
225.3 0.912454
225.4 0.913335
225.5 0.915155
225.6 0.913763
225.7 0.913377
225.8 0.914367
225.9 0.915722
226 0.917039
226.1 0.919019
226.2 0.919513
226.3 0.914208
226.4 0.912654
226.5 0.915606
226.6 0.915155
226.7 0.916485
226.8 0.916576
226.9 0.916266
227 0.91722
227.1 0.918196
227.2 0.920544
227.3 0.92159
227.4 0.919486
227.5 0.920018
227.6 0.919261
227.7 0.917401
227.8 0.919479
227.9 0.921728
228 0.920038
228.1 0.917913
228.2 0.917157
228.3 0.919285
228.4 0.919952
228.5 0.918764
228.6 0.918766
228.7 0.920108
228.8 0.919924
228.9 0.920521
229 0.918995
229.1 0.920332
229.2 0.919261
229.3 0.919973
229.4 0.919262
229.5 0.9189
229.6 0.917455
229.7 0.917615
229.8 0.917735
229.9 0.916871
230 0.914593
230.1 0.912341
230.2 0.911657
230.3 0.912112
230.4 0.911266
230.5 0.90699
230.6 0.907728
230.7 0.905428
230.8 0.902522
230.9 0.899917
231 0.898991
231.1 0.899273
231.2 0.89867
231.3 0.900176
231.4 0.900521
231.5 0.90242
231.6 0.899006
231.7 0.897184
231.8 0.898238
231.9 0.900942
232 0.901982
232.1 0.902188
232.2 0.904215
232.3 0.903634
232.4 0.90295
232.5 0.903563
232.6 0.902078
232.7 0.900739
232.8 0.903681
232.9 0.901418
233 0.895547
233.1 0.896857
233.2 0.896125
233.3 0.900852
233.4 0.900507
233.5 0.904711
233.6 0.906351
233.7 0.902062
233.8 0.902661
233.9 0.898183
234 0.89842
234.1 0.898491
234.2 0.894852
234.3 0.897479
234.4 0.898776
234.5 0.892967
234.6 0.891193
234.7 0.887029
234.8 0.893294
234.9 0.895801
235 0.893922
235.1 0.897108
235.2 0.898992
235.3 0.899686
235.4 0.901028
235.5 0.900808
235.6 0.897997
235.7 0.899459
235.8 0.901083
235.9 0.897897
236 0.896225
236.1 0.891534
236.2 0.891893
236.3 0.892028
236.4 0.894864
236.5 0.897685
236.6 0.893288
236.7 0.894434
236.8 0.893826
236.9 0.891314
237 0.888759
237.1 0.890992
237.2 0.892463
237.3 0.888935
237.4 0.890579
237.5 0.88817
237.6 0.882259
237.7 0.883199
237.8 0.880114
237.9 0.881995
238 0.883793
238.1 0.890227
238.2 0.888813
238.3 0.889094
238.4 0.886317
238.5 0.88738
238.6 0.88965
238.7 0.893211
238.8 0.891663
238.9 0.891517
239 0.891136
239.1 0.896255
239.2 0.894547
239.3 0.893009
239.4 0.892327
239.5 0.892807
239.6 0.888036
239.7 0.888203
239.8 0.88827
239.9 0.892061
240 0.894683
240.1 0.899299
240.2 0.899735
240.3 0.900157
240.4 0.900226
240.5 0.900315
240.6 0.894719
240.7 0.898544
240.8 0.898074
240.9 0.898437
241 0.904582
241.1 0.902103
241.2 0.901906
241.3 0.90259
241.4 0.902111
241.5 0.900214
241.6 0.89968
241.7 0.902605
241.8 0.902952
241.9 0.901777
242 0.904784
242.1 0.908664
242.2 0.906505
242.3 0.910818
242.4 0.911911
242.5 0.912479
242.6 0.912086
242.7 0.913908
242.8 0.914381
242.9 0.911409
243 0.909667
243.1 0.909461
243.2 0.909403
243.3 0.903339
243.4 0.903962
243.5 0.904697
243.6 0.904462
243.7 0.900914
243.8 0.899281
243.9 0.900676
244 0.899283
244.1 0.900092
244.2 0.898796
244.3 0.897984
244.4 0.897411
244.5 0.899257
244.6 0.898384
244.7 0.898607
244.8 0.898559
244.9 0.899416
245 0.898102
245.1 0.89924
245.2 0.89864
245.3 0.89928
245.4 0.900951
245.5 0.900177
245.6 0.90097
245.7 0.900238
245.8 0.902656
245.9 0.898427
246 0.900981
246.1 0.903318
246.2 0.9016
246.3 0.898895
246.4 0.896495
246.5 0.892019
246.6 0.892573
246.7 0.89327
246.8 0.895798
246.9 0.892085
247 0.891713
247.1 0.89195
247.2 0.891958
247.3 0.891199
247.4 0.892863
247.5 0.893038
247.6 0.891665
247.7 0.89281
247.8 0.892617
247.9 0.890337
248 0.890391
248.1 0.891042
248.2 0.890651
248.3 0.892418
248.4 0.892787
248.5 0.896775
248.6 0.898482
248.7 0.899611
248.8 0.905196
248.9 0.904216
249 0.904202
249.1 0.89903
249.2 0.895248
249.3 0.898473
249.4 0.898241
249.5 0.897302
249.6 0.896966
249.7 0.899671
249.8 0.90298
249.9 0.901292
250 0.898184
250.1 0.898363
250.2 0.898526
250.3 0.89766
250.4 0.900064
250.5 0.899481
250.6 0.897824
250.7 0.904265
250.8 0.903177
250.9 0.902096
251 0.901742
251.1 0.902994
251.2 0.901108
251.3 0.904774
251.4 0.90524
251.5 0.90167
251.6 0.900714
251.7 0.900441
251.8 0.900076
251.9 0.898049
252 0.897306
252.1 0.895032
252.2 0.893826
252.3 0.89497
252.4 0.892219
252.5 0.889775
252.6 0.893528
252.7 0.893259
252.8 0.89402
252.9 0.893728
253 0.892058
253.1 0.893336
253.2 0.893368
253.3 0.895178
253.4 0.895095
253.5 0.895829
253.6 0.897799
253.7 0.899995
253.8 0.899955
253.9 0.898657
254 0.900667
254.1 0.89957
254.2 0.898306
254.3 0.900519
254.4 0.900798
254.5 0.897903
254.6 0.899245
254.7 0.898426
254.8 0.89936
254.9 0.902109
255 0.898829
255.1 0.903046
255.2 0.902065
255.3 0.901287
255.4 0.903872
255.5 0.905732
255.6 0.907964
255.7 0.908172
255.8 0.911838
255.9 0.911113
256 0.91141
256.1 0.910997
256.2 0.906321
256.3 0.908453
256.4 0.909554
256.5 0.910456
256.6 0.911091
256.7 0.911451
256.8 0.914024
256.9 0.910569
257 0.909759
257.1 0.909803
257.2 0.910881
257.3 0.908391
257.4 0.906121
257.5 0.904024
257.6 0.904751
257.7 0.905559
257.8 0.904215
257.9 0.902797
258 0.902796
258.1 0.902757
258.2 0.89681
258.3 0.896822
258.4 0.901162
258.5 0.901013
258.6 0.902505
258.7 0.903672
258.8 0.906997
258.9 0.906853
259 0.909815
259.1 0.909765
259.2 0.908698
259.3 0.910633
259.4 0.911145
259.5 0.911273
259.6 0.909686
259.7 0.908918
259.8 0.909033
259.9 0.912053
260 0.915867
260.1 0.916267
260.2 0.918619
260.3 0.917431
260.4 0.913547
260.5 0.915036
260.6 0.917154
260.7 0.917974
260.8 0.917487
260.9 0.918434
261 0.919611
261.1 0.921132
261.2 0.91885
261.3 0.920807
261.4 0.922014
261.5 0.922239
261.6 0.921714
261.7 0.919899
261.8 0.917678
261.9 0.917457
262 0.916556
262.1 0.91938
262.2 0.922581
262.3 0.921365
262.4 0.921418
262.5 0.921466
262.6 0.922727
262.7 0.924586
262.8 0.924356
262.9 0.925725
263 0.922406
263.1 0.921255
263.2 0.918914
263.3 0.917058
263.4 0.917029
263.5 0.917878
263.6 0.91583
263.7 0.914486
263.8 0.915161
263.9 0.915421
264 0.9115
264.1 0.909915
264.2 0.913843
264.3 0.914255
264.4 0.912218
264.5 0.912541
264.6 0.912342
264.7 0.913109
264.8 0.915316
264.9 0.917734
265 0.91843
265.1 0.918554
265.2 0.920734
265.3 0.922011
265.4 0.918281
265.5 0.918257
265.6 0.918059
265.7 0.91783
265.8 0.918775
265.9 0.919693
266 0.920522
266.1 0.92306
266.2 0.925477
266.3 0.926119
266.4 0.925873
266.5 0.923819
266.6 0.923748
266.7 0.920995
266.8 0.920923
266.9 0.920592
267 0.921913
267.1 0.920419
267.2 0.920858
267.3 0.922773
267.4 0.921694
267.5 0.921466
267.6 0.919182
267.7 0.91885
267.8 0.919811
267.9 0.917391
268 0.916825
268.1 0.916448
268.2 0.917179
268.3 0.915125
268.4 0.915977
268.5 0.912831
268.6 0.91108
268.7 0.912984
268.8 0.914005
268.9 0.91122
269 0.911571
269.1 0.910292
269.2 0.908178
269.3 0.905618
269.4 0.904672
269.5 0.903444
269.6 0.903361
269.7 0.903585
269.8 0.907487
269.9 0.907574
270 0.905705
270.1 0.905276
270.2 0.905851
270.3 0.906656
270.4 0.90542
270.5 0.906504
270.6 0.904012
270.7 0.902763
270.8 0.902262
270.9 0.903208
271 0.904161
271.1 0.90526
271.2 0.901421
271.3 0.901067
271.4 0.903192
271.5 0.90296
271.6 0.901904
271.7 0.901132
271.8 0.904135
271.9 0.906181
272 0.907861
272.1 0.908561
272.2 0.909582
272.3 0.910801
272.4 0.91121
272.5 0.911258
272.6 0.915308
272.7 0.91247
272.8 0.909745
272.9 0.909321
273 0.90672
273.1 0.906761
273.2 0.904946
273.3 0.903827
273.4 0.900245
273.5 0.902557
273.6 0.901763
273.7 0.905087
273.8 0.904433
273.9 0.906931
274 0.903232
274.1 0.902752
274.2 0.904186
274.3 0.904238
274.4 0.907198
274.5 0.909512
274.6 0.908035
274.7 0.90588
274.8 0.905276
274.9 0.907615
275 0.907699
275.1 0.90762
275.2 0.904958
275.3 0.906048
275.4 0.905043
275.5 0.908579
275.6 0.907191
275.7 0.907412
275.8 0.909925
275.9 0.913996
276 0.911962
276.1 0.909478
276.2 0.909971
276.3 0.910777
276.4 0.910396
276.5 0.907199
276.6 0.908544
276.7 0.906638
276.8 0.906883
276.9 0.909527
277 0.911507
277.1 0.914341
277.2 0.914669
277.3 0.910893
277.4 0.909724
277.5 0.911019
277.6 0.914903
277.7 0.914429
277.8 0.915463
277.9 0.917552
278 0.919613
278.1 0.922017
278.2 0.923748
278.3 0.923832
278.4 0.924245
278.5 0.927056
278.6 0.930934
278.7 0.930722
278.8 0.933059
278.9 0.934327
279 0.936103
279.1 0.935898
279.2 0.931512
279.3 0.932325
279.4 0.928078
279.5 0.931227
279.6 0.932108
279.7 0.933768
279.8 0.930573
279.9 0.931628
280 0.930837
280.1 0.932137
280.2 0.932979
280.3 0.931335
280.4 0.929255
280.5 0.928136
280.6 0.926997
280.7 0.926445
280.8 0.926025
280.9 0.929003
281 0.931519
281.1 0.935734
281.2 0.935177
281.3 0.935703
281.4 0.931958
281.5 0.933319
281.6 0.931544
281.7 0.93248
281.8 0.931263
281.9 0.928133
282 0.927648
282.1 0.925057
282.2 0.927605
282.3 0.925924
282.4 0.927367
282.5 0.923847
282.6 0.92289
282.7 0.921657
282.8 0.920944
282.9 0.921177
283 0.921952
283.1 0.924521
283.2 0.92481
283.3 0.929436
283.4 0.928506
283.5 0.927617
283.6 0.926891
283.7 0.927559
283.8 0.929125
283.9 0.930274
284 0.931163
284.1 0.931179
284.2 0.931056
284.3 0.933875
284.4 0.93441
284.5 0.934475
284.6 0.933476
284.7 0.931499
284.8 0.932408
284.9 0.932859
285 0.934053
285.1 0.934388
285.2 0.934628
285.3 0.936183
285.4 0.933628
285.5 0.931077
285.6 0.927543
285.7 0.924093
285.8 0.923494
285.9 0.92188
286 0.922402
286.1 0.922188
286.2 0.921779
286.3 0.922409
286.4 0.921193
286.5 0.92054
286.6 0.924329
286.7 0.926188
286.8 0.924827
286.9 0.927692
287 0.927859
287.1 0.92963
287.2 0.930665
287.3 0.930607
287.4 0.933755
287.5 0.935583
287.6 0.934665
287.7 0.935265
287.8 0.933574
287.9 0.93297
288 0.933903
288.1 0.932818
288.2 0.932399
288.3 0.932455
288.4 0.931122
288.5 0.928734
288.6 0.926701
288.7 0.924421
288.8 0.922138
288.9 0.917336
289 0.917196
289.1 0.918316
289.2 0.918272
289.3 0.918063
289.4 0.922501
289.5 0.921675
289.6 0.922105
289.7 0.918828
289.8 0.913374
289.9 0.915738
290 0.914099
290.1 0.909677
290.2 0.910874
290.3 0.907429
290.4 0.907792
290.5 0.90918
290.6 0.909033
290.7 0.908679
290.8 0.90806
290.9 0.909295
291 0.912403
291.1 0.911007
291.2 0.911094
291.3 0.911366
291.4 0.91338
291.5 0.914949
291.6 0.914674
291.7 0.912508
291.8 0.913261
291.9 0.914915
292 0.909688
292.1 0.910545
292.2 0.909133
292.3 0.906692
292.4 0.911337
292.5 0.912241
292.6 0.914554
292.7 0.918808
292.8 0.916601
292.9 0.917037
293 0.918419
293.1 0.920716
293.2 0.91985
293.3 0.917767
293.4 0.915922
293.5 0.918096
293.6 0.916593
293.7 0.917336
293.8 0.917343
293.9 0.916198
294 0.914244
294.1 0.914691
294.2 0.914098
294.3 0.917433
294.4 0.91937
294.5 0.921246
294.6 0.919033
294.7 0.916901
294.8 0.917105
294.9 0.916429
295 0.91217
295.1 0.912074
295.2 0.911635
295.3 0.911722
295.4 0.912825
295.5 0.912824
295.6 0.913045
295.7 0.912486
295.8 0.915042
295.9 0.918855
296 0.920527
296.1 0.916686
296.2 0.919936
296.3 0.921357
296.4 0.923288
296.5 0.92508
296.6 0.924926
296.7 0.924446
296.8 0.924114
296.9 0.92515
297 0.925823
297.1 0.927271
297.2 0.924202
297.3 0.925722
297.4 0.927952
297.5 0.927456
297.6 0.926631
297.7 0.92887
297.8 0.92758
297.9 0.927968
298 0.927657
298.1 0.9265
298.2 0.926332
298.3 0.927378
298.4 0.926052
298.5 0.927657
298.6 0.927334
298.7 0.924684
298.8 0.925731
298.9 0.925401
299 0.925809
299.1 0.921916
299.2 0.91947
299.3 0.918332
299.4 0.920721
299.5 0.920515
299.6 0.921183
299.7 0.920456
299.8 0.917893
299.9 0.918557
300 0.919414
300.1 0.915643
300.2 0.920041
300.3 0.918689
300.4 0.91857
300.5 0.917976
300.6 0.915522
300.7 0.91604
300.8 0.918149
300.9 0.919123
301 0.914743
301.1 0.912463
301.2 0.909022
301.3 0.906897
301.4 0.907522
301.5 0.907616
301.6 0.903658
301.7 0.905523
301.8 0.905209
301.9 0.90504
302 0.907092
302.1 0.905597
302.2 0.908022
302.3 0.906782
302.4 0.906422
302.5 0.907851
302.6 0.908244
302.7 0.910165
302.8 0.906608
302.9 0.907767
303 0.907088
303.1 0.909132
303.2 0.909765
303.3 0.909822
303.4 0.911929
303.5 0.910869
303.6 0.916392
303.7 0.916709
303.8 0.918875
303.9 0.920935
304 0.920899
304.1 0.917039
304.2 0.919071
304.3 0.920331
304.4 0.918374
304.5 0.914745
304.6 0.911979
304.7 0.906258
304.8 0.908687
304.9 0.90971
305 0.906985
305.1 0.906732
305.2 0.907681
305.3 0.908006
305.4 0.907746
305.5 0.907641
305.6 0.910644
305.7 0.908711
305.8 0.909364
305.9 0.908021
306 0.906015
306.1 0.905387
306.2 0.9042
306.3 0.905109
306.4 0.905665
306.5 0.906739
306.6 0.908409
306.7 0.906999
306.8 0.906618
306.9 0.904712
307 0.906715
307.1 0.908083
307.2 0.909355
307.3 0.913562
307.4 0.908847
307.5 0.908285
307.6 0.911221
307.7 0.909754
307.8 0.911567
307.9 0.908186
308 0.906922
308.1 0.905863
308.2 0.908273
308.3 0.906915
308.4 0.905709
308.5 0.905093
308.6 0.905715
308.7 0.912109
308.8 0.917214
308.9 0.918362
309 0.917302
309.1 0.918707
309.2 0.915735
309.3 0.914358
309.4 0.910875
309.5 0.909512
309.6 0.912145
309.7 0.912405
309.8 0.913195
309.9 0.914233
310 0.911371
310.1 0.913674
310.2 0.912684
310.3 0.913696
310.4 0.914581
310.5 0.917923
310.6 0.920693
310.7 0.921202
310.8 0.924056
310.9 0.921537
311 0.922228
311.1 0.920608
311.2 0.921757
311.3 0.920852
311.4 0.921452
311.5 0.918119
311.6 0.918232
311.7 0.918314
311.8 0.916585
311.9 0.916267
312 0.915677
312.1 0.915907
312.2 0.917298
312.3 0.91793
312.4 0.917296
312.5 0.916864
312.6 0.920845
312.7 0.922841
312.8 0.920928
312.9 0.920928
313 0.917768
313.1 0.914693
313.2 0.915844
313.3 0.918019
313.4 0.916825
313.5 0.917114
313.6 0.919626
313.7 0.918263
313.8 0.918914
313.9 0.91743
314 0.917124
314.1 0.918186
314.2 0.917937
314.3 0.918978
314.4 0.919064
314.5 0.922743
314.6 0.921219
314.7 0.918593
314.8 0.917081
314.9 0.916436
315 0.919755
315.1 0.92141
315.2 0.92405
315.3 0.9259
315.4 0.924882
315.5 0.92568
315.6 0.925201
315.7 0.926594
315.8 0.925549
315.9 0.928213
316 0.926968
316.1 0.922689
316.2 0.920886
316.3 0.915635
316.4 0.912512
316.5 0.911046
316.6 0.911252
316.7 0.916405
316.8 0.914978
316.9 0.912228
317 0.912612
317.1 0.911336
317.2 0.910118
317.3 0.915119
317.4 0.915916
317.5 0.91357
317.6 0.912426
317.7 0.909567
317.8 0.907621
317.9 0.907591
318 0.907002
318.1 0.908232
318.2 0.910123
318.3 0.912148
318.4 0.911917
318.5 0.911548
318.6 0.913024
318.7 0.913322
318.8 0.912775
318.9 0.914222
319 0.913274
319.1 0.913654
319.2 0.908878
319.3 0.909312
319.4 0.910631
319.5 0.91221
319.6 0.914088
319.7 0.910708
319.8 0.910613
319.9 0.911794
320 0.90982
320.1 0.909176
320.2 0.909832
320.3 0.911465
320.4 0.909398
320.5 0.909389
320.6 0.908358
320.7 0.905791
320.8 0.904475
320.9 0.905513
321 0.907837
321.1 0.907045
321.2 0.909069
321.3 0.908266
321.4 0.908118
321.5 0.907883
321.6 0.907983
321.7 0.904477
321.8 0.905481
321.9 0.904527
322 0.906087
322.1 0.907664
322.2 0.909482
322.3 0.90622
322.4 0.911812
322.5 0.908562
322.6 0.906761
322.7 0.906774
322.8 0.909646
322.9 0.910706
323 0.908558
323.1 0.910908
323.2 0.913145
323.3 0.911513
323.4 0.912728
323.5 0.910186
323.6 0.909116
323.7 0.911296
323.8 0.911048
323.9 0.908958
324 0.910131
324.1 0.910013
324.2 0.909653
324.3 0.907256
324.4 0.906141
324.5 0.91061
324.6 0.910745
324.7 0.911988
324.8 0.912417
324.9 0.913872
325 0.91373
325.1 0.917605
325.2 0.921583
325.3 0.92226
325.4 0.923708
325.5 0.925237
325.6 0.927916
325.7 0.928937
325.8 0.927533
325.9 0.925501
326 0.926039
326.1 0.927241
326.2 0.928429
326.3 0.927076
326.4 0.928225
326.5 0.927663
326.6 0.929344
326.7 0.929228
326.8 0.931307
326.9 0.928998
327 0.928821
327.1 0.929282
327.2 0.930498
327.3 0.931027
327.4 0.93112
327.5 0.931589
327.6 0.932894
327.7 0.933439
327.8 0.934554
327.9 0.930239
328 0.931295
328.1 0.92867
328.2 0.926743
328.3 0.926393
328.4 0.929717
328.5 0.92853
328.6 0.928086
328.7 0.929432
328.8 0.92957
328.9 0.928843
329 0.929268
329.1 0.926125
329.2 0.926907
329.3 0.925057
329.4 0.921355
329.5 0.917934
329.6 0.925058
329.7 0.924451
329.8 0.923568
329.9 0.923928
330 0.927479
330.1 0.924925
330.2 0.923395
330.3 0.920631
330.4 0.921375
330.5 0.920705
330.6 0.91799
330.7 0.916035
330.8 0.916118
330.9 0.916168
331 0.917041
331.1 0.91641
331.2 0.91825
331.3 0.916088
331.4 0.917733
331.5 0.918052
331.6 0.915614
331.7 0.915979
331.8 0.922096
331.9 0.92391
332 0.921297
332.1 0.921343
332.2 0.92765
332.3 0.928744
332.4 0.928072
332.5 0.923923
332.6 0.926121
332.7 0.925744
332.8 0.926666
332.9 0.928706
333 0.927092
333.1 0.925952
333.2 0.928182
333.3 0.929492
333.4 0.93136
333.5 0.928575
333.6 0.926933
333.7 0.924889
333.8 0.923581
333.9 0.923356
334 0.923936
334.1 0.924789
334.2 0.924905
334.3 0.927206
334.4 0.926006
334.5 0.924467
334.6 0.922733
334.7 0.924544
334.8 0.926338
334.9 0.926276
335 0.921886
335.1 0.923793
335.2 0.926767
335.3 0.927073
335.4 0.925484
335.5 0.926779
335.6 0.92543
335.7 0.924476
335.8 0.924146
335.9 0.923521
336 0.921561
336.1 0.922088
336.2 0.922945
336.3 0.921862
336.4 0.920336
336.5 0.925012
336.6 0.924476
336.7 0.923099
336.8 0.922089
336.9 0.92473
337 0.924995
337.1 0.926089
337.2 0.926465
337.3 0.924215
337.4 0.921312
337.5 0.922056
337.6 0.919125
337.7 0.919313
337.8 0.917939
337.9 0.923468
338 0.91951
338.1 0.921558
338.2 0.918816
338.3 0.91945
338.4 0.919734
338.5 0.91895
338.6 0.922887
338.7 0.922655
338.8 0.920909
338.9 0.925039
339 0.925034
339.1 0.927741
339.2 0.930626
339.3 0.930274
339.4 0.92897
339.5 0.927007
339.6 0.928
339.7 0.92717
339.8 0.927774
339.9 0.927834
340 0.928452
340.1 0.926855
340.2 0.926825
340.3 0.925567
340.4 0.924691
340.5 0.92789
340.6 0.926325
340.7 0.924424
340.8 0.924698
340.9 0.926912
341 0.9295
341.1 0.927921
341.2 0.930679
341.3 0.932058
341.4 0.9331
341.5 0.932551
341.6 0.935443
341.7 0.933672
341.8 0.9321
341.9 0.931995
342 0.933056
342.1 0.934003
342.2 0.935454
342.3 0.933404
342.4 0.931683
342.5 0.933832
342.6 0.936846
342.7 0.93462
342.8 0.935906
342.9 0.934419
343 0.931175
343.1 0.929957
343.2 0.932378
343.3 0.929016
343.4 0.928859
343.5 0.92882
343.6 0.929867
343.7 0.928607
343.8 0.927564
343.9 0.92585
344 0.92627
344.1 0.924325
344.2 0.926089
344.3 0.925537
344.4 0.924026
344.5 0.925632
344.6 0.925592
344.7 0.924208
344.8 0.924049
344.9 0.928085
345 0.928121
345.1 0.928455
345.2 0.931175
345.3 0.930031
345.4 0.930601
345.5 0.93072
345.6 0.930466
345.7 0.93014
345.8 0.931955
345.9 0.932817
346 0.934337
346.1 0.932342
346.2 0.929736
346.3 0.92623
346.4 0.923067
346.5 0.923287
346.6 0.917065
346.7 0.916887
346.8 0.919246
346.9 0.91516
347 0.913578
347.1 0.912214
347.2 0.912775
347.3 0.912632
347.4 0.914907
347.5 0.913893
347.6 0.910376
347.7 0.912573
347.8 0.914499
347.9 0.910832
348 0.908382
348.1 0.910804
348.2 0.908102
348.3 0.910732
348.4 0.908794
348.5 0.913228
348.6 0.909617
348.7 0.911264
348.8 0.90885
348.9 0.910998
349 0.911119
349.1 0.914133
349.2 0.913993
349.3 0.916514
349.4 0.916523
349.5 0.915942
349.6 0.916084
349.7 0.919
349.8 0.916912
349.9 0.914955
350 0.916629
350.1 0.915828
350.2 0.913686
350.3 0.913558
350.4 0.913177
350.5 0.913417
350.6 0.910711
350.7 0.908312
350.8 0.906974
350.9 0.905477
351 0.902739
351.1 0.900458
351.2 0.902232
351.3 0.901036
351.4 0.901987
351.5 0.902915
351.6 0.901832
351.7 0.904415
351.8 0.901281
351.9 0.903636
352 0.904093
352.1 0.9044
352.2 0.906313
352.3 0.906741
352.4 0.910326
352.5 0.910566
352.6 0.91695
352.7 0.917789
352.8 0.914878
352.9 0.914613
353 0.916095
353.1 0.914037
353.2 0.916022
353.3 0.915649
353.4 0.920081
353.5 0.918123
353.6 0.919013
353.7 0.91952
353.8 0.920429
353.9 0.919193
354 0.916592
354.1 0.916481
354.2 0.917308
354.3 0.917765
354.4 0.917885
354.5 0.91784
354.6 0.918762
354.7 0.917331
354.8 0.917943
354.9 0.918804
355 0.918839
355.1 0.918204
355.2 0.917069
355.3 0.913746
355.4 0.913276
355.5 0.9138
355.6 0.908726
355.7 0.909016
355.8 0.909757
355.9 0.909387
356 0.908741
356.1 0.904823
356.2 0.904869
356.3 0.905704
356.4 0.904481
356.5 0.906375
356.6 0.904463
356.7 0.903334
356.8 0.904679
356.9 0.905124
357 0.903476
357.1 0.902387
357.2 0.902932
357.3 0.902711
357.4 0.901149
357.5 0.901469
357.6 0.903596
357.7 0.905864
357.8 0.905238
357.9 0.90266
358 0.901598
358.1 0.899633
358.2 0.900742
358.3 0.903434
358.4 0.904095
358.5 0.904457
358.6 0.901847
358.7 0.902321
358.8 0.90276
358.9 0.902844
359 0.904732
359.1 0.900458
359.2 0.900292
359.3 0.902015
359.4 0.898718
359.5 0.898161
359.6 0.898433
359.7 0.898314
359.8 0.898115
359.9 0.897541
360 0.898078
360.1 0.896106
360.2 0.895718
360.3 0.89497
360.4 0.895166
360.5 0.894075
360.6 0.897344
360.7 0.89482
360.8 0.89828
360.9 0.894342
361 0.897697
361.1 0.894191
361.2 0.895504
361.3 0.890749
361.4 0.891135
361.5 0.894806
361.6 0.896068
361.7 0.89387
361.8 0.890812
361.9 0.88807
362 0.889269
362.1 0.888776
362.2 0.888769
362.3 0.892376
362.4 0.894923
362.5 0.894701
362.6 0.893824
362.7 0.896049
362.8 0.894229
362.9 0.894415
363 0.895541
363.1 0.895913
363.2 0.895327
363.3 0.897354
363.4 0.896095
363.5 0.895066
363.6 0.895056
363.7 0.893905
363.8 0.889001
363.9 0.887499
364 0.89099
364.1 0.893693
364.2 0.897629
364.3 0.89791
364.4 0.899964
364.5 0.903776
364.6 0.908924
364.7 0.909416
364.8 0.912186
364.9 0.912306
365 0.913565
365.1 0.913284
365.2 0.914301
365.3 0.916203
365.4 0.916921
365.5 0.915459
365.6 0.915926
365.7 0.917063
365.8 0.91793
365.9 0.916772
366 0.914117
366.1 0.911958
366.2 0.910628
366.3 0.909564
366.4 0.908724
366.5 0.907512
366.6 0.907799
366.7 0.910014
366.8 0.907078
366.9 0.907259
367 0.906209
367.1 0.90546
367.2 0.903358
367.3 0.903931
367.4 0.904424
367.5 0.90588
367.6 0.908428
367.7 0.906949
367.8 0.905714
367.9 0.910852
368 0.910032
368.1 0.908584
368.2 0.910567
368.3 0.910031
368.4 0.910878
368.5 0.909039
368.6 0.912877
368.7 0.912075
368.8 0.912042
368.9 0.909341
369 0.907336
369.1 0.905375
369.2 0.905515
369.3 0.904328
369.4 0.905549
369.5 0.903133
369.6 0.90458
369.7 0.906988
369.8 0.908947
369.9 0.907545
370 0.904954
370.1 0.906275
370.2 0.906571
370.3 0.905566
370.4 0.903479
370.5 0.904646
370.6 0.902183
370.7 0.902889
370.8 0.905928
370.9 0.903505
371 0.901952
371.1 0.903285
371.2 0.905867
371.3 0.908137
371.4 0.907131
371.5 0.910115
371.6 0.911263
371.7 0.907293
371.8 0.904988
371.9 0.903301
372 0.905648
372.1 0.910653
372.2 0.910302
372.3 0.916569
372.4 0.916267
372.5 0.917618
372.6 0.916691
372.7 0.91498
372.8 0.916517
372.9 0.913976
373 0.913193
373.1 0.91383
373.2 0.911707
373.3 0.911135
373.4 0.910346
373.5 0.908671
373.6 0.908662
373.7 0.908644
373.8 0.910172
373.9 0.906872
374 0.90567
374.1 0.907807
374.2 0.908542
374.3 0.908164
374.4 0.908094
374.5 0.908657
374.6 0.909402
374.7 0.910373
374.8 0.912289
374.9 0.909356
375 0.908562
375.1 0.910601
375.2 0.910529
375.3 0.908072
375.4 0.902873
375.5 0.899331
375.6 0.900552
375.7 0.904887
375.8 0.908911
375.9 0.906424
376 0.906472
376.1 0.904529
376.2 0.903521
376.3 0.90165
376.4 0.901499
376.5 0.896761
376.6 0.89602
376.7 0.896207
376.8 0.894834
376.9 0.895323
377 0.899403
377.1 0.902969
377.2 0.90051
377.3 0.899097
377.4 0.90072
377.5 0.902933
377.6 0.905158
377.7 0.908778
377.8 0.905326
377.9 0.911228
378 0.912445
378.1 0.915267
378.2 0.918046
378.3 0.917878
378.4 0.919375
378.5 0.91579
378.6 0.91585
378.7 0.916572
378.8 0.91536
378.9 0.918248
379 0.917095
379.1 0.919552
379.2 0.91831
379.3 0.919858
379.4 0.917603
379.5 0.914729
379.6 0.917084
379.7 0.917214
379.8 0.918506
379.9 0.917147
380 0.917763
380.1 0.917347
380.2 0.915699
380.3 0.913336
380.4 0.91164
380.5 0.911884
380.6 0.90841
380.7 0.909772
380.8 0.912526
380.9 0.912338
381 0.912843
381.1 0.91364
381.2 0.912178
381.3 0.910071
381.4 0.90806
381.5 0.909701
381.6 0.912143
381.7 0.911659
381.8 0.909829
381.9 0.91057
382 0.911153
382.1 0.910662
382.2 0.914744
382.3 0.916281
382.4 0.920229
382.5 0.918395
382.6 0.920108
382.7 0.92035
382.8 0.920153
382.9 0.917693
383 0.915704
383.1 0.916591
383.2 0.920184
383.3 0.923398
383.4 0.924698
383.5 0.923092
383.6 0.923715
383.7 0.923023
383.8 0.920243
383.9 0.916765
384 0.915475
384.1 0.915853
384.2 0.914625
384.3 0.916893
384.4 0.917499
384.5 0.918753
384.6 0.919535
384.7 0.920943
384.8 0.922203
384.9 0.92046
385 0.925818
385.1 0.927579
385.2 0.927112
385.3 0.925417
385.4 0.926639
385.5 0.924697
385.6 0.923241
385.7 0.921813
385.8 0.91964
385.9 0.917833
386 0.920973
386.1 0.923309
386.2 0.921529
386.3 0.924212
386.4 0.921211
386.5 0.921777
386.6 0.919557
386.7 0.919046
386.8 0.91933
386.9 0.919763
387 0.921618
387.1 0.925831
387.2 0.926021
387.3 0.927253
387.4 0.92555
387.5 0.924205
387.6 0.924084
387.7 0.923831
387.8 0.926486
387.9 0.925057
388 0.927086
388.1 0.928906
388.2 0.928222
388.3 0.928559
388.4 0.928154
388.5 0.927763
388.6 0.926963
388.7 0.928513
388.8 0.928438
388.9 0.928007
389 0.927981
389.1 0.928332
389.2 0.926252
389.3 0.924652
389.4 0.92685
389.5 0.925459
389.6 0.922918
389.7 0.922615
389.8 0.921265
389.9 0.922734
390 0.919907
390.1 0.91509
390.2 0.915516
390.3 0.913621
390.4 0.911354
390.5 0.909269
390.6 0.909907
390.7 0.910368
390.8 0.911622
390.9 0.911004
391 0.912978
391.1 0.9141
391.2 0.911749
391.3 0.911973
391.4 0.909004
391.5 0.907928
391.6 0.909128
391.7 0.908466
391.8 0.905206
391.9 0.906462
392 0.90662
392.1 0.90572
392.2 0.905169
392.3 0.906338
392.4 0.907405
392.5 0.908863
392.6 0.911196
392.7 0.912821
392.8 0.915632
392.9 0.914516
393 0.91596
393.1 0.917606
393.2 0.912982
393.3 0.910018
393.4 0.910401
393.5 0.911643
393.6 0.914991
393.7 0.918322
393.8 0.917535
393.9 0.918384
394 0.921086
394.1 0.918468
394.2 0.920766
394.3 0.922368
394.4 0.92314
394.5 0.921642
394.6 0.919717
394.7 0.914529
394.8 0.911505
394.9 0.91214
395 0.910791
395.1 0.908717
395.2 0.9097
395.3 0.910366
395.4 0.909961
395.5 0.910261
395.6 0.910124
395.7 0.90949
395.8 0.911551
395.9 0.910727
396 0.912651
396.1 0.912668
396.2 0.91213
396.3 0.91219
396.4 0.910651
396.5 0.912818
396.6 0.91119
396.7 0.910117
396.8 0.911272
396.9 0.908204
397 0.911144
397.1 0.909603
397.2 0.910392
397.3 0.905097
397.4 0.904349
397.5 0.903404
397.6 0.904925
397.7 0.903232
397.8 0.901063
397.9 0.90286
398 0.898959
398.1 0.900554
398.2 0.900191
398.3 0.900041
398.4 0.89631
398.5 0.895496
398.6 0.896252
398.7 0.896794
398.8 0.897468
398.9 0.894709
399 0.89562
399.1 0.895498
399.2 0.895247
399.3 0.89405
399.4 0.891287
399.5 0.888966
399.6 0.885118
399.7 0.888044
399.8 0.892128
399.9 0.894334
400 0.894308
400.1 0.894014
400.2 0.896667
400.3 0.89724
400.4 0.901302
400.5 0.902743
400.6 0.90134
400.7 0.899736
400.8 0.898516
400.9 0.899537
401 0.8992
401.1 0.898117
401.2 0.895619
401.3 0.896478
401.4 0.89715
401.5 0.900384
401.6 0.905552
401.7 0.906958
401.8 0.906639
401.9 0.906921
402 0.908064
402.1 0.908261
402.2 0.911602
402.3 0.913363
402.4 0.914656
402.5 0.915883
402.6 0.91664
402.7 0.917945
402.8 0.917714
402.9 0.915777
403 0.917453
403.1 0.918716
403.2 0.920963
403.3 0.919704
403.4 0.919684
403.5 0.92061
403.6 0.921763
403.7 0.919528
403.8 0.917073
403.9 0.916509
404 0.916911
404.1 0.912525
404.2 0.914033
404.3 0.915096
404.4 0.914145
404.5 0.914013
404.6 0.913415
404.7 0.910636
404.8 0.907616
404.9 0.903869
405 0.901644
405.1 0.902543
405.2 0.900571
405.3 0.900802
405.4 0.901407
405.5 0.901228
405.6 0.90144
405.7 0.903722
405.8 0.907631
405.9 0.908816
406 0.908933
406.1 0.908693
406.2 0.907353
406.3 0.905077
406.4 0.904759
406.5 0.904736
406.6 0.904866
406.7 0.906033
406.8 0.907795
406.9 0.904283
407 0.906224
407.1 0.905638
407.2 0.906991
407.3 0.906521
407.4 0.905604
407.5 0.905304
407.6 0.906762
407.7 0.909408
407.8 0.909129
407.9 0.909214
408 0.911177
408.1 0.91154
408.2 0.90917
408.3 0.910627
408.4 0.910359
408.5 0.910295
408.6 0.909058
408.7 0.908885
408.8 0.909384
408.9 0.908716
409 0.904527
409.1 0.905113
409.2 0.907818
409.3 0.904231
409.4 0.901857
409.5 0.899577
409.6 0.899001
409.7 0.900442
409.8 0.899955
409.9 0.901682
410 0.897457
410.1 0.900452
410.2 0.898462
410.3 0.901525
410.4 0.90447
410.5 0.906063
410.6 0.903936
410.7 0.90392
410.8 0.906623
410.9 0.906126
411 0.904773
411.1 0.905129
411.2 0.903344
411.3 0.896815
411.4 0.900503
411.5 0.902595
411.6 0.902097
411.7 0.898815
411.8 0.897212
411.9 0.893018
412 0.89281
412.1 0.892037
412.2 0.892417
412.3 0.890145
412.4 0.890702
412.5 0.892073
412.6 0.895799
412.7 0.898303
412.8 0.894543
412.9 0.89454
413 0.895331
413.1 0.896662
413.2 0.899245
413.3 0.897754
413.4 0.897047
413.5 0.896733
413.6 0.898305
413.7 0.892488
413.8 0.892766
413.9 0.889602
414 0.886673
414.1 0.883271
414.2 0.885309
414.3 0.887486
414.4 0.887154
414.5 0.887554
414.6 0.887698
414.7 0.889173
414.8 0.887833
414.9 0.883402
415 0.882448
415.1 0.883283
415.2 0.886153
415.3 0.88322
415.4 0.882717
415.5 0.884679
415.6 0.887653
415.7 0.893322
415.8 0.890674
415.9 0.887833
416 0.886888
416.1 0.886943
416.2 0.891102
416.3 0.888861
416.4 0.89295
416.5 0.891353
416.6 0.890258
416.7 0.890068
416.8 0.891105
416.9 0.890173
417 0.891394
417.1 0.891659
417.2 0.891288
417.3 0.892963
417.4 0.893953
417.5 0.894242
417.6 0.891408
417.7 0.888237
417.8 0.886128
417.9 0.883398
418 0.883124
418.1 0.879262
418.2 0.880302
418.3 0.878958
418.4 0.879708
418.5 0.880629
418.6 0.883613
418.7 0.87891
418.8 0.880069
418.9 0.881516
419 0.87683
419.1 0.874534
419.2 0.874803
419.3 0.869966
419.4 0.868705
419.5 0.866752
419.6 0.86731
419.7 0.867425
419.8 0.869829
419.9 0.872157
420 0.871879
420.1 0.874315
420.2 0.871542
420.3 0.871827
420.4 0.870315
420.5 0.869008
420.6 0.868617
420.7 0.865196
420.8 0.864299
420.9 0.86241
421 0.864481
421.1 0.864998
421.2 0.864804
421.3 0.865672
421.4 0.867547
421.5 0.866279
421.6 0.869041
421.7 0.866629
421.8 0.871401
421.9 0.871342
422 0.873305
422.1 0.875451
422.2 0.876699
422.3 0.880013
422.4 0.882532
422.5 0.884485
422.6 0.889206
422.7 0.889624
422.8 0.888674
422.9 0.889765
423 0.891601
423.1 0.889236
423.2 0.886684
423.3 0.889328
423.4 0.888313
423.5 0.888317
423.6 0.890649
423.7 0.886233
423.8 0.888672
423.9 0.888562
424 0.884781
424.1 0.882397
424.2 0.882326
424.3 0.877732
424.4 0.874425
424.5 0.878246
424.6 0.87877
424.7 0.879689
424.8 0.883343
424.9 0.881275
425 0.883795
425.1 0.88592
425.2 0.884517
425.3 0.884641
425.4 0.885241
425.5 0.881129
425.6 0.881703
425.7 0.883867
425.8 0.881729
425.9 0.880721
426 0.880883
426.1 0.879226
426.2 0.879784
426.3 0.884275
426.4 0.884412
426.5 0.884793
426.6 0.885674
426.7 0.882786
426.8 0.883504
426.9 0.8802
427 0.881516
427.1 0.879359
427.2 0.880749
427.3 0.877802
427.4 0.876261
427.5 0.874474
427.6 0.876279
427.7 0.874237
427.8 0.873052
427.9 0.87516
428 0.875069
428.1 0.873387
428.2 0.875314
428.3 0.87085
428.4 0.871702
428.5 0.868854
428.6 0.874733
428.7 0.877286
428.8 0.880539
428.9 0.882834
429 0.885717
429.1 0.887056
429.2 0.886609
429.3 0.885126
429.4 0.884275
429.5 0.885736
429.6 0.88293
429.7 0.880221
429.8 0.876327
429.9 0.879526
430 0.880063
430.1 0.878849
430.2 0.880004
430.3 0.882102
430.4 0.88483
430.5 0.881877
430.6 0.885318
430.7 0.884578
430.8 0.882757
430.9 0.884608
431 0.886993
431.1 0.883307
431.2 0.883864
431.3 0.885307
431.4 0.885695
431.5 0.886622
431.6 0.887254
431.7 0.887249
431.8 0.885131
431.9 0.882093
432 0.884589
432.1 0.887025
432.2 0.88447
432.3 0.883089
432.4 0.881954
432.5 0.885099
432.6 0.884816
432.7 0.885837
432.8 0.8832
432.9 0.883134
433 0.883004
433.1 0.879059
433.2 0.884145
433.3 0.882894
433.4 0.88013
433.5 0.877599
433.6 0.878857
433.7 0.880631
433.8 0.884015
433.9 0.886837
434 0.886754
434.1 0.887279
434.2 0.886692
434.3 0.892618
434.4 0.893807
434.5 0.892352
434.6 0.892049
434.7 0.891748
434.8 0.888466
434.9 0.891433
435 0.890826
435.1 0.890298
435.2 0.890635
435.3 0.892126
435.4 0.893732
435.5 0.894006
435.6 0.898866
435.7 0.901627
435.8 0.904464
435.9 0.905817
436 0.901387
436.1 0.904374
436.2 0.905672
436.3 0.907766
436.4 0.907562
436.5 0.907061
436.6 0.908872
436.7 0.909309
436.8 0.908943
436.9 0.908905
437 0.910394
437.1 0.908226
437.2 0.908242
437.3 0.907921
437.4 0.908916
437.5 0.908727
437.6 0.909049
437.7 0.907955
437.8 0.907368
437.9 0.908516
438 0.910467
438.1 0.911445
438.2 0.912699
438.3 0.916111
438.4 0.916254
438.5 0.915597
438.6 0.919371
438.7 0.918848
438.8 0.919494
438.9 0.923819
439 0.926032
439.1 0.927253
439.2 0.927347
439.3 0.927049
439.4 0.928358
439.5 0.927639
439.6 0.925573
439.7 0.925931
439.8 0.92498
439.9 0.92583
440 0.923281
440.1 0.92233
440.2 0.922208
440.3 0.924281
440.4 0.923965
440.5 0.926657
440.6 0.928281
440.7 0.930696
440.8 0.932765
440.9 0.933944
441 0.935469
441.1 0.932184
441.2 0.935369
441.3 0.936489
441.4 0.935877
441.5 0.933764
441.6 0.932495
441.7 0.931015
441.8 0.929908
441.9 0.930631
442 0.928655
442.1 0.927644
442.2 0.92724
442.3 0.927157
442.4 0.927226
442.5 0.9286
442.6 0.928179
442.7 0.929459
442.8 0.929067
442.9 0.930875
443 0.931548
443.1 0.927834
443.2 0.928118
443.3 0.927222
443.4 0.924658
443.5 0.922661
443.6 0.92159
443.7 0.92065
443.8 0.920283
443.9 0.92187
444 0.921221
444.1 0.918604
444.2 0.92052
444.3 0.920161
444.4 0.920708
444.5 0.921258
444.6 0.919319
444.7 0.91935
444.8 0.917564
444.9 0.917464
445 0.919736
445.1 0.917249
445.2 0.917652
445.3 0.918347
445.4 0.916181
445.5 0.916652
445.6 0.915664
445.7 0.91515
445.8 0.914307
445.9 0.913409
446 0.913657
446.1 0.913142
446.2 0.91239
446.3 0.911743
446.4 0.912688
446.5 0.911121
446.6 0.909726
446.7 0.911827
446.8 0.906813
446.9 0.905212
447 0.90474
447.1 0.906231
447.2 0.907853
447.3 0.906675
447.4 0.909581
447.5 0.907336
447.6 0.902606
447.7 0.904061
447.8 0.90327
447.9 0.903908
448 0.901009
448.1 0.901727
448.2 0.899423
448.3 0.901602
448.4 0.897457
448.5 0.895598
448.6 0.894259
448.7 0.896033
448.8 0.893819
448.9 0.894982
449 0.893289
449.1 0.891191
449.2 0.885266
449.3 0.886726
449.4 0.890391
449.5 0.890777
449.6 0.893043
449.7 0.891094
449.8 0.894278
449.9 0.896838
450 0.897192
450.1 0.901134
450.2 0.89786
450.3 0.89805
450.4 0.896426
450.5 0.896661
450.6 0.896776
450.7 0.895653
450.8 0.895439
450.9 0.894994
451 0.89533
451.1 0.894438
451.2 0.895136
451.3 0.896502
451.4 0.900271
451.5 0.899984
451.6 0.898831
451.7 0.896158
451.8 0.897235
451.9 0.897641
452 0.895391
452.1 0.899105
452.2 0.89979
452.3 0.896674
452.4 0.895161
452.5 0.897935
452.6 0.898522
452.7 0.891821
452.8 0.892214
452.9 0.893015
453 0.894024
453.1 0.896683
453.2 0.899521
453.3 0.901474
453.4 0.902322
453.5 0.902029
453.6 0.902892
453.7 0.90265
453.8 0.898287
453.9 0.89776
454 0.897964
454.1 0.900331
454.2 0.898144
454.3 0.901387
454.4 0.906554
454.5 0.90916
454.6 0.907178
454.7 0.904335
454.8 0.902214
454.9 0.902876
455 0.904124
455.1 0.904815
455.2 0.902628
455.3 0.903064
455.4 0.90552
455.5 0.906437
455.6 0.906202
455.7 0.905729
455.8 0.907863
455.9 0.905688
456 0.901353
456.1 0.901584
456.2 0.902016
456.3 0.900241
456.4 0.899591
456.5 0.899336
456.6 0.898085
456.7 0.90058
456.8 0.898074
456.9 0.897935
457 0.897216
457.1 0.892353
457.2 0.894292
457.3 0.895372
457.4 0.89319
457.5 0.891005
457.6 0.89066
457.7 0.893855
457.8 0.890671
457.9 0.888424
458 0.88473
458.1 0.888029
458.2 0.884811
458.3 0.887852
458.4 0.886766
458.5 0.887341
458.6 0.884973
458.7 0.8886
458.8 0.887656
458.9 0.886454
459 0.889428
459.1 0.889215
459.2 0.88868
459.3 0.891776
459.4 0.892031
459.5 0.891679
459.6 0.890164
459.7 0.892085
459.8 0.892881
459.9 0.893759
460 0.894513
460.1 0.895297
460.2 0.896081
460.3 0.894879
460.4 0.896743
460.5 0.892527
460.6 0.895742
460.7 0.89666
460.8 0.893837
460.9 0.892043
461 0.889643
461.1 0.890632
461.2 0.888599
461.3 0.890777
461.4 0.892347
461.5 0.893276
461.6 0.889464
461.7 0.89058
461.8 0.890195
461.9 0.887428
462 0.885735
462.1 0.883541
462.2 0.883004
462.3 0.882006
462.4 0.880888
462.5 0.881427
462.6 0.883994
462.7 0.884462
462.8 0.88526
462.9 0.883757
463 0.882039
463.1 0.883951
463.2 0.882734
463.3 0.882248
463.4 0.885729
463.5 0.88837
463.6 0.889902
463.7 0.890774
463.8 0.892245
463.9 0.896131
464 0.896234
464.1 0.895406
464.2 0.895488
464.3 0.897122
464.4 0.896088
464.5 0.894339
464.6 0.893377
464.7 0.89364
464.8 0.895932
464.9 0.898121
465 0.896399
465.1 0.895748
465.2 0.897136
465.3 0.894402
465.4 0.892214
465.5 0.888897
465.6 0.892623
465.7 0.89595
465.8 0.895492
465.9 0.900076
466 0.902035
466.1 0.90523
466.2 0.906311
466.3 0.906559
466.4 0.907675
466.5 0.909951
466.6 0.908546
466.7 0.908539
466.8 0.90545
466.9 0.906488
467 0.906285
467.1 0.910088
467.2 0.909855
467.3 0.907258
467.4 0.905024
467.5 0.906139
467.6 0.904222
467.7 0.908141
467.8 0.908572
467.9 0.907047
468 0.907571
468.1 0.90604
468.2 0.906746
468.3 0.90991
468.4 0.911922
468.5 0.912159
468.6 0.913007
468.7 0.909085
468.8 0.908275
468.9 0.905654
469 0.905259
469.1 0.905151
469.2 0.904569
469.3 0.903312
469.4 0.908043
469.5 0.909148
469.6 0.911092
469.7 0.913388
469.8 0.913074
469.9 0.913066
470 0.912308
470.1 0.915372
470.2 0.916198
470.3 0.917572
470.4 0.918204
470.5 0.919426
470.6 0.919509
470.7 0.919477
470.8 0.916627
470.9 0.917077
471 0.918147
471.1 0.918132
471.2 0.91877
471.3 0.921615
471.4 0.923686
471.5 0.923116
471.6 0.925659
471.7 0.925927
471.8 0.926349
471.9 0.925926
472 0.924321
472.1 0.923549
472.2 0.923898
472.3 0.926944
472.4 0.925922
472.5 0.927231
472.6 0.926229
472.7 0.924475
472.8 0.924957
472.9 0.92756
473 0.927514
473.1 0.92875
473.2 0.92818
473.3 0.928469
473.4 0.924908
473.5 0.92187
473.6 0.921082
473.7 0.920797
473.8 0.924046
473.9 0.923259
474 0.923624
474.1 0.92364
474.2 0.922832
474.3 0.919901
474.4 0.921724
474.5 0.921785
474.6 0.919164
474.7 0.918927
474.8 0.918152
474.9 0.919558
475 0.920558
475.1 0.920866
475.2 0.918083
475.3 0.917524
475.4 0.919809
475.5 0.92292
475.6 0.923988
475.7 0.923407
475.8 0.925178
475.9 0.920497
476 0.920794
476.1 0.919058
476.2 0.921331
476.3 0.922707
476.4 0.924747
476.5 0.923724
476.6 0.922163
476.7 0.920769
476.8 0.921643
476.9 0.922759
477 0.924542
477.1 0.924741
477.2 0.925314
477.3 0.926234
477.4 0.926381
477.5 0.925764
477.6 0.92365
477.7 0.923034
477.8 0.922677
477.9 0.924706
478 0.924868
478.1 0.925516
478.2 0.924197
478.3 0.923503
478.4 0.919785
478.5 0.921461
478.6 0.923954
478.7 0.923346
478.8 0.92553
478.9 0.92799
479 0.929912
479.1 0.929068
479.2 0.929949
479.3 0.928619
479.4 0.92541
479.5 0.925097
479.6 0.926892
479.7 0.922946
479.8 0.9241
479.9 0.92376
480 0.923203
480.1 0.924179
480.2 0.92251
480.3 0.924331
480.4 0.925217
480.5 0.927079
480.6 0.928084
480.7 0.926045
480.8 0.926533
480.9 0.926714
481 0.926366
481.1 0.924717
481.2 0.926035
481.3 0.927467
481.4 0.929637
481.5 0.93209
481.6 0.935017
481.7 0.93685
481.8 0.936676
481.9 0.935547
482 0.936723
482.1 0.937118
482.2 0.938751
482.3 0.942829
482.4 0.942372
482.5 0.942746
482.6 0.942893
482.7 0.942426
482.8 0.939312
482.9 0.940765
483 0.941604
483.1 0.941466
483.2 0.940452
483.3 0.939363
483.4 0.939275
483.5 0.937504
483.6 0.938813
483.7 0.936809
483.8 0.933851
483.9 0.934474
484 0.933629
484.1 0.933188
484.2 0.92817
484.3 0.929216
484.4 0.925936
484.5 0.925535
484.6 0.926456
484.7 0.925691
484.8 0.92945
484.9 0.93085
485 0.928589
485.1 0.92787
485.2 0.925943
485.3 0.926804
485.4 0.927118
485.5 0.9318
485.6 0.931871
485.7 0.930604
485.8 0.930465
485.9 0.92698
486 0.927112
486.1 0.928932
486.2 0.929615
486.3 0.929641
486.4 0.931718
486.5 0.932145
486.6 0.930209
486.7 0.929198
486.8 0.931377
486.9 0.930742
487 0.928441
487.1 0.931553
487.2 0.929068
487.3 0.929084
487.4 0.927268
487.5 0.928502
487.6 0.929296
487.7 0.92902
487.8 0.929526
487.9 0.925802
488 0.925257
488.1 0.929035
488.2 0.926126
488.3 0.923434
488.4 0.918928
488.5 0.916618
488.6 0.917309
488.7 0.917532
488.8 0.920423
488.9 0.919641
489 0.924666
489.1 0.924033
489.2 0.924704
489.3 0.925566
489.4 0.929602
489.5 0.930689
489.6 0.929424
489.7 0.92854
489.8 0.927213
489.9 0.927334
490 0.9262
490.1 0.923562
490.2 0.92378
490.3 0.920514
490.4 0.917019
490.5 0.915473
490.6 0.914635
490.7 0.917085
490.8 0.919282
490.9 0.920255
491 0.920298
491.1 0.921551
491.2 0.921669
491.3 0.920599
491.4 0.920485
491.5 0.914997
491.6 0.913601
491.7 0.914341
491.8 0.916071
491.9 0.91525
492 0.917619
492.1 0.916838
492.2 0.919351
492.3 0.918157
492.4 0.918557
492.5 0.918489
492.6 0.923228
492.7 0.924882
492.8 0.925405
492.9 0.924897
493 0.921536
493.1 0.922002
493.2 0.920631
493.3 0.92437
493.4 0.92436
493.5 0.921916
493.6 0.921111
493.7 0.922242
493.8 0.920859
493.9 0.921594
494 0.921184
494.1 0.918481
494.2 0.91855
494.3 0.918824
494.4 0.919702
494.5 0.919708
494.6 0.918329
494.7 0.916757
494.8 0.919169
494.9 0.91976
495 0.917316
495.1 0.916767
495.2 0.916535
495.3 0.915288
495.4 0.916211
495.5 0.917968
495.6 0.920923
495.7 0.920349
495.8 0.921166
495.9 0.919122
496 0.919185
496.1 0.919838
496.2 0.915274
496.3 0.914004
496.4 0.913351
496.5 0.912002
496.6 0.911446
496.7 0.910338
496.8 0.910872
496.9 0.912445
497 0.912014
497.1 0.909506
497.2 0.913385
497.3 0.912931
497.4 0.913723
497.5 0.912796
497.6 0.909623
497.7 0.910142
497.8 0.910005
497.9 0.907802
498 0.90818
498.1 0.908434
498.2 0.90724
498.3 0.908202
498.4 0.910481
498.5 0.910873
498.6 0.911958
498.7 0.912259
498.8 0.913745
498.9 0.915108
499 0.915275
499.1 0.917133
499.2 0.91549
499.3 0.91613
499.4 0.918121
499.5 0.921978
499.6 0.923326
499.7 0.922591
499.8 0.919595
499.9 0.923643
