0 0.033815
0.1 0.0406982
0.2 0.035282
0.3 0.0515576
0.4 0.0686256
0.5 0.0762987
0.6 0.0857088
0.7 0.0952226
0.8 0.108514
0.9 0.118817
1 0.12857
1.1 0.13975
1.2 0.150031
1.3 0.15058
1.4 0.169597
1.5 0.18027
1.6 0.20051
1.7 0.217561
1.8 0.234504
1.9 0.225991
2 0.239798
2.1 0.241827
2.2 0.234319
2.3 0.243476
2.4 0.255223
2.5 0.260449
2.6 0.284917
2.7 0.288667
2.8 0.304439
2.9 0.306237
3 0.319887
3.1 0.342799
3.2 0.353476
3.3 0.368789
3.4 0.381481
3.5 0.392718
3.6 0.416636
3.7 0.425415
3.8 0.445701
3.9 0.465
4 0.465163
4.1 0.483803
4.2 0.503458
4.3 0.52271
4.4 0.536585
4.5 0.546617
4.6 0.56721
4.7 0.586611
4.8 0.601586
4.9 0.625027
5 0.64531
5.1 0.664215
5.2 0.686664
5.3 0.706523
5.4 0.715583
5.5 0.715019
5.6 0.726442
5.7 0.736673
5.8 0.752786
5.9 0.769176
6 0.787144
6.1 0.800538
6.2 0.814311
6.3 0.829217
6.4 0.837905
6.5 0.846754
6.6 0.854683
6.7 0.864254
6.8 0.87186
6.9 0.879249
7 0.885469
7.1 0.892069
7.2 0.89878
7.3 0.896431
7.4 0.903604
7.5 0.908263
7.6 0.912623
7.7 0.92082
7.8 0.923328
7.9 0.929279
8 0.931885
8.1 0.936807
8.2 0.93965
8.3 0.941476
8.4 0.945757
8.5 0.949566
8.6 0.946524
8.7 0.950307
8.8 0.949301
8.9 0.950788
9 0.954062
9.1 0.956248
9.2 0.957154
9.3 0.959742
9.4 0.961235
9.5 0.963789
9.6 0.96377
9.7 0.964092
9.8 0.965832
9.9 0.96642
10 0.967079
10.1 0.965994
10.2 0.967143
10.3 0.966611
10.4 0.966981
10.5 0.966423
10.6 0.964826
10.7 0.963292
10.8 0.966059
10.9 0.965792
11 0.965653
11.1 0.965514
11.2 0.965918
11.3 0.965924
11.4 0.965592
11.5 0.967117
11.6 0.965726
11.7 0.967318
11.8 0.968224
11.9 0.968913
12 0.965924
12.1 0.965902
12.2 0.96771
12.3 0.966471
12.4 0.965342
12.5 0.965623
12.6 0.964745
12.7 0.964096
12.8 0.965029
12.9 0.966885
13 0.965646
13.1 0.966674
13.2 0.966715
13.3 0.965527
13.4 0.966158
13.5 0.966756
13.6 0.966777
13.7 0.966977
13.8 0.967026
13.9 0.966952
14 0.966213
14.1 0.965929
14.2 0.967339
14.3 0.965247
14.4 0.965644
14.5 0.966051
14.6 0.965377
14.7 0.964686
14.8 0.965692
14.9 0.965058
15 0.966511
15.1 0.966106
15.2 0.966817
15.3 0.965685
15.4 0.9639
15.5 0.964181
15.6 0.965069
15.7 0.965501
15.8 0.965346
15.9 0.965341
16 0.964823
16.1 0.964453
16.2 0.964498
16.3 0.963028
16.4 0.965258
16.5 0.964862
16.6 0.96594
16.7 0.964381
16.8 0.964548
16.9 0.965765
17 0.966271
17.1 0.965854
17.2 0.966044
17.3 0.966054
17.4 0.965915
17.5 0.966008
17.6 0.966059
17.7 0.964864
17.8 0.963761
17.9 0.964868
18 0.965507
18.1 0.964978
18.2 0.965436
18.3 0.967468
18.4 0.966325
18.5 0.966098
18.6 0.964963
18.7 0.964422
18.8 0.966344
18.9 0.967532
19 0.967827
19.1 0.966683
19.2 0.966682
19.3 0.966048
19.4 0.96504
19.5 0.965414
19.6 0.962321
19.7 0.962137
19.8 0.961841
19.9 0.962723
20 0.961846
20.1 0.962505
20.2 0.961561
20.3 0.961932
20.4 0.960452
20.5 0.96123
20.6 0.960991
20.7 0.961703
20.8 0.963473
20.9 0.962457
21 0.962325
21.1 0.964045
21.2 0.963804
21.3 0.96338
21.4 0.964089
21.5 0.962451
21.6 0.9621
21.7 0.961595
21.8 0.960869
21.9 0.962329
22 0.963926
22.1 0.965041
22.2 0.966709
22.3 0.966958
22.4 0.965682
22.5 0.965969
22.6 0.965049
22.7 0.966621
22.8 0.966357
22.9 0.966191
23 0.965519
23.1 0.964965
23.2 0.966297
23.3 0.967009
23.4 0.966031
23.5 0.966827
23.6 0.966178
23.7 0.965368
23.8 0.967006
23.9 0.967142
24 0.967414
24.1 0.968417
24.2 0.968659
24.3 0.969452
24.4 0.967762
24.5 0.967575
24.6 0.968577
24.7 0.969359
24.8 0.968898
24.9 0.970433
25 0.969272
25.1 0.968541
25.2 0.96898
25.3 0.967397
25.4 0.965644
25.5 0.964887
25.6 0.964873
25.7 0.964323
25.8 0.965127
25.9 0.965295
26 0.964795
26.1 0.964123
26.2 0.964269
26.3 0.96455
26.4 0.966038
26.5 0.965126
26.6 0.966316
26.7 0.966358
26.8 0.966136
26.9 0.966641
27 0.966741
27.1 0.967405
27.2 0.967467
27.3 0.967182
27.4 0.967544
27.5 0.966301
27.6 0.966274
27.7 0.968242
27.8 0.966424
27.9 0.965945
28 0.967606
28.1 0.966586
28.2 0.967333
28.3 0.9675
28.4 0.967718
28.5 0.968279
28.6 0.968253
28.7 0.967886
28.8 0.967187
28.9 0.967907
29 0.965617
29.1 0.966087
29.2 0.963979
29.3 0.963975
29.4 0.965005
29.5 0.964458
29.6 0.962653
29.7 0.962649
29.8 0.964271
29.9 0.964411
30 0.964063
30.1 0.966483
30.2 0.967138
30.3 0.967648
30.4 0.966256
30.5 0.96453
30.6 0.963597
30.7 0.965445
30.8 0.964986
30.9 0.964292
31 0.963873
31.1 0.965514
31.2 0.965116
31.3 0.96573
31.4 0.967648
31.5 0.966833
31.6 0.965841
31.7 0.965259
31.8 0.96486
31.9 0.963828
32 0.963764
32.1 0.963899
32.2 0.962172
32.3 0.963522
32.4 0.96483
32.5 0.964954
32.6 0.96362
32.7 0.962698
32.8 0.962185
32.9 0.964168
33 0.964251
33.1 0.965139
33.2 0.965164
33.3 0.965721
33.4 0.966214
33.5 0.964357
33.6 0.963229
33.7 0.962289
33.8 0.962243
33.9 0.964296
34 0.962438
34.1 0.964171
34.2 0.965674
34.3 0.96746
34.4 0.968894
34.5 0.968292
34.6 0.967172
34.7 0.9672
34.8 0.966826
34.9 0.965953
35 0.966553
35.1 0.96463
35.2 0.964933
35.3 0.965365
35.4 0.965125
35.5 0.966052
35.6 0.965904
35.7 0.96638
35.8 0.965431
35.9 0.965591
36 0.963859
36.1 0.964354
36.2 0.964494
36.3 0.962187
36.4 0.96457
36.5 0.965236
36.6 0.964275
36.7 0.966308
36.8 0.96566
36.9 0.965722
37 0.965211
37.1 0.965017
37.2 0.965258
37.3 0.965833
37.4 0.967461
37.5 0.966413
37.6 0.966778
37.7 0.967623
37.8 0.968077
37.9 0.968342
38 0.965568
38.1 0.96511
38.2 0.965157
38.3 0.963842
38.4 0.963875
38.5 0.965374
38.6 0.965916
38.7 0.965027
38.8 0.964837
38.9 0.965477
39 0.964105
39.1 0.964573
39.2 0.961265
39.3 0.960364
39.4 0.96151
39.5 0.961324
39.6 0.963139
39.7 0.962927
39.8 0.963861
39.9 0.964289
40 0.964152
40.1 0.963434
40.2 0.962716
40.3 0.961198
40.4 0.963637
40.5 0.966283
40.6 0.96564
40.7 0.964923
40.8 0.965708
40.9 0.965621
41 0.967199
41.1 0.966787
41.2 0.965264
41.3 0.966162
41.4 0.964012
41.5 0.963835
41.6 0.965607
41.7 0.965294
41.8 0.964005
41.9 0.964036
42 0.965357
42.1 0.965764
42.2 0.966421
42.3 0.967112
42.4 0.967715
42.5 0.966663
42.6 0.967356
42.7 0.967916
42.8 0.966785
42.9 0.968218
43 0.969117
43.1 0.96747
43.2 0.96554
43.3 0.967425
43.4 0.968544
43.5 0.967135
43.6 0.965957
43.7 0.964428
43.8 0.963614
43.9 0.963517
44 0.965529
44.1 0.964997
44.2 0.966005
44.3 0.964884
44.4 0.964506
44.5 0.965197
44.6 0.965811
44.7 0.96576
44.8 0.965948
44.9 0.963826
45 0.965568
45.1 0.965278
45.2 0.965931
45.3 0.965986
45.4 0.966393
45.5 0.965552
45.6 0.964949
45.7 0.965412
45.8 0.967329
45.9 0.967519
46 0.967947
46.1 0.96557
46.2 0.966885
46.3 0.966329
46.4 0.966819
46.5 0.966304
46.6 0.96697
46.7 0.969054
46.8 0.968466
46.9 0.966381
47 0.965463
47.1 0.965012
47.2 0.966259
47.3 0.966943
47.4 0.967766
47.5 0.964889
47.6 0.963322
47.7 0.962573
47.8 0.964122
47.9 0.964498
48 0.966111
48.1 0.967713
48.2 0.96687
48.3 0.965888
48.4 0.966438
48.5 0.967066
48.6 0.9663
48.7 0.967075
48.8 0.966349
48.9 0.965144
49 0.966688
49.1 0.966419
49.2 0.965584
49.3 0.964379
49.4 0.965165
49.5 0.966126
49.6 0.96627
49.7 0.965728
49.8 0.966587
49.9 0.965619
50 0.966911
50.1 0.96651
50.2 0.964856
50.3 0.964808
50.4 0.964203
50.5 0.965692
50.6 0.963466
50.7 0.962645
50.8 0.962477
50.9 0.962356
51 0.963675
51.1 0.964468
51.2 0.963713
51.3 0.96508
51.4 0.966006
51.5 0.967327
51.6 0.967607
51.7 0.966617
51.8 0.965096
51.9 0.965657
52 0.96413
52.1 0.964633
52.2 0.964235
52.3 0.964167
52.4 0.964095
52.5 0.964664
52.6 0.963847
52.7 0.962895
52.8 0.96276
52.9 0.960798
53 0.960376
53.1 0.961565
53.2 0.961688
53.3 0.962655
53.4 0.961731
53.5 0.961896
53.6 0.960934
53.7 0.961554
53.8 0.960145
53.9 0.959467
54 0.957233
54.1 0.958721
54.2 0.958782
54.3 0.959358
54.4 0.959122
54.5 0.957812
54.6 0.958873
54.7 0.961842
54.8 0.962816
54.9 0.96237
55 0.964868
55.1 0.965333
55.2 0.965799
55.3 0.965378
55.4 0.96545
55.5 0.965349
55.6 0.964061
55.7 0.965834
55.8 0.967094
55.9 0.967591
56 0.964846
56.1 0.964752
56.2 0.963914
56.3 0.963245
56.4 0.961508
56.5 0.96211
56.6 0.962659
56.7 0.962187
56.8 0.96327
56.9 0.964776
57 0.96481
57.1 0.965734
57.2 0.966507
57.3 0.964654
57.4 0.966676
57.5 0.967469
57.6 0.968339
57.7 0.968904
57.8 0.969267
57.9 0.96896
58 0.969947
58.1 0.968975
58.2 0.968834
58.3 0.968482
58.4 0.967659
58.5 0.96802
58.6 0.966579
58.7 0.966661
58.8 0.965654
58.9 0.965978
59 0.967666
59.1 0.966825
59.2 0.967729
59.3 0.967833
59.4 0.967225
59.5 0.967262
59.6 0.966297
59.7 0.966417
59.8 0.967501
59.9 0.968814
60 0.969461
60.1 0.967137
60.2 0.967912
60.3 0.966768
60.4 0.96835
60.5 0.966986
60.6 0.966763
60.7 0.966052
60.8 0.966129
60.9 0.965993
61 0.964979
61.1 0.96712
61.2 0.967871
61.3 0.968106
61.4 0.967132
61.5 0.966201
61.6 0.96526
61.7 0.964716
61.8 0.962045
61.9 0.961565
62 0.961003
62.1 0.961043
62.2 0.964529
62.3 0.965985
62.4 0.965828
62.5 0.966953
62.6 0.966913
62.7 0.967282
62.8 0.965444
62.9 0.964314
63 0.963346
63.1 0.965695
63.2 0.965421
63.3 0.964434
63.4 0.964594
63.5 0.963715
63.6 0.962355
63.7 0.963479
63.8 0.962781
63.9 0.961306
64 0.963398
64.1 0.965932
64.2 0.964505
64.3 0.964416
64.4 0.965169
64.5 0.964637
64.6 0.963755
64.7 0.963589
64.8 0.963378
64.9 0.963753
65 0.963502
65.1 0.963632
65.2 0.964508
65.3 0.965887
65.4 0.9671
65.5 0.965869
65.6 0.965893
65.7 0.965642
65.8 0.967486
65.9 0.966209
66 0.965314
66.1 0.965086
66.2 0.964805
66.3 0.965541
66.4 0.966184
66.5 0.965738
66.6 0.965558
66.7 0.964832
66.8 0.96292
66.9 0.962991
67 0.963181
67.1 0.963919
67.2 0.96653
67.3 0.966438
67.4 0.967626
67.5 0.967563
67.6 0.964533
67.7 0.964829
67.8 0.966081
67.9 0.965465
68 0.964711
68.1 0.964989
68.2 0.964261
68.3 0.962991
68.4 0.962043
68.5 0.963196
68.6 0.961555
68.7 0.961505
68.8 0.963515
68.9 0.961701
69 0.962569
69.1 0.962046
69.2 0.962868
69.3 0.961336
69.4 0.961391
69.5 0.961856
69.6 0.961633
69.7 0.963251
69.8 0.963175
69.9 0.963429
70 0.964388
70.1 0.96396
70.2 0.965444
70.3 0.966281
70.4 0.965666
70.5 0.965037
70.6 0.964792
70.7 0.963997
70.8 0.965517
70.9 0.965638
71 0.966314
71.1 0.965487
71.2 0.966629
71.3 0.966529
71.4 0.965185
71.5 0.964432
71.6 0.966725
71.7 0.966792
71.8 0.965859
71.9 0.966468
72 0.967718
72.1 0.968112
72.2 0.966617
72.3 0.965876
72.4 0.966245
72.5 0.966932
72.6 0.967497
72.7 0.966734
72.8 0.966598
72.9 0.96592
73 0.96646
73.1 0.966408
73.2 0.966527
73.3 0.965864
73.4 0.96668
73.5 0.96376
73.6 0.964615
73.7 0.965189
73.8 0.965627
73.9 0.967188
74 0.967323
74.1 0.966449
74.2 0.96655
74.3 0.966839
74.4 0.967294
74.5 0.968064
74.6 0.967199
74.7 0.966626
74.8 0.965785
74.9 0.966133
75 0.96426
75.1 0.964793
75.2 0.96556
75.3 0.966783
75.4 0.966096
75.5 0.96537
75.6 0.965228
75.7 0.965706
75.8 0.965571
75.9 0.964649
76 0.966715
76.1 0.966085
76.2 0.964046
76.3 0.96655
76.4 0.966175
76.5 0.966585
76.6 0.967354
76.7 0.966689
76.8 0.966981
76.9 0.964588
77 0.966229
77.1 0.96527
77.2 0.964404
77.3 0.962423
77.4 0.963204
77.5 0.962219
77.6 0.962131
77.7 0.961718
77.8 0.96433
77.9 0.964401
78 0.966483
78.1 0.965746
78.2 0.964837
78.3 0.962861
78.4 0.962656
78.5 0.96283
78.6 0.962551
78.7 0.962117
78.8 0.961392
78.9 0.962671
79 0.963839
79.1 0.963663
79.2 0.96419
79.3 0.962217
79.4 0.96231
79.5 0.962346
79.6 0.962939
79.7 0.96567
79.8 0.967247
79.9 0.96726
80 0.967057
80.1 0.965087
80.2 0.966612
80.3 0.966038
80.4 0.965722
80.5 0.965766
80.6 0.965696
80.7 0.966077
80.8 0.966481
80.9 0.966917
81 0.966942
81.1 0.965911
81.2 0.964548
81.3 0.96643
81.4 0.965823
81.5 0.965639
81.6 0.966086
81.7 0.965656
81.8 0.964841
81.9 0.967211
82 0.966904
82.1 0.966142
82.2 0.966402
82.3 0.966072
82.4 0.966183
82.5 0.965754
82.6 0.96553
82.7 0.963572
82.8 0.965172
82.9 0.965858
83 0.964609
83.1 0.964317
83.2 0.963399
83.3 0.964402
83.4 0.963534
83.5 0.964714
83.6 0.964855
83.7 0.965975
83.8 0.96503
83.9 0.964974
84 0.963133
84.1 0.963581
84.2 0.965418
84.3 0.966218
84.4 0.965504
84.5 0.965126
84.6 0.965227
84.7 0.965036
84.8 0.966876
84.9 0.967702
85 0.967802
85.1 0.968332
85.2 0.967209
85.3 0.968014
85.4 0.967549
85.5 0.967808
85.6 0.965847
85.7 0.963641
85.8 0.9649
85.9 0.965472
86 0.96481
86.1 0.963164
86.2 0.96241
86.3 0.963085
86.4 0.962126
86.5 0.962182
86.6 0.961108
86.7 0.960754
86.8 0.961881
86.9 0.965104
87 0.964744
87.1 0.964596
87.2 0.964002
87.3 0.965126
87.4 0.964446
87.5 0.963323
87.6 0.960548
87.7 0.963728
87.8 0.964632
87.9 0.964348
88 0.961912
88.1 0.962756
88.2 0.963186
88.3 0.964142
88.4 0.96422
88.5 0.964016
88.6 0.963922
88.7 0.964799
88.8 0.964385
88.9 0.964978
89 0.965551
89.1 0.964535
89.2 0.962178
89.3 0.960188
89.4 0.96067
89.5 0.962239
89.6 0.964505
89.7 0.96474
89.8 0.965438
89.9 0.96421
90 0.964095
90.1 0.963899
90.2 0.963653
90.3 0.964879
90.4 0.965214
90.5 0.963876
90.6 0.962624
90.7 0.964825
90.8 0.964644
90.9 0.964456
91 0.964785
91.1 0.963393
91.2 0.962463
91.3 0.962688
91.4 0.963022
91.5 0.964746
91.6 0.965742
91.7 0.965769
91.8 0.965125
91.9 0.964903
92 0.964692
92.1 0.965381
92.2 0.964902
92.3 0.96441
92.4 0.964813
92.5 0.964626
92.6 0.965403
92.7 0.965574
92.8 0.964187
92.9 0.963587
93 0.965248
93.1 0.964183
93.2 0.963094
93.3 0.962315
93.4 0.962301
93.5 0.96228
93.6 0.961825
93.7 0.961752
93.8 0.962109
93.9 0.960982
94 0.961599
94.1 0.961601
94.2 0.961378
94.3 0.962812
94.4 0.961387
94.5 0.962009
94.6 0.960669
94.7 0.960923
94.8 0.959279
94.9 0.959261
95 0.960641
95.1 0.960778
95.2 0.961117
95.3 0.962644
95.4 0.963495
95.5 0.964787
95.6 0.965657
95.7 0.965301
95.8 0.964766
95.9 0.96604
96 0.964247
96.1 0.962798
96.2 0.965208
96.3 0.964
96.4 0.963889
96.5 0.964624
96.6 0.964312
96.7 0.965214
96.8 0.965643
96.9 0.964728
97 0.964541
97.1 0.963573
97.2 0.96288
97.3 0.963308
97.4 0.963207
97.5 0.961619
97.6 0.963145
97.7 0.961664
97.8 0.962563
97.9 0.963503
98 0.962951
98.1 0.963184
98.2 0.963603
98.3 0.964453
98.4 0.965682
98.5 0.963541
98.6 0.963871
98.7 0.966481
98.8 0.966186
98.9 0.96697
99 0.966671
99.1 0.965675
99.2 0.964645
99.3 0.965181
99.4 0.965968
99.5 0.967215
99.6 0.967638
99.7 0.96584
99.8 0.965475
99.9 0.96395
100 0.964842
100.1 0.964634
100.2 0.964967
100.3 0.967405
100.4 0.965387
100.5 0.967217
100.6 0.966764
100.7 0.966569
100.8 0.964805
100.9 0.967856
101 0.968209
101.1 0.966183
101.2 0.966807
101.3 0.967628
101.4 0.96878
101.5 0.968662
101.6 0.969645
101.7 0.969172
101.8 0.967351
101.9 0.9684
102 0.967699
102.1 0.966832
102.2 0.965959
102.3 0.965123
102.4 0.965103
102.5 0.967348
102.6 0.96975
102.7 0.968878
102.8 0.968814
102.9 0.968257
103 0.968755
103.1 0.967141
103.2 0.96668
103.3 0.966111
103.4 0.966623
103.5 0.9666
103.6 0.966574
103.7 0.965581
103.8 0.964884
103.9 0.965226
104 0.964167
104.1 0.965079
104.2 0.964864
104.3 0.965345
104.4 0.964859
104.5 0.9647
104.6 0.965636
104.7 0.963871
104.8 0.965412
104.9 0.966172
105 0.965186
105.1 0.96534
105.2 0.965814
105.3 0.964549
105.4 0.965298
105.5 0.965345
105.6 0.96378
105.7 0.964658
105.8 0.964663
105.9 0.963801
106 0.963403
106.1 0.961738
106.2 0.962179
106.3 0.96451
106.4 0.964818
106.5 0.964695
106.6 0.964579
106.7 0.964878
106.8 0.964225
106.9 0.964062
107 0.963545
107.1 0.962639
107.2 0.962621
107.3 0.964459
107.4 0.965625
107.5 0.965612
107.6 0.964714
107.7 0.965796
107.8 0.965433
107.9 0.966621
108 0.967534
108.1 0.966463
108.2 0.965588
108.3 0.963345
108.4 0.963147
108.5 0.962612
108.6 0.963449
108.7 0.964092
108.8 0.96392
108.9 0.96427
109 0.96575
109.1 0.966411
109.2 0.965773
109.3 0.966194
109.4 0.964991
109.5 0.966104
109.6 0.964275
109.7 0.965066
109.8 0.965278
109.9 0.964565
110 0.964447
110.1 0.965709
110.2 0.964898
110.3 0.965928
110.4 0.966174
110.5 0.965532
110.6 0.96585
110.7 0.966305
110.8 0.965907
110.9 0.965844
111 0.966125
111.1 0.966544
111.2 0.965365
111.3 0.963754
111.4 0.964163
111.5 0.964832
111.6 0.963103
111.7 0.964794
111.8 0.965201
111.9 0.964885
112 0.964259
112.1 0.965873
112.2 0.965957
112.3 0.964747
112.4 0.966244
112.5 0.965932
112.6 0.963755
112.7 0.962448
112.8 0.961902
112.9 0.962271
113 0.961623
113.1 0.960526
113.2 0.961344
113.3 0.961524
113.4 0.962477
113.5 0.963789
113.6 0.964455
113.7 0.963475
113.8 0.963457
113.9 0.964403
114 0.96457
114.1 0.9633
114.2 0.961821
114.3 0.960934
114.4 0.962695
114.5 0.963026
114.6 0.962954
114.7 0.963044
114.8 0.963217
114.9 0.961934
115 0.96088
115.1 0.96181
115.2 0.963212
115.3 0.963029
115.4 0.962872
115.5 0.962905
115.6 0.963496
115.7 0.962866
115.8 0.961684
115.9 0.962217
116 0.963003
116.1 0.962888
116.2 0.965086
116.3 0.965122
116.4 0.964121
116.5 0.963604
116.6 0.963998
116.7 0.96608
116.8 0.964943
116.9 0.966528
117 0.964485
117.1 0.964675
117.2 0.965393
117.3 0.96438
117.4 0.964071
117.5 0.965195
117.6 0.96444
117.7 0.965205
117.8 0.965046
117.9 0.965932
118 0.966948
118.1 0.965157
118.2 0.964223
118.3 0.963988
118.4 0.962805
118.5 0.962693
118.6 0.961365
118.7 0.960491
118.8 0.961481
118.9 0.960677
119 0.960655
119.1 0.961852
119.2 0.962367
119.3 0.961692
119.4 0.963674
119.5 0.964447
119.6 0.96566
119.7 0.965806
119.8 0.966982
119.9 0.967697
120 0.968048
120.1 0.968496
120.2 0.969759
120.3 0.967628
120.4 0.969087
120.5 0.968793
120.6 0.967713
120.7 0.967324
120.8 0.96687
120.9 0.964922
121 0.966041
121.1 0.966183
121.2 0.965219
121.3 0.966798
121.4 0.966495
121.5 0.965864
121.6 0.96717
121.7 0.965243
121.8 0.96728
121.9 0.967661
122 0.967791
122.1 0.967432
122.2 0.965927
122.3 0.963924
122.4 0.963915
122.5 0.966317
122.6 0.966675
122.7 0.966411
122.8 0.966425
122.9 0.965442
123 0.964741
123.1 0.965973
123.2 0.965426
123.3 0.965341
123.4 0.965017
123.5 0.965967
123.6 0.965552
123.7 0.967274
123.8 0.966521
123.9 0.966374
124 0.966617
124.1 0.966629
124.2 0.966022
124.3 0.968491
124.4 0.966884
124.5 0.966126
124.6 0.96613
124.7 0.964087
124.8 0.964813
124.9 0.963987
125 0.964799
125.1 0.964331
125.2 0.963736
125.3 0.962985
125.4 0.964152
125.5 0.965606
125.6 0.965002
125.7 0.964986
125.8 0.965675
125.9 0.966636
126 0.966006
126.1 0.966349
126.2 0.966769
126.3 0.966433
126.4 0.965089
126.5 0.966337
126.6 0.964874
126.7 0.963855
126.8 0.965838
126.9 0.966563
127 0.965402
127.1 0.965216
127.2 0.964927
127.3 0.965712
127.4 0.965002
127.5 0.964793
127.6 0.966222
127.7 0.965917
127.8 0.965437
127.9 0.965249
128 0.965181
128.1 0.964825
128.2 0.964435
128.3 0.965033
128.4 0.963949
128.5 0.965828
128.6 0.966131
128.7 0.96603
128.8 0.964777
128.9 0.96533
129 0.965031
129.1 0.965025
129.2 0.965302
129.3 0.965038
129.4 0.965175
129.5 0.965728
129.6 0.965838
129.7 0.966535
129.8 0.965664
129.9 0.965448
130 0.96544
130.1 0.965172
130.2 0.965298
130.3 0.965987
130.4 0.96578
130.5 0.966474
130.6 0.966466
130.7 0.966687
130.8 0.965076
130.9 0.964865
131 0.965449
131.1 0.965796
131.2 0.965463
131.3 0.96537
131.4 0.965478
131.5 0.967177
131.6 0.968579
131.7 0.967615
131.8 0.968615
131.9 0.967562
132 0.968238
132.1 0.967879
132.2 0.968711
132.3 0.96853
132.4 0.967652
132.5 0.966427
132.6 0.966026
132.7 0.966274
132.8 0.965344
132.9 0.964713
133 0.966687
133.1 0.966773
133.2 0.96734
133.3 0.967607
133.4 0.969143
133.5 0.970188
133.6 0.968899
133.7 0.967561
133.8 0.968747
133.9 0.967634
134 0.968404
134.1 0.967812
134.2 0.968807
134.3 0.968355
134.4 0.968738
134.5 0.969379
134.6 0.969323
134.7 0.968014
134.8 0.964977
134.9 0.963812
135 0.963629
135.1 0.96627
135.2 0.96495
135.3 0.964472
135.4 0.964553
135.5 0.96335
135.6 0.965493
135.7 0.963723
135.8 0.963102
135.9 0.963284
136 0.96436
136.1 0.964778
136.2 0.965224
136.3 0.963734
136.4 0.964306
136.5 0.964384
136.6 0.966097
136.7 0.966384
136.8 0.966015
136.9 0.964325
137 0.964073
137.1 0.965782
137.2 0.965801
137.3 0.966552
137.4 0.965276
137.5 0.963744
137.6 0.964844
137.7 0.964435
137.8 0.96483
137.9 0.964129
138 0.96365
138.1 0.966128
138.2 0.965519
138.3 0.96469
138.4 0.965152
138.5 0.964999
138.6 0.963623
138.7 0.962396
138.8 0.963919
138.9 0.963539
139 0.963937
139.1 0.964628
139.2 0.96499
139.3 0.96612
139.4 0.965903
139.5 0.966817
139.6 0.965787
139.7 0.96513
139.8 0.964411
139.9 0.96382
140 0.96406
140.1 0.962123
140.2 0.961775
140.3 0.962236
140.4 0.962597
140.5 0.964664
140.6 0.964488
140.7 0.963034
140.8 0.961915
140.9 0.961782
141 0.961266
141.1 0.962367
141.2 0.962758
141.3 0.96112
141.4 0.960258
141.5 0.962118
141.6 0.962235
141.7 0.96469
141.8 0.96426
141.9 0.964632
142 0.966583
142.1 0.965254
142.2 0.964806
142.3 0.965878
142.4 0.963685
142.5 0.963113
142.6 0.960958
142.7 0.962019
142.8 0.962212
142.9 0.963211
143 0.963341
143.1 0.964928
143.2 0.965993
143.3 0.964565
143.4 0.966052
143.5 0.964227
143.6 0.965169
143.7 0.964195
143.8 0.963643
143.9 0.962148
144 0.963066
144.1 0.962945
144.2 0.963707
144.3 0.963231
144.4 0.963822
144.5 0.963717
144.6 0.964912
144.7 0.964048
144.8 0.965347
144.9 0.965221
145 0.964758
145.1 0.963891
145.2 0.962741
145.3 0.960509
145.4 0.961927
145.5 0.961796
145.6 0.961868
145.7 0.961072
145.8 0.959838
145.9 0.960496
146 0.960694
146.1 0.960613
146.2 0.961891
146.3 0.962329
146.4 0.961528
146.5 0.961282
146.6 0.963268
146.7 0.964473
146.8 0.965378
146.9 0.964496
147 0.964126
147.1 0.965202
147.2 0.963384
147.3 0.963013
147.4 0.964348
147.5 0.963045
147.6 0.963429
147.7 0.962322
147.8 0.962458
147.9 0.962358
148 0.961683
148.1 0.961278
148.2 0.961282
148.3 0.960925
148.4 0.961304
148.5 0.964592
148.6 0.964607
148.7 0.964693
148.8 0.966649
148.9 0.965803
149 0.967072
149.1 0.967749
149.2 0.965179
149.3 0.965956
149.4 0.965278
149.5 0.96453
149.6 0.96492
149.7 0.965834
149.8 0.966812
149.9 0.966276
150 0.966577
150.1 0.966402
150.2 0.966452
150.3 0.966222
150.4 0.967516
150.5 0.967
150.6 0.964741
150.7 0.966154
150.8 0.966321
150.9 0.967334
151 0.965792
151.1 0.964512
151.2 0.965379
151.3 0.965648
151.4 0.967499
151.5 0.967803
151.6 0.967782
151.7 0.968464
151.8 0.969022
151.9 0.96943
152 0.969064
152.1 0.968495
152.2 0.96656
152.3 0.964867
152.4 0.962456
152.5 0.964884
152.6 0.964672
152.7 0.9662
152.8 0.966924
152.9 0.966391
153 0.966735
153.1 0.966656
153.2 0.966113
153.3 0.964907
153.4 0.96426
153.5 0.96643
153.6 0.967147
153.7 0.965802
153.8 0.965831
153.9 0.965152
154 0.966351
154.1 0.967417
154.2 0.967318
154.3 0.967996
154.4 0.969086
154.5 0.969786
154.6 0.968309
154.7 0.966491
154.8 0.965615
154.9 0.965418
155 0.966659
155.1 0.968567
155.2 0.966803
155.3 0.966521
155.4 0.96704
155.5 0.967849
155.6 0.967031
155.7 0.967322
155.8 0.966826
155.9 0.967883
156 0.966613
156.1 0.966797
156.2 0.965024
156.3 0.964306
156.4 0.96327
156.5 0.963145
156.6 0.963689
156.7 0.964625
156.8 0.965916
156.9 0.965915
157 0.965925
157.1 0.966964
157.2 0.966718
157.3 0.969058
157.4 0.967909
157.5 0.967581
157.6 0.96675
157.7 0.965358
157.8 0.96477
157.9 0.965609
158 0.964954
158.1 0.965501
158.2 0.966992
158.3 0.966812
158.4 0.965897
158.5 0.96301
158.6 0.963582
158.7 0.964468
158.8 0.96424
158.9 0.964882
159 0.962864
159.1 0.963687
159.2 0.964013
159.3 0.965712
159.4 0.967324
159.5 0.967137
159.6 0.967485
159.7 0.96448
159.8 0.963687
159.9 0.961737
160 0.96268
160.1 0.962645
160.2 0.96116
160.3 0.962492
160.4 0.963518
160.5 0.962994
160.6 0.962753
160.7 0.963975
160.8 0.963241
160.9 0.962346
161 0.964339
161.1 0.96454
161.2 0.963718
161.3 0.962634
161.4 0.963832
161.5 0.964174
161.6 0.964109
161.7 0.964521
161.8 0.964801
161.9 0.96561
162 0.966129
162.1 0.965817
162.2 0.965704
162.3 0.965966
162.4 0.964689
162.5 0.963746
162.6 0.965105
162.7 0.966128
162.8 0.966997
162.9 0.966679
163 0.966799
163.1 0.96769
163.2 0.966544
163.3 0.965781
163.4 0.965802
163.5 0.966777
163.6 0.96601
163.7 0.964238
163.8 0.965386
163.9 0.966273
164 0.966346
164.1 0.96822
164.2 0.967749
164.3 0.966828
164.4 0.967001
164.5 0.966516
164.6 0.966168
164.7 0.967312
164.8 0.967965
164.9 0.967071
165 0.965927
165.1 0.965408
165.2 0.965285
165.3 0.96535
165.4 0.966286
165.5 0.966341
165.6 0.96636
165.7 0.965916
165.8 0.965727
165.9 0.965788
166 0.966103
166.1 0.96704
166.2 0.967418
166.3 0.965895
166.4 0.964821
166.5 0.963902
166.6 0.965013
166.7 0.964684
166.8 0.963887
166.9 0.965217
167 0.966827
167.1 0.967344
167.2 0.96832
167.3 0.969751
167.4 0.967994
167.5 0.968039
167.6 0.96859
167.7 0.96829
167.8 0.968166
167.9 0.966251
168 0.964059
168.1 0.962472
168.2 0.963907
168.3 0.963992
168.4 0.964315
168.5 0.963027
168.6 0.9621
168.7 0.962057
168.8 0.962783
168.9 0.964575
169 0.965213
169.1 0.965045
169.2 0.96502
169.3 0.965401
169.4 0.96576
169.5 0.966257
169.6 0.966472
169.7 0.966573
169.8 0.965954
169.9 0.96724
170 0.965767
170.1 0.964389
170.2 0.965119
170.3 0.965298
170.4 0.964736
170.5 0.964135
170.6 0.964858
170.7 0.96652
170.8 0.967724
170.9 0.968017
171 0.968157
171.1 0.966968
171.2 0.967897
171.3 0.970523
171.4 0.970674
171.5 0.969468
171.6 0.969321
171.7 0.969231
171.8 0.967836
171.9 0.966326
172 0.965602
172.1 0.965073
172.2 0.964409
172.3 0.967952
172.4 0.965694
172.5 0.964859
172.6 0.965178
172.7 0.965593
172.8 0.967022
172.9 0.964953
173 0.965419
173.1 0.966295
173.2 0.967051
173.3 0.967698
173.4 0.968063
173.5 0.967212
173.6 0.966555
173.7 0.967092
173.8 0.966516
173.9 0.967606
174 0.968753
174.1 0.967014
174.2 0.966034
174.3 0.96484
174.4 0.962457
174.5 0.962388
174.6 0.963942
174.7 0.96544
174.8 0.964845
174.9 0.964468
175 0.962818
175.1 0.96292
175.2 0.9617
175.3 0.963588
175.4 0.9645
175.5 0.96498
175.6 0.96632
175.7 0.965703
175.8 0.965807
175.9 0.966713
176 0.964724
176.1 0.964629
176.2 0.964999
176.3 0.965788
176.4 0.965475
176.5 0.965103
176.6 0.964981
176.7 0.965994
176.8 0.966462
176.9 0.966819
177 0.966371
177.1 0.965634
177.2 0.964812
177.3 0.965645
177.4 0.966583
177.5 0.965479
177.6 0.967147
177.7 0.968727
177.8 0.967783
177.9 0.969376
178 0.968393
178.1 0.968345
178.2 0.9674
178.3 0.968275
178.4 0.967451
178.5 0.967295
178.6 0.966557
178.7 0.966861
178.8 0.966597
178.9 0.967727
179 0.969401
179.1 0.970387
179.2 0.970904
179.3 0.969348
179.4 0.96841
179.5 0.969195
179.6 0.968414
179.7 0.969857
179.8 0.967776
179.9 0.968324
180 0.967969
180.1 0.968271
180.2 0.966314
180.3 0.965563
180.4 0.965381
180.5 0.965843
180.6 0.964767
180.7 0.965662
180.8 0.965336
180.9 0.965834
181 0.965681
181.1 0.96614
181.2 0.965319
181.3 0.964806
181.4 0.9652
181.5 0.962911
181.6 0.96444
181.7 0.964925
181.8 0.965226
181.9 0.966364
182 0.965788
182.1 0.965943
182.2 0.965828
182.3 0.965736
182.4 0.965342
182.5 0.964991
182.6 0.964752
182.7 0.965646
182.8 0.96599
182.9 0.966314
183 0.965459
183.1 0.966086
183.2 0.965769
183.3 0.965519
183.4 0.965763
183.5 0.964174
183.6 0.965065
183.7 0.965568
183.8 0.96454
183.9 0.9649
184 0.965126
184.1 0.964088
184.2 0.964471
184.3 0.964402
184.4 0.964808
184.5 0.965346
184.6 0.964177
184.7 0.964555
184.8 0.964308
184.9 0.966413
185 0.965567
185.1 0.966095
185.2 0.964769
185.3 0.963787
185.4 0.96261
185.5 0.962517
185.6 0.963696
185.7 0.965264
185.8 0.966854
185.9 0.966203
186 0.966718
186.1 0.966701
186.2 0.966467
186.3 0.967021
186.4 0.965338
186.5 0.965877
186.6 0.967322
186.7 0.967739
186.8 0.967906
186.9 0.967755
187 0.968482
187.1 0.967227
187.2 0.965677
187.3 0.967701
187.4 0.968408
187.5 0.968473
187.6 0.968515
187.7 0.96674
187.8 0.966885
187.9 0.966731
188 0.967808
188.1 0.967378
188.2 0.966555
188.3 0.964756
188.4 0.9647
188.5 0.96364
188.6 0.965521
188.7 0.964901
188.8 0.965204
188.9 0.967841
189 0.968724
189.1 0.968879
189.2 0.967881
189.3 0.96725
189.4 0.966507
189.5 0.965671
189.6 0.964519
189.7 0.964649
189.8 0.964704
189.9 0.96512
190 0.965398
190.1 0.962877
190.2 0.965319
190.3 0.965883
190.4 0.966153
190.5 0.966706
190.6 0.965311
190.7 0.964407
190.8 0.966025
190.9 0.966272
191 0.965352
191.1 0.966853
191.2 0.965753
191.3 0.965892
191.4 0.96571
191.5 0.965182
191.6 0.963365
191.7 0.96108
191.8 0.960785
191.9 0.960752
192 0.960062
192.1 0.961039
192.2 0.961468
192.3 0.962166
192.4 0.962453
192.5 0.961761
192.6 0.962768
192.7 0.964848
192.8 0.965008
192.9 0.963649
193 0.964643
193.1 0.963675
193.2 0.963439
193.3 0.964155
193.4 0.964348
193.5 0.963775
193.6 0.961047
193.7 0.959809
193.8 0.959711
193.9 0.959905
194 0.961177
194.1 0.961703
194.2 0.96036
194.3 0.959765
194.4 0.960923
194.5 0.960144
194.6 0.960114
194.7 0.959365
194.8 0.959128
194.9 0.959488
195 0.960226
195.1 0.960746
195.2 0.961347
195.3 0.961318
195.4 0.962029
195.5 0.960181
195.6 0.96138
195.7 0.962461
195.8 0.963201
195.9 0.962992
196 0.962242
196.1 0.961906
196.2 0.962795
196.3 0.963678
196.4 0.963111
196.5 0.964211
196.6 0.965615
196.7 0.965816
196.8 0.965736
196.9 0.966511
197 0.967437
197.1 0.96575
197.2 0.964886
197.3 0.964856
197.4 0.964972
197.5 0.964361
197.6 0.964981
197.7 0.964663
197.8 0.964672
197.9 0.966059
198 0.96636
198.1 0.965458
198.2 0.965406
198.3 0.96458
198.4 0.964584
198.5 0.963736
198.6 0.965373
198.7 0.966828
198.8 0.964454
198.9 0.965671
199 0.965274
199.1 0.965559
199.2 0.964767
199.3 0.964522
199.4 0.964617
199.5 0.968216
199.6 0.96888
199.7 0.967679
199.8 0.96757
199.9 0.967007
200 0.965094
200.1 0.965452
200.2 0.96511
200.3 0.963393
200.4 0.964711
200.5 0.965155
200.6 0.964387
200.7 0.963661
200.8 0.964636
200.9 0.96518
201 0.966799
201.1 0.966472
201.2 0.966106
201.3 0.966865
201.4 0.965412
201.5 0.965786
201.6 0.966497
201.7 0.966635
201.8 0.966606
201.9 0.967353
202 0.967068
202.1 0.967019
202.2 0.966709
202.3 0.96657
202.4 0.96704
202.5 0.969064
202.6 0.96749
202.7 0.966462
202.8 0.966305
202.9 0.965803
203 0.965043
203.1 0.965478
203.2 0.965805
203.3 0.965775
203.4 0.965491
203.5 0.966706
203.6 0.966321
203.7 0.964408
203.8 0.964169
203.9 0.96346
204 0.964758
204.1 0.963328
204.2 0.963563
204.3 0.963793
204.4 0.96645
204.5 0.965569
204.6 0.964437
204.7 0.966459
204.8 0.966583
204.9 0.967501
205 0.966201
205.1 0.965321
205.2 0.965396
205.3 0.968465
205.4 0.968623
205.5 0.96749
205.6 0.965328
205.7 0.965708
205.8 0.965106
205.9 0.964045
206 0.963917
206.1 0.965653
206.2 0.965084
206.3 0.965322
206.4 0.964651
206.5 0.965958
206.6 0.966172
206.7 0.966185
206.8 0.965326
206.9 0.965613
207 0.963454
207.1 0.964717
207.2 0.965386
207.3 0.965298
207.4 0.964818
207.5 0.963605
207.6 0.962178
207.7 0.963054
207.8 0.96229
207.9 0.961594
208 0.959591
208.1 0.960786
208.2 0.961371
208.3 0.962055
208.4 0.962374
208.5 0.964255
208.6 0.966301
208.7 0.965248
208.8 0.965085
208.9 0.965412
209 0.964658
209.1 0.965675
209.2 0.965224
209.3 0.96593
209.4 0.966544
209.5 0.965466
209.6 0.965373
209.7 0.964319
209.8 0.964513
209.9 0.966213
210 0.965827
210.1 0.967321
210.2 0.966085
210.3 0.965599
210.4 0.965987
210.5 0.966759
210.6 0.964664
210.7 0.963448
210.8 0.9645
210.9 0.965112
211 0.965898
211.1 0.96399
211.2 0.964063
211.3 0.963829
211.4 0.965493
211.5 0.968061
211.6 0.967094
211.7 0.968258
211.8 0.968284
211.9 0.966136
212 0.965648
212.1 0.966682
212.2 0.967573
212.3 0.966242
212.4 0.964159
212.5 0.965401
212.6 0.965303
212.7 0.965731
212.8 0.965356
212.9 0.964195
213 0.964536
213.1 0.964673
213.2 0.963994
213.3 0.964526
213.4 0.963324
213.5 0.962957
213.6 0.961948
213.7 0.962421
213.8 0.963888
213.9 0.965107
214 0.966917
214.1 0.966366
214.2 0.967414
214.3 0.96701
214.4 0.966214
214.5 0.966222
214.6 0.965605
214.7 0.9666
214.8 0.964446
214.9 0.961999
215 0.963689
215.1 0.964649
215.2 0.964354
215.3 0.965545
215.4 0.963671
215.5 0.964557
215.6 0.964339
215.7 0.964623
215.8 0.964994
215.9 0.964257
216 0.963626
216.1 0.964594
216.2 0.963832
216.3 0.96554
216.4 0.965761
216.5 0.9645
216.6 0.964129
216.7 0.963837
216.8 0.963765
216.9 0.963548
217 0.962978
217.1 0.963707
217.2 0.965383
217.3 0.966852
217.4 0.967684
217.5 0.966897
217.6 0.965513
217.7 0.964503
217.8 0.964334
217.9 0.965331
218 0.965181
218.1 0.963177
218.2 0.96282
218.3 0.963337
218.4 0.962019
218.5 0.963427
218.6 0.962673
218.7 0.963176
218.8 0.962751
218.9 0.964029
219 0.96281
219.1 0.963007
219.2 0.963938
219.3 0.964387
219.4 0.963891
219.5 0.963179
219.6 0.964435
219.7 0.962784
219.8 0.964063
219.9 0.96495
220 0.963503
220.1 0.964838
220.2 0.963913
220.3 0.963797
220.4 0.964828
220.5 0.964759
220.6 0.963141
220.7 0.963099
220.8 0.962652
220.9 0.963771
221 0.962905
221.1 0.964723
221.2 0.964672
221.3 0.964995
221.4 0.965402
221.5 0.964522
221.6 0.964864
221.7 0.965173
221.8 0.965792
221.9 0.965552
222 0.965855
222.1 0.964603
222.2 0.963718
222.3 0.965216
222.4 0.964914
222.5 0.964782
222.6 0.965774
222.7 0.964527
222.8 0.965432
222.9 0.967245
223 0.967283
223.1 0.967716
223.2 0.967419
223.3 0.966166
223.4 0.964473
223.5 0.9637
223.6 0.96508
223.7 0.964104
223.8 0.962271
223.9 0.960914
224 0.960971
224.1 0.961255
224.2 0.962811
224.3 0.96417
224.4 0.964523
224.5 0.9649
224.6 0.964481
224.7 0.965709
224.8 0.964571
224.9 0.965259
225 0.966083
225.1 0.964044
225.2 0.965197
225.3 0.965149
225.4 0.965139
225.5 0.965908
225.6 0.966941
225.7 0.967824
225.8 0.967476
225.9 0.969042
226 0.968086
226.1 0.968483
226.2 0.969687
226.3 0.969109
226.4 0.968164
226.5 0.968225
226.6 0.966382
226.7 0.96689
226.8 0.967233
226.9 0.965867
227 0.965705
227.1 0.966666
227.2 0.968041
227.3 0.969388
227.4 0.968721
227.5 0.967926
227.6 0.968514
227.7 0.969153
227.8 0.969147
227.9 0.968686
228 0.967839
228.1 0.968143
228.2 0.968899
228.3 0.967596
228.4 0.968344
228.5 0.966921
228.6 0.966844
228.7 0.965661
228.8 0.964664
228.9 0.964116
229 0.966667
229.1 0.965974
229.2 0.965953
229.3 0.965352
229.4 0.964394
229.5 0.964331
229.6 0.965736
229.7 0.962931
229.8 0.962687
229.9 0.964798
230 0.965614
230.1 0.966542
230.2 0.966368
230.3 0.965515
230.4 0.966225
230.5 0.965819
230.6 0.965941
230.7 0.964493
230.8 0.965056
230.9 0.966665
231 0.966014
231.1 0.964485
231.2 0.964625
231.3 0.963573
231.4 0.963539
231.5 0.96584
231.6 0.965904
231.7 0.965933
231.8 0.966308
231.9 0.965307
232 0.965041
232.1 0.966176
232.2 0.966438
232.3 0.965949
232.4 0.966038
232.5 0.965212
232.6 0.966658
232.7 0.965372
232.8 0.964691
232.9 0.966121
233 0.966949
233.1 0.966598
233.2 0.965631
233.3 0.966296
233.4 0.966955
233.5 0.968776
233.6 0.967687
233.7 0.96703
233.8 0.968075
233.9 0.967814
234 0.966239
234.1 0.966898
234.2 0.966172
234.3 0.967019
234.4 0.966011
234.5 0.964774
234.6 0.964652
234.7 0.965713
234.8 0.966463
234.9 0.964969
235 0.965162
235.1 0.965801
235.2 0.966152
235.3 0.964848
235.4 0.965649
235.5 0.965517
235.6 0.965735
235.7 0.965721
235.8 0.965446
235.9 0.965024
236 0.965384
236.1 0.967143
236.2 0.965789
236.3 0.966024
236.4 0.965226
236.5 0.966982
236.6 0.965366
236.7 0.964004
236.8 0.963121
236.9 0.962274
237 0.962642
237.1 0.961916
237.2 0.962216
237.3 0.963443
237.4 0.965878
237.5 0.965076
237.6 0.963016
237.7 0.963143
237.8 0.963567
237.9 0.962176
238 0.962225
238.1 0.962418
238.2 0.960831
238.3 0.961747
238.4 0.962788
238.5 0.962578
238.6 0.962555
238.7 0.963047
238.8 0.96369
238.9 0.96351
239 0.964744
239.1 0.965004
239.2 0.964548
239.3 0.964607
239.4 0.964722
239.5 0.964502
239.6 0.965106
239.7 0.967813
239.8 0.967974
239.9 0.967508
240 0.967234
240.1 0.967446
240.2 0.967747
240.3 0.966242
240.4 0.965981
240.5 0.965732
240.6 0.965659
240.7 0.964506
240.8 0.963215
240.9 0.962312
241 0.963676
241.1 0.963043
241.2 0.963127
241.3 0.963911
241.4 0.963033
241.5 0.964912
241.6 0.96415
241.7 0.964636
241.8 0.965045
241.9 0.964466
242 0.964008
242.1 0.9648
242.2 0.963778
242.3 0.963446
242.4 0.964536
242.5 0.966548
242.6 0.965469
242.7 0.967374
242.8 0.966118
242.9 0.968713
243 0.967196
243.1 0.965835
243.2 0.964686
243.3 0.966058
243.4 0.96766
243.5 0.968266
243.6 0.966691
243.7 0.967198
243.8 0.965523
243.9 0.965129
244 0.965261
244.1 0.965162
244.2 0.964974
244.3 0.965818
244.4 0.965377
244.5 0.965221
244.6 0.965363
244.7 0.965785
244.8 0.965321
244.9 0.96378
245 0.962563
245.1 0.962909
245.2 0.964538
245.3 0.962616
245.4 0.963445
245.5 0.964153
245.6 0.964175
245.7 0.963423
245.8 0.963534
245.9 0.963383
246 0.962879
246.1 0.961385
246.2 0.962073
246.3 0.962627
246.4 0.963595
246.5 0.964824
246.6 0.963769
246.7 0.965755
246.8 0.964856
246.9 0.965496
247 0.96673
247.1 0.966652
247.2 0.966761
247.3 0.967175
247.4 0.966748
247.5 0.966797
247.6 0.967006
247.7 0.966818
247.8 0.967119
247.9 0.967254
248 0.965479
248.1 0.965798
248.2 0.966327
248.3 0.96532
248.4 0.965013
248.5 0.965433
248.6 0.966468
248.7 0.966791
248.8 0.967651
248.9 0.967011
249 0.964737
249.1 0.965257
249.2 0.965073
249.3 0.966344
249.4 0.965933
249.5 0.965903
249.6 0.965063
249.7 0.966715
249.8 0.96599
249.9 0.966296
250 0.966564
250.1 0.965995
250.2 0.96522
250.3 0.965462
250.4 0.966571
250.5 0.966336
250.6 0.966508
250.7 0.966276
250.8 0.966403
250.9 0.963232
251 0.962608
251.1 0.963984
251.2 0.966209
251.3 0.965671
251.4 0.96607
251.5 0.96573
251.6 0.965228
251.7 0.965867
251.8 0.965974
251.9 0.965068
252 0.965952
252.1 0.965017
252.2 0.966125
252.3 0.966487
252.4 0.964913
252.5 0.966183
252.6 0.965316
252.7 0.966998
252.8 0.966417
252.9 0.964318
253 0.963216
253.1 0.963053
253.2 0.964111
253.3 0.964154
253.4 0.965024
253.5 0.966271
253.6 0.965839
253.7 0.96666
253.8 0.967179
253.9 0.968665
254 0.968606
254.1 0.967804
254.2 0.967815
254.3 0.967562
254.4 0.967256
254.5 0.967097
254.6 0.966544
254.7 0.965764
254.8 0.966531
254.9 0.965932
255 0.966058
255.1 0.966814
255.2 0.967493
255.3 0.966195
255.4 0.966171
255.5 0.966336
255.6 0.966925
255.7 0.966213
255.8 0.96426
255.9 0.964495
256 0.965003
256.1 0.965623
256.2 0.966492
256.3 0.965441
256.4 0.966215
256.5 0.965038
256.6 0.963634
256.7 0.962674
256.8 0.962592
256.9 0.965438
257 0.964419
257.1 0.964505
257.2 0.963835
257.3 0.964991
257.4 0.964151
257.5 0.963777
257.6 0.963101
257.7 0.963648
257.8 0.963115
257.9 0.962949
258 0.9648
258.1 0.965579
258.2 0.964526
258.3 0.963867
258.4 0.964213
258.5 0.965374
258.6 0.966601
258.7 0.965102
258.8 0.964733
258.9 0.964999
259 0.965827
259.1 0.964648
259.2 0.964196
259.3 0.964792
259.4 0.966196
259.5 0.96736
259.6 0.966733
259.7 0.96711
259.8 0.964928
259.9 0.965702
260 0.964811
260.1 0.96427
260.2 0.962644
260.3 0.96333
260.4 0.963564
260.5 0.965229
260.6 0.964047
260.7 0.964627
260.8 0.964262
260.9 0.964427
261 0.964114
261.1 0.965154
261.2 0.966811
261.3 0.967781
261.4 0.968566
261.5 0.967541
261.6 0.9666
261.7 0.966909
261.8 0.968315
261.9 0.965281
262 0.965439
262.1 0.965808
262.2 0.965589
262.3 0.965167
262.4 0.964873
262.5 0.96691
262.6 0.967998
262.7 0.967649
262.8 0.966486
262.9 0.964873
263 0.965899
263.1 0.967205
263.2 0.965889
263.3 0.964627
263.4 0.963479
263.5 0.963352
263.6 0.96333
263.7 0.96324
263.8 0.964653
263.9 0.963887
264 0.962861
264.1 0.963112
264.2 0.964612
264.3 0.965705
264.4 0.965684
264.5 0.966998
264.6 0.965805
264.7 0.965985
264.8 0.966028
264.9 0.966791
265 0.966298
265.1 0.96452
265.2 0.965252
265.3 0.964746
265.4 0.963658
265.5 0.964042
265.6 0.965558
265.7 0.967243
265.8 0.966727
265.9 0.965832
266 0.966383
266.1 0.966204
266.2 0.966202
266.3 0.965549
266.4 0.96624
266.5 0.96597
266.6 0.965984
266.7 0.965789
266.8 0.966254
266.9 0.966362
267 0.965873
267.1 0.965114
267.2 0.967018
267.3 0.96784
267.4 0.967742
267.5 0.967835
267.6 0.966442
267.7 0.966304
267.8 0.966939
267.9 0.9648
268 0.96604
268.1 0.965622
268.2 0.965671
268.3 0.963446
268.4 0.96464
268.5 0.963359
268.6 0.96319
268.7 0.963398
268.8 0.963313
268.9 0.962358
269 0.963558
269.1 0.965045
269.2 0.965148
269.3 0.9671
269.4 0.966951
269.5 0.968596
269.6 0.969186
269.7 0.969322
269.8 0.968384
269.9 0.967609
270 0.967327
270.1 0.968082
270.2 0.966919
270.3 0.967896
270.4 0.967829
270.5 0.968212
270.6 0.967329
270.7 0.966984
270.8 0.966303
270.9 0.966167
271 0.966958
271.1 0.968573
271.2 0.967193
271.3 0.96609
271.4 0.967216
271.5 0.967966
271.6 0.967377
271.7 0.968158
271.8 0.968221
271.9 0.968129
272 0.96782
272.1 0.96629
272.2 0.966779
272.3 0.967043
272.4 0.964716
272.5 0.964055
272.6 0.966085
272.7 0.966466
272.8 0.965625
272.9 0.96538
273 0.967455
273.1 0.966886
273.2 0.966797
273.3 0.966242
273.4 0.965444
273.5 0.967041
273.6 0.964577
273.7 0.965912
273.8 0.96434
273.9 0.962892
274 0.962123
274.1 0.961995
274.2 0.961536
274.3 0.962714
274.4 0.961386
274.5 0.959652
274.6 0.960963
274.7 0.958989
274.8 0.960446
274.9 0.96043
275 0.961851
275.1 0.961852
275.2 0.961229
275.3 0.962407
275.4 0.962247
275.5 0.961926
275.6 0.962678
275.7 0.962782
275.8 0.962569
275.9 0.962386
276 0.963404
276.1 0.963805
276.2 0.962986
276.3 0.964177
276.4 0.964209
276.5 0.96453
276.6 0.963769
276.7 0.964258
276.8 0.963883
276.9 0.963642
277 0.964846
277.1 0.966351
277.2 0.967474
277.3 0.966038
277.4 0.963832
277.5 0.964871
277.6 0.964887
277.7 0.964825
277.8 0.964408
277.9 0.965046
278 0.965067
278.1 0.964083
278.2 0.963933
278.3 0.964109
278.4 0.964632
278.5 0.9643
278.6 0.964449
278.7 0.966522
278.8 0.965246
278.9 0.966098
279 0.966175
279.1 0.967031
279.2 0.96533
279.3 0.96591
279.4 0.966865
279.5 0.967703
279.6 0.967556
279.7 0.967928
279.8 0.968557
279.9 0.968832
280 0.967118
280.1 0.968141
280.2 0.965615
280.3 0.966207
280.4 0.966345
280.5 0.965571
280.6 0.966575
280.7 0.96681
280.8 0.966179
280.9 0.965649
281 0.966652
281.1 0.966023
281.2 0.967269
281.3 0.969361
281.4 0.968304
281.5 0.968765
281.6 0.968664
281.7 0.968341
281.8 0.968788
281.9 0.967593
282 0.966299
282.1 0.96423
282.2 0.966887
282.3 0.966293
282.4 0.964967
282.5 0.962577
282.6 0.962984
282.7 0.962714
282.8 0.96422
282.9 0.964462
283 0.965999
283.1 0.966164
283.2 0.966557
283.3 0.966355
283.4 0.965102
283.5 0.963426
283.6 0.96181
283.7 0.964846
283.8 0.965485
283.9 0.96337
284 0.965201
284.1 0.964886
284.2 0.963697
284.3 0.963639
284.4 0.964875
284.5 0.965408
284.6 0.964491
284.7 0.965342
284.8 0.966921
284.9 0.964573
285 0.965137
285.1 0.965412
285.2 0.964354
285.3 0.965051
285.4 0.96644
285.5 0.965364
285.6 0.965302
285.7 0.965782
285.8 0.964156
285.9 0.965535
286 0.967247
286.1 0.967548
286.2 0.966089
286.3 0.966879
286.4 0.967789
286.5 0.967048
286.6 0.965672
286.7 0.965114
286.8 0.965403
286.9 0.965168
287 0.964748
287.1 0.962113
287.2 0.962237
287.3 0.963192
287.4 0.964561
287.5 0.964452
287.6 0.962107
287.7 0.963166
287.8 0.962617
287.9 0.963599
288 0.964531
288.1 0.964671
288.2 0.964883
288.3 0.964618
288.4 0.966306
288.5 0.966695
288.6 0.966344
288.7 0.964902
288.8 0.964745
288.9 0.965002
289 0.966721
289.1 0.965953
289.2 0.964368
289.3 0.96232
289.4 0.960654
289.5 0.963418
289.6 0.964341
289.7 0.962275
289.8 0.960669
289.9 0.960331
290 0.960933
290.1 0.960027
290.2 0.961722
290.3 0.960651
290.4 0.961423
290.5 0.96187
290.6 0.963725
290.7 0.964072
290.8 0.966127
290.9 0.9687
291 0.96995
291.1 0.968226
291.2 0.96777
291.3 0.969744
291.4 0.967848
291.5 0.967673
291.6 0.968261
291.7 0.967426
291.8 0.966774
291.9 0.965286
292 0.964171
292.1 0.962686
292.2 0.963333
292.3 0.961962
292.4 0.961496
292.5 0.963196
292.6 0.962638
292.7 0.962925
292.8 0.962964
292.9 0.964835
293 0.965057
293.1 0.966294
293.2 0.967022
293.3 0.966215
293.4 0.965165
293.5 0.966409
293.6 0.964942
293.7 0.965492
293.8 0.966118
293.9 0.966335
294 0.966106
294.1 0.965086
294.2 0.964268
294.3 0.962354
294.4 0.962175
294.5 0.964062
294.6 0.963791
294.7 0.96499
294.8 0.965134
294.9 0.963657
295 0.963303
295.1 0.962088
295.2 0.962263
295.3 0.963225
295.4 0.964235
295.5 0.963947
295.6 0.965131
295.7 0.965684
295.8 0.964579
295.9 0.964629
296 0.965305
296.1 0.964825
296.2 0.96493
296.3 0.966309
296.4 0.96539
296.5 0.967361
296.6 0.967716
296.7 0.967895
296.8 0.96696
296.9 0.964301
297 0.962285
297.1 0.965728
297.2 0.96591
297.3 0.96467
297.4 0.964771
297.5 0.965804
297.6 0.964589
297.7 0.962721
297.8 0.963686
297.9 0.964631
298 0.964328
298.1 0.964932
298.2 0.96519
298.3 0.964977
298.4 0.965226
298.5 0.967046
298.6 0.965491
298.7 0.96493
298.8 0.964633
298.9 0.963003
299 0.964192
299.1 0.963765
299.2 0.963462
299.3 0.963344
299.4 0.962992
299.5 0.966013
299.6 0.964511
299.7 0.964707
299.8 0.963847
299.9 0.9639
300 0.964398
300.1 0.964335
300.2 0.965559
300.3 0.965612
300.4 0.965629
300.5 0.963876
300.6 0.965698
300.7 0.966494
300.8 0.965369
300.9 0.964892
301 0.964997
301.1 0.96534
301.2 0.965372
301.3 0.964766
301.4 0.966811
301.5 0.964916
301.6 0.963641
301.7 0.964179
301.8 0.964018
301.9 0.962829
302 0.963002
302.1 0.963255
302.2 0.963562
302.3 0.963616
302.4 0.962889
302.5 0.963655
302.6 0.96328
302.7 0.963634
302.8 0.963504
302.9 0.964883
303 0.963397
303.1 0.9639
303.2 0.962721
303.3 0.963657
303.4 0.962861
303.5 0.962231
303.6 0.963313
303.7 0.964712
303.8 0.965074
303.9 0.965386
304 0.964991
304.1 0.965033
304.2 0.965173
304.3 0.965129
304.4 0.965473
304.5 0.965648
304.6 0.965895
304.7 0.965578
304.8 0.964722
304.9 0.964606
305 0.963398
305.1 0.963335
305.2 0.962128
305.3 0.963971
305.4 0.963367
305.5 0.965406
305.6 0.96639
305.7 0.96697
305.8 0.96472
305.9 0.964437
306 0.962777
306.1 0.962472
306.2 0.961217
306.3 0.961864
306.4 0.962315
306.5 0.96394
306.6 0.963339
306.7 0.963058
306.8 0.962697
306.9 0.962818
307 0.963857
307.1 0.963468
307.2 0.961636
307.3 0.963502
307.4 0.964291
307.5 0.963725
307.6 0.963761
307.7 0.964176
307.8 0.964475
307.9 0.964358
308 0.964966
308.1 0.966396
308.2 0.966652
308.3 0.966529
308.4 0.966624
308.5 0.966084
308.6 0.964881
308.7 0.963678
308.8 0.965163
308.9 0.964646
309 0.964577
309.1 0.964509
309.2 0.963896
309.3 0.964722
309.4 0.964802
309.5 0.965239
309.6 0.964875
309.7 0.962194
309.8 0.963111
309.9 0.964946
310 0.965541
310.1 0.965813
310.2 0.966601
310.3 0.966775
310.4 0.967438
310.5 0.96707
310.6 0.968113
310.7 0.96899
310.8 0.96934
310.9 0.969399
311 0.969045
311.1 0.967933
311.2 0.96828
311.3 0.968808
311.4 0.966947
311.5 0.96644
311.6 0.967273
311.7 0.966917
311.8 0.966312
311.9 0.963814
312 0.965274
312.1 0.965629
312.2 0.965966
312.3 0.968588
312.4 0.967418
312.5 0.967614
312.6 0.966262
312.7 0.966218
312.8 0.967322
312.9 0.966736
313 0.966964
313.1 0.967741
313.2 0.967374
313.3 0.967594
313.4 0.968321
313.5 0.967958
313.6 0.968667
313.7 0.968846
313.8 0.968941
313.9 0.969469
314 0.968811
314.1 0.968507
314.2 0.968468
314.3 0.968754
314.4 0.967655
314.5 0.967522
314.6 0.967216
314.7 0.966093
314.8 0.967407
314.9 0.966351
315 0.965263
315.1 0.965273
315.2 0.965899
315.3 0.968119
315.4 0.968421
315.5 0.969199
315.6 0.968992
315.7 0.967231
315.8 0.968469
315.9 0.967724
316 0.966676
316.1 0.9651
316.2 0.964414
316.3 0.964224
316.4 0.963341
316.5 0.963367
316.6 0.964344
316.7 0.964034
316.8 0.962507
316.9 0.961428
317 0.962415
317.1 0.962081
317.2 0.961945
317.3 0.96288
317.4 0.962028
317.5 0.96135
317.6 0.961326
317.7 0.963713
317.8 0.963847
317.9 0.965742
318 0.96346
318.1 0.962991
318.2 0.963263
318.3 0.96448
318.4 0.965194
318.5 0.965566
318.6 0.966376
318.7 0.96608
318.8 0.9661
318.9 0.967978
319 0.967129
319.1 0.967976
319.2 0.966247
319.3 0.965606
319.4 0.966311
319.5 0.966828
319.6 0.96723
319.7 0.965626
319.8 0.964985
319.9 0.965297
320 0.96632
320.1 0.965487
320.2 0.964627
320.3 0.963254
320.4 0.961791
320.5 0.962456
320.6 0.963359
320.7 0.962233
320.8 0.962201
320.9 0.962339
321 0.962271
321.1 0.961786
321.2 0.960774
321.3 0.960311
321.4 0.959772
321.5 0.959667
321.6 0.961529
321.7 0.961941
321.8 0.963152
321.9 0.963828
322 0.96418
322.1 0.962957
322.2 0.961579
322.3 0.963599
322.4 0.964358
322.5 0.963438
322.6 0.964444
322.7 0.964341
322.8 0.964629
322.9 0.96569
323 0.96457
323.1 0.964217
323.2 0.965232
323.3 0.964867
323.4 0.965273
323.5 0.965811
323.6 0.965629
323.7 0.966317
323.8 0.965637
323.9 0.966623
324 0.966791
324.1 0.966634
324.2 0.966326
324.3 0.967768
324.4 0.966039
324.5 0.964385
324.6 0.964376
324.7 0.962022
324.8 0.961167
324.9 0.962216
325 0.962243
325.1 0.96402
325.2 0.96253
325.3 0.962292
325.4 0.962156
325.5 0.962181
325.6 0.962531
325.7 0.963365
325.8 0.963863
325.9 0.963684
326 0.963141
326.1 0.963591
326.2 0.966054
326.3 0.966976
326.4 0.965507
326.5 0.96422
326.6 0.965617
326.7 0.965219
326.8 0.964872
326.9 0.965402
327 0.965974
327.1 0.967517
327.2 0.9671
327.3 0.969732
327.4 0.968019
327.5 0.966125
327.6 0.966754
327.7 0.968332
327.8 0.967901
327.9 0.967231
328 0.966025
328.1 0.964667
328.2 0.963746
328.3 0.964848
328.4 0.96528
328.5 0.962823
328.6 0.962367
328.7 0.962469
328.8 0.961537
328.9 0.960827
329 0.961651
329.1 0.962473
329.2 0.964038
329.3 0.965426
329.4 0.966197
329.5 0.967538
329.6 0.967095
329.7 0.96609
329.8 0.966225
329.9 0.9642
330 0.966553
330.1 0.964685
330.2 0.965489
330.3 0.966406
330.4 0.966674
330.5 0.965712
330.6 0.965082
330.7 0.965462
330.8 0.964315
330.9 0.965639
331 0.967365
331.1 0.967376
331.2 0.966286
331.3 0.965645
331.4 0.965522
331.5 0.965699
331.6 0.968034
331.7 0.966525
331.8 0.966605
331.9 0.965454
332 0.965101
332.1 0.96518
332.2 0.968118
332.3 0.967228
332.4 0.967345
332.5 0.966133
332.6 0.964947
332.7 0.965808
332.8 0.96652
332.9 0.966857
333 0.964925
333.1 0.964372
333.2 0.965345
333.3 0.964907
333.4 0.965697
333.5 0.965428
333.6 0.964597
333.7 0.964608
333.8 0.964163
333.9 0.96604
334 0.964965
334.1 0.965689
334.2 0.966649
334.3 0.965766
334.4 0.966014
334.5 0.964689
334.6 0.965989
334.7 0.965992
334.8 0.966655
334.9 0.966264
335 0.967217
335.1 0.968407
335.2 0.968517
335.3 0.9695
335.4 0.969211
335.5 0.968392
335.6 0.968508
335.7 0.966864
335.8 0.966586
335.9 0.965471
336 0.964615
336.1 0.966318
336.2 0.965361
336.3 0.964092
336.4 0.963612
336.5 0.965182
336.6 0.964916
336.7 0.964256
336.8 0.964556
336.9 0.965106
337 0.965867
337.1 0.965015
337.2 0.966148
337.3 0.965605
337.4 0.965181
337.5 0.96649
337.6 0.96544
337.7 0.964364
337.8 0.96366
337.9 0.963521
338 0.965336
338.1 0.965695
338.2 0.965917
338.3 0.9671
338.4 0.967725
338.5 0.967139
338.6 0.966045
338.7 0.966684
338.8 0.966792
338.9 0.965671
339 0.966033
339.1 0.967113
339.2 0.966701
339.3 0.966345
339.4 0.964399
339.5 0.96503
339.6 0.963635
339.7 0.964013
339.8 0.964547
339.9 0.962651
340 0.963912
340.1 0.962651
340.2 0.961764
340.3 0.961304
340.4 0.962068
340.5 0.963919
340.6 0.963603
340.7 0.963918
340.8 0.965828
340.9 0.965198
341 0.96393
341.1 0.964491
341.2 0.9637
341.3 0.964214
341.4 0.964846
341.5 0.962645
341.6 0.961985
341.7 0.961181
341.8 0.961119
341.9 0.961658
342 0.961321
342.1 0.962852
342.2 0.963528
342.3 0.964459
342.4 0.96475
342.5 0.965429
342.6 0.966765
342.7 0.964271
342.8 0.966362
342.9 0.965877
343 0.965682
343.1 0.965876
343.2 0.965066
343.3 0.964414
343.4 0.964506
343.5 0.96522
343.6 0.965693
343.7 0.965851
343.8 0.968066
343.9 0.96761
344 0.966842
344.1 0.967163
344.2 0.966041
344.3 0.965606
344.4 0.964794
344.5 0.965585
344.6 0.964523
344.7 0.964516
344.8 0.964259
344.9 0.965406
345 0.964366
345.1 0.964732
345.2 0.966014
345.3 0.9645
345.4 0.966486
345.5 0.966357
345.6 0.968876
345.7 0.967391
345.8 0.964758
345.9 0.965673
346 0.966293
346.1 0.966227
346.2 0.965591
346.3 0.966208
346.4 0.966165
346.5 0.965269
346.6 0.966302
346.7 0.966403
346.8 0.965207
346.9 0.964821
347 0.964907
347.1 0.965712
347.2 0.965845
347.3 0.966312
347.4 0.966696
347.5 0.966253
347.6 0.966097
347.7 0.96536
347.8 0.966162
347.9 0.966177
348 0.966215
348.1 0.965652
348.2 0.965179
348.3 0.965171
348.4 0.964361
348.5 0.963442
348.6 0.965074
348.7 0.964308
348.8 0.965704
348.9 0.964846
349 0.966647
349.1 0.966931
349.2 0.966013
349.3 0.964805
349.4 0.966406
349.5 0.967378
349.6 0.968664
349.7 0.968198
349.8 0.968312
349.9 0.966578
350 0.966331
350.1 0.964487
350.2 0.964845
350.3 0.96529
350.4 0.965064
350.5 0.96424
350.6 0.966687
350.7 0.966198
350.8 0.966061
350.9 0.967101
351 0.966681
351.1 0.967442
351.2 0.96575
351.3 0.965644
351.4 0.966214
351.5 0.963877
351.6 0.964606
351.7 0.966469
351.8 0.965368
351.9 0.964997
352 0.964573
352.1 0.965138
352.2 0.965234
352.3 0.966591
352.4 0.967634
352.5 0.966768
352.6 0.965922
352.7 0.965158
352.8 0.964695
352.9 0.965198
353 0.965348
353.1 0.965074
353.2 0.965461
353.3 0.965352
353.4 0.965745
353.5 0.965285
353.6 0.963123
353.7 0.963147
353.8 0.965765
353.9 0.965505
354 0.968031
354.1 0.966377
354.2 0.966575
354.3 0.966765
354.4 0.965629
354.5 0.966142
354.6 0.966206
354.7 0.967678
354.8 0.966639
354.9 0.966359
355 0.965953
355.1 0.965201
355.2 0.96687
355.3 0.967151
355.4 0.965997
355.5 0.966723
355.6 0.966987
355.7 0.968471
355.8 0.967431
355.9 0.967147
356 0.967091
356.1 0.967045
356.2 0.965306
356.3 0.965051
356.4 0.965734
356.5 0.966106
356.6 0.967947
356.7 0.968317
356.8 0.96737
356.9 0.96705
357 0.96624
357.1 0.967258
357.2 0.967649
357.3 0.966865
357.4 0.965534
357.5 0.964099
357.6 0.96275
357.7 0.964265
357.8 0.965088
357.9 0.964374
358 0.964292
358.1 0.964196
358.2 0.962082
358.3 0.961502
358.4 0.962457
358.5 0.963799
358.6 0.964864
358.7 0.964793
358.8 0.963379
358.9 0.963656
359 0.963682
359.1 0.962701
359.2 0.962793
359.3 0.963335
359.4 0.963935
359.5 0.965304
359.6 0.966787
359.7 0.966235
359.8 0.965634
359.9 0.965937
360 0.966437
360.1 0.965523
360.2 0.964785
360.3 0.964656
360.4 0.963248
360.5 0.963047
360.6 0.963753
360.7 0.963543
360.8 0.964306
360.9 0.962922
361 0.964109
361.1 0.963126
361.2 0.964771
361.3 0.965845
361.4 0.965202
361.5 0.964229
361.6 0.963112
361.7 0.9625
361.8 0.962646
361.9 0.962069
362 0.961991
362.1 0.963943
362.2 0.963922
362.3 0.964702
362.4 0.965859
362.5 0.964731
362.6 0.966516
362.7 0.967797
362.8 0.964915
362.9 0.963639
363 0.963792
363.1 0.96371
363.2 0.962997
363.3 0.964945
363.4 0.965901
363.5 0.965822
363.6 0.963695
363.7 0.966935
363.8 0.966961
363.9 0.966519
364 0.965658
364.1 0.966245
364.2 0.967684
364.3 0.966595
364.4 0.965462
364.5 0.965794
364.6 0.964412
364.7 0.964181
364.8 0.962729
364.9 0.965127
365 0.965383
365.1 0.964179
365.2 0.963194
365.3 0.964164
365.4 0.964021
365.5 0.963389
365.6 0.963545
365.7 0.964323
365.8 0.964315
365.9 0.964101
366 0.963681
366.1 0.962856
366.2 0.963207
366.3 0.963135
366.4 0.962324
366.5 0.963112
366.6 0.963002
366.7 0.961796
366.8 0.960848
366.9 0.961732
367 0.964345
367.1 0.964984
367.2 0.964312
367.3 0.963424
367.4 0.962707
367.5 0.962544
367.6 0.963327
367.7 0.965788
367.8 0.966168
367.9 0.968598
368 0.968061
368.1 0.968122
368.2 0.967173
368.3 0.966355
368.4 0.967338
368.5 0.966311
368.6 0.965726
368.7 0.96665
368.8 0.966946
368.9 0.964652
369 0.963839
369.1 0.964189
369.2 0.962973
369.3 0.964229
369.4 0.964852
369.5 0.966654
369.6 0.966234
369.7 0.966191
369.8 0.966792
369.9 0.96587
370 0.965726
370.1 0.965758
370.2 0.966798
370.3 0.965539
370.4 0.966323
370.5 0.966095
370.6 0.966641
370.7 0.967332
370.8 0.967092
370.9 0.967201
371 0.968901
371.1 0.968828
371.2 0.96847
371.3 0.96916
371.4 0.968303
371.5 0.96648
371.6 0.967699
371.7 0.969867
371.8 0.96931
371.9 0.968835
372 0.967976
372.1 0.968349
372.2 0.968406
372.3 0.966532
372.4 0.964664
372.5 0.966193
372.6 0.966121
372.7 0.966587
372.8 0.967545
372.9 0.966831
373 0.966365
373.1 0.965937
373.2 0.966109
373.3 0.96749
373.4 0.968105
373.5 0.968257
373.6 0.969395
373.7 0.96959
373.8 0.970208
373.9 0.970466
374 0.969906
374.1 0.969948
374.2 0.968712
374.3 0.968055
374.4 0.968659
374.5 0.967606
374.6 0.967949
374.7 0.96626
374.8 0.967596
374.9 0.967699
375 0.965874
375.1 0.964226
375.2 0.964917
375.3 0.966705
375.4 0.964642
375.5 0.964434
375.6 0.964157
375.7 0.962884
375.8 0.962983
375.9 0.964637
376 0.963936
376.1 0.962696
376.2 0.963719
376.3 0.963205
376.4 0.962212
376.5 0.962521
376.6 0.962351
376.7 0.962775
376.8 0.961037
376.9 0.962691
377 0.963498
377.1 0.963851
377.2 0.962496
377.3 0.96286
377.4 0.961736
377.5 0.962747
377.6 0.962106
377.7 0.962336
377.8 0.962291
377.9 0.961441
378 0.961196
378.1 0.962357
378.2 0.963527
378.3 0.962152
378.4 0.96401
378.5 0.964168
378.6 0.965315
378.7 0.965445
378.8 0.965596
378.9 0.965605
379 0.965218
379.1 0.965663
379.2 0.967622
379.3 0.966633
379.4 0.966568
379.5 0.965394
379.6 0.96642
379.7 0.966681
379.8 0.965979
379.9 0.965719
380 0.964863
380.1 0.96558
380.2 0.966646
380.3 0.965143
380.4 0.963292
380.5 0.963904
380.6 0.963797
380.7 0.964433
380.8 0.963784
380.9 0.963077
381 0.965196
381.1 0.966936
381.2 0.966449
381.3 0.965568
381.4 0.964104
381.5 0.962189
381.6 0.961015
381.7 0.959997
381.8 0.95989
381.9 0.961146
382 0.960169
382.1 0.959626
382.2 0.962379
382.3 0.961956
382.4 0.9612
382.5 0.961252
382.6 0.959954
382.7 0.961968
382.8 0.962341
382.9 0.962478
383 0.961794
383.1 0.961825
383.2 0.962789
383.3 0.963296
383.4 0.964184
383.5 0.966106
383.6 0.965454
383.7 0.965657
383.8 0.964902
383.9 0.965789
384 0.966566
384.1 0.968633
384.2 0.967339
384.3 0.967129
384.4 0.966954
384.5 0.966413
384.6 0.966206
384.7 0.96612
384.8 0.966457
384.9 0.965805
385 0.966045
385.1 0.966668
385.2 0.966476
385.3 0.964682
385.4 0.963177
385.5 0.963691
385.6 0.964754
385.7 0.965167
385.8 0.965323
385.9 0.964985
386 0.965534
386.1 0.966044
386.2 0.96805
386.3 0.968505
386.4 0.969161
386.5 0.969034
386.6 0.968556
386.7 0.968542
386.8 0.967345
386.9 0.966689
387 0.965044
387.1 0.966075
387.2 0.968119
387.3 0.968096
387.4 0.966728
387.5 0.967817
387.6 0.967274
387.7 0.968056
387.8 0.968653
387.9 0.968484
388 0.96858
388.1 0.967853
388.2 0.968741
388.3 0.967934
388.4 0.967449
388.5 0.966144
388.6 0.966487
388.7 0.968962
388.8 0.968957
388.9 0.969044
389 0.968899
389.1 0.968161
389.2 0.967173
389.3 0.966751
389.4 0.966481
389.5 0.964571
389.6 0.963119
389.7 0.962684
389.8 0.964066
389.9 0.964428
390 0.964512
390.1 0.963293
390.2 0.963684
390.3 0.965654
390.4 0.96527
390.5 0.965668
390.6 0.96657
390.7 0.966376
390.8 0.966333
390.9 0.966636
391 0.965729
391.1 0.966476
391.2 0.967007
391.3 0.96682
391.4 0.966163
391.5 0.967276
391.6 0.968313
391.7 0.96716
391.8 0.967098
391.9 0.964303
392 0.963797
392.1 0.964032
392.2 0.963116
392.3 0.962302
392.4 0.962299
392.5 0.962812
392.6 0.962622
392.7 0.963721
392.8 0.963279
392.9 0.963497
393 0.965578
393.1 0.967088
393.2 0.96816
393.3 0.967012
393.4 0.966965
393.5 0.965525
393.6 0.964858
393.7 0.96411
393.8 0.962844
393.9 0.964623
394 0.966799
394.1 0.964948
394.2 0.966307
394.3 0.965163
394.4 0.965195
394.5 0.96594
394.6 0.964991
394.7 0.963788
394.8 0.964407
394.9 0.966346
395 0.965641
395.1 0.966337
395.2 0.964708
395.3 0.963563
395.4 0.96388
395.5 0.964585
395.6 0.963396
395.7 0.961535
395.8 0.961595
395.9 0.962091
396 0.961643
396.1 0.962297
396.2 0.964996
396.3 0.96521
396.4 0.965595
396.5 0.965488
396.6 0.964771
396.7 0.964651
396.8 0.9643
396.9 0.964695
397 0.966645
397.1 0.967499
397.2 0.966944
397.3 0.964604
397.4 0.963949
397.5 0.963763
397.6 0.964531
397.7 0.964182
397.8 0.96219
397.9 0.962717
398 0.963566
398.1 0.963163
398.2 0.964269
398.3 0.964776
398.4 0.965485
398.5 0.965994
398.6 0.965503
398.7 0.964598
398.8 0.965762
398.9 0.964632
399 0.963689
399.1 0.961995
399.2 0.961439
399.3 0.963659
399.4 0.965341
399.5 0.964584
399.6 0.964198
399.7 0.964259
399.8 0.964413
399.9 0.964755
400 0.963618
400.1 0.96246
400.2 0.962127
400.3 0.962094
400.4 0.962699
400.5 0.963016
400.6 0.962978
400.7 0.961991
400.8 0.962234
400.9 0.96227
401 0.960622
401.1 0.959557
401.2 0.959362
401.3 0.960848
401.4 0.960676
401.5 0.962202
401.6 0.961679
401.7 0.962083
401.8 0.961173
401.9 0.959763
402 0.96294
402.1 0.962664
402.2 0.965363
402.3 0.965226
402.4 0.965688
402.5 0.965375
402.6 0.964715
402.7 0.964619
402.8 0.965689
402.9 0.967051
403 0.966297
403.1 0.966197
403.2 0.965378
403.3 0.965641
403.4 0.967509
403.5 0.969735
403.6 0.969558
403.7 0.969058
403.8 0.968507
403.9 0.968106
404 0.967197
404.1 0.966226
404.2 0.966013
404.3 0.966341
404.4 0.967382
404.5 0.965718
404.6 0.965296
404.7 0.967154
404.8 0.967607
404.9 0.967255
405 0.966834
405.1 0.965343
405.2 0.965368
405.3 0.962747
405.4 0.96399
405.5 0.963266
405.6 0.963928
405.7 0.964305
405.8 0.962904
405.9 0.963709
406 0.963726
406.1 0.962869
406.2 0.962526
406.3 0.962666
406.4 0.962763
406.5 0.963637
406.6 0.963562
406.7 0.962837
406.8 0.964681
406.9 0.964436
407 0.963782
407.1 0.964697
407.2 0.965289
407.3 0.96545
407.4 0.963121
407.5 0.962985
407.6 0.963663
407.7 0.963548
407.8 0.963649
407.9 0.962774
408 0.963212
408.1 0.964266
408.2 0.964263
408.3 0.961992
408.4 0.96265
408.5 0.962091
408.6 0.963312
408.7 0.962833
408.8 0.963272
408.9 0.964008
409 0.965955
409.1 0.965047
409.2 0.964159
409.3 0.964313
409.4 0.964163
409.5 0.964742
409.6 0.965486
409.7 0.966834
409.8 0.967618
409.9 0.967344
410 0.965328
410.1 0.965831
410.2 0.965847
410.3 0.966619
410.4 0.966993
410.5 0.967315
410.6 0.968105
410.7 0.967766
410.8 0.966061
410.9 0.965283
411 0.964977
411.1 0.965342
411.2 0.967498
411.3 0.965881
411.4 0.966683
411.5 0.965747
411.6 0.964628
411.7 0.962982
411.8 0.96349
411.9 0.964459
412 0.964841
412.1 0.965418
412.2 0.966196
412.3 0.966126
412.4 0.96731
412.5 0.966467
412.6 0.966029
412.7 0.965553
412.8 0.966469
412.9 0.966257
413 0.966431
413.1 0.968102
413.2 0.968511
413.3 0.966526
413.4 0.966925
413.5 0.968323
413.6 0.968834
413.7 0.969379
413.8 0.969571
413.9 0.968567
414 0.966898
414.1 0.968362
414.2 0.968202
414.3 0.968916
414.4 0.970487
414.5 0.968983
414.6 0.967661
414.7 0.967488
414.8 0.967619
414.9 0.967506
415 0.967586
415.1 0.965744
415.2 0.965856
415.3 0.966498
415.4 0.967484
415.5 0.96537
415.6 0.965669
415.7 0.965019
415.8 0.967176
415.9 0.965371
416 0.966115
416.1 0.967487
416.2 0.966004
416.3 0.966191
416.4 0.965056
416.5 0.967384
416.6 0.968327
416.7 0.969176
416.8 0.970093
416.9 0.968981
417 0.967123
417.1 0.967114
417.2 0.965854
417.3 0.966877
417.4 0.967102
417.5 0.966883
417.6 0.967725
417.7 0.965776
417.8 0.965774
417.9 0.965814
418 0.965801
418.1 0.965552
418.2 0.964077
418.3 0.962796
418.4 0.963128
418.5 0.964178
418.6 0.964853
418.7 0.964155
418.8 0.962433
418.9 0.962686
419 0.961182
419.1 0.962419
419.2 0.962226
419.3 0.964689
419.4 0.964613
419.5 0.964655
419.6 0.965559
419.7 0.965391
419.8 0.966495
419.9 0.966979
420 0.966583
420.1 0.967818
420.2 0.966686
420.3 0.967144
420.4 0.966954
420.5 0.965855
420.6 0.966623
420.7 0.966448
420.8 0.965159
420.9 0.964739
421 0.96407
421.1 0.967029
421.2 0.965889
421.3 0.965921
421.4 0.966031
421.5 0.966393
421.6 0.965473
421.7 0.967439
421.8 0.965863
421.9 0.965271
422 0.964714
422.1 0.96625
422.2 0.967561
422.3 0.966121
422.4 0.965211
422.5 0.965582
422.6 0.965219
422.7 0.964169
422.8 0.964531
422.9 0.965128
423 0.963953
423.1 0.965286
423.2 0.964401
423.3 0.963452
423.4 0.964466
423.5 0.963533
423.6 0.96453
423.7 0.964386
423.8 0.964909
423.9 0.964871
424 0.963098
424.1 0.965657
424.2 0.965432
424.3 0.966347
424.4 0.967854
424.5 0.967934
424.6 0.969295
424.7 0.969392
424.8 0.970111
424.9 0.968406
425 0.967948
425.1 0.968658
425.2 0.969044
425.3 0.968855
425.4 0.967183
425.5 0.967726
425.6 0.965341
425.7 0.965476
425.8 0.966369
425.9 0.965829
426 0.96322
426.1 0.961929
426.2 0.963039
426.3 0.963983
426.4 0.965077
426.5 0.964996
426.6 0.966416
426.7 0.966955
426.8 0.967316
426.9 0.967046
427 0.967979
427.1 0.967004
427.2 0.967045
427.3 0.967498
427.4 0.965881
427.5 0.966097
427.6 0.966798
427.7 0.9693
427.8 0.96753
427.9 0.96678
428 0.965412
428.1 0.964818
428.2 0.964448
428.3 0.963025
428.4 0.962733
428.5 0.96475
428.6 0.963582
428.7 0.963654
428.8 0.964054
428.9 0.964075
429 0.965615
429.1 0.96486
429.2 0.965132
429.3 0.965304
429.4 0.965912
429.5 0.967222
429.6 0.966317
429.7 0.966154
429.8 0.965656
429.9 0.96369
430 0.962241
430.1 0.960211
430.2 0.960936
430.3 0.962493
430.4 0.963987
430.5 0.963444
430.6 0.963635
430.7 0.962168
430.8 0.964428
430.9 0.962852
431 0.962688
431.1 0.964058
431.2 0.964215
431.3 0.964455
431.4 0.966227
431.5 0.96537
431.6 0.963945
431.7 0.963676
431.8 0.963248
431.9 0.964623
432 0.964396
432.1 0.96509
432.2 0.966969
432.3 0.966505
432.4 0.967248
432.5 0.966144
432.6 0.96589
432.7 0.965766
432.8 0.964794
432.9 0.963785
433 0.965456
433.1 0.966194
433.2 0.96526
433.3 0.965803
433.4 0.963896
433.5 0.965623
433.6 0.965729
433.7 0.965441
433.8 0.965468
433.9 0.965379
434 0.965886
434.1 0.966782
434.2 0.967571
434.3 0.967629
434.4 0.967956
434.5 0.968489
434.6 0.968852
434.7 0.968176
434.8 0.967408
434.9 0.966836
435 0.966209
435.1 0.96572
435.2 0.964569
435.3 0.963781
435.4 0.965271
435.5 0.965551
435.6 0.96296
435.7 0.963252
435.8 0.963679
435.9 0.964278
436 0.964799
436.1 0.96479
436.2 0.965745
436.3 0.965952
436.4 0.965304
436.5 0.964005
436.6 0.963309
436.7 0.963259
436.8 0.964955
436.9 0.965229
437 0.965216
437.1 0.96447
437.2 0.963121
437.3 0.962572
437.4 0.962451
437.5 0.963182
437.6 0.963701
437.7 0.964295
437.8 0.963899
437.9 0.963898
438 0.965393
438.1 0.967238
438.2 0.966539
438.3 0.967753
438.4 0.96514
438.5 0.966459
438.6 0.967171
438.7 0.966752
438.8 0.968072
438.9 0.966847
439 0.965857
439.1 0.965295
439.2 0.964383
439.3 0.964159
439.4 0.96414
439.5 0.963813
439.6 0.965304
439.7 0.964194
439.8 0.963589
439.9 0.964147
440 0.963771
440.1 0.963681
440.2 0.964509
440.3 0.963864
440.4 0.964642
440.5 0.963227
440.6 0.963283
440.7 0.963501
440.8 0.961322
440.9 0.963218
441 0.964162
441.1 0.965028
441.2 0.965668
441.3 0.965407
441.4 0.964873
441.5 0.965258
441.6 0.966248
441.7 0.965326
441.8 0.966131
441.9 0.966612
442 0.966085
442.1 0.96563
442.2 0.964278
442.3 0.964521
442.4 0.964892
442.5 0.963852
442.6 0.963518
442.7 0.963711
442.8 0.964548
442.9 0.964844
443 0.964606
443.1 0.964442
443.2 0.964198
443.3 0.96347
443.4 0.964728
443.5 0.964534
443.6 0.964304
443.7 0.962627
443.8 0.965532
443.9 0.966565
444 0.966219
444.1 0.964891
444.2 0.962728
444.3 0.963205
444.4 0.963249
444.5 0.963295
444.6 0.96303
444.7 0.963154
444.8 0.963574
444.9 0.964817
445 0.966534
445.1 0.96511
445.2 0.965684
445.3 0.965002
445.4 0.964849
445.5 0.964972
445.6 0.965159
445.7 0.962988
445.8 0.963106
445.9 0.963182
446 0.961757
446.1 0.962393
446.2 0.964031
446.3 0.964734
446.4 0.963244
446.5 0.96177
446.6 0.962198
446.7 0.960275
446.8 0.960261
446.9 0.960055
447 0.960705
447.1 0.961842
447.2 0.96156
447.3 0.961905
447.4 0.963133
447.5 0.962507
447.6 0.963235
447.7 0.964563
447.8 0.966805
447.9 0.965353
448 0.966065
448.1 0.966197
448.2 0.964479
448.3 0.965471
448.4 0.965136
448.5 0.964122
448.6 0.965858
448.7 0.965133
448.8 0.96586
448.9 0.965915
449 0.967366
449.1 0.966674
449.2 0.965352
449.3 0.964693
449.4 0.966017
449.5 0.967794
449.6 0.966353
449.7 0.966557
449.8 0.965274
449.9 0.966263
450 0.966807
450.1 0.965096
450.2 0.965757
450.3 0.965403
450.4 0.964765
450.5 0.964565
450.6 0.964891
450.7 0.963022
450.8 0.962822
450.9 0.964659
451 0.963888
451.1 0.964538
451.2 0.964538
451.3 0.965829
451.4 0.967091
451.5 0.967528
451.6 0.965706
451.7 0.965152
451.8 0.963517
451.9 0.963914
452 0.964124
452.1 0.96396
452.2 0.963886
452.3 0.965715
452.4 0.964916
452.5 0.963887
452.6 0.966852
452.7 0.965266
452.8 0.965665
452.9 0.964848
453 0.965137
453.1 0.966582
453.2 0.965276
453.3 0.962933
453.4 0.963074
453.5 0.964285
453.6 0.964328
453.7 0.965547
453.8 0.967228
453.9 0.966706
454 0.967759
454.1 0.967853
454.2 0.966785
454.3 0.966625
454.4 0.964916
454.5 0.964796
454.6 0.96505
454.7 0.965427
454.8 0.964763
454.9 0.965302
455 0.965109
455.1 0.963895
455.2 0.962878
455.3 0.963594
455.4 0.964214
455.5 0.965345
455.6 0.965835
455.7 0.966285
455.8 0.966274
455.9 0.967736
456 0.967314
456.1 0.965741
456.2 0.965908
456.3 0.966902
456.4 0.966925
456.5 0.968191
456.6 0.969339
456.7 0.969315
456.8 0.967537
456.9 0.968554
457 0.968924
457.1 0.968149
457.2 0.967898
457.3 0.968343
457.4 0.967335
457.5 0.965332
457.6 0.964336
457.7 0.963086
457.8 0.96315
457.9 0.964218
458 0.965537
458.1 0.965239
458.2 0.966312
458.3 0.967189
458.4 0.96667
458.5 0.965222
458.6 0.96592
458.7 0.965107
458.8 0.966882
458.9 0.968453
459 0.96834
459.1 0.966432
459.2 0.967357
459.3 0.966254
459.4 0.967456
459.5 0.967964
459.6 0.968743
459.7 0.96772
459.8 0.968296
459.9 0.967738
460 0.968539
460.1 0.968438
460.2 0.967397
460.3 0.965944
460.4 0.964854
460.5 0.963945
460.6 0.963961
460.7 0.965022
460.8 0.964356
460.9 0.964673
461 0.96566
461.1 0.966955
461.2 0.966286
461.3 0.967287
461.4 0.963926
461.5 0.962504
461.6 0.960415
461.7 0.962557
461.8 0.963265
461.9 0.963592
462 0.962618
462.1 0.964865
462.2 0.965429
462.3 0.96544
462.4 0.964607
462.5 0.965886
462.6 0.965643
462.7 0.964512
462.8 0.964033
462.9 0.962212
463 0.963966
463.1 0.964963
463.2 0.964068
463.3 0.965532
463.4 0.965146
463.5 0.965011
463.6 0.966768
463.7 0.966434
463.8 0.966332
463.9 0.966444
464 0.967103
464.1 0.965861
464.2 0.963928
464.3 0.963041
464.4 0.962054
464.5 0.963159
464.6 0.961197
464.7 0.9597
464.8 0.961733
464.9 0.962959
465 0.965298
465.1 0.965539
465.2 0.964517
465.3 0.963999
465.4 0.962457
465.5 0.961659
465.6 0.961658
465.7 0.961717
465.8 0.963432
465.9 0.961375
466 0.961203
466.1 0.961449
466.2 0.961631
466.3 0.961795
466.4 0.962433
466.5 0.963397
466.6 0.962976
466.7 0.961969
466.8 0.962403
466.9 0.963665
467 0.962944
467.1 0.962541
467.2 0.962149
467.3 0.961327
467.4 0.962157
467.5 0.96336
467.6 0.964357
467.7 0.961516
467.8 0.961291
467.9 0.960879
468 0.960753
468.1 0.960852
468.2 0.960115
468.3 0.959539
468.4 0.960626
468.5 0.959614
468.6 0.961466
468.7 0.961476
468.8 0.961569
468.9 0.962729
469 0.963712
469.1 0.964122
469.2 0.963988
469.3 0.964835
469.4 0.964643
469.5 0.965762
469.6 0.96593
469.7 0.965914
469.8 0.965728
469.9 0.966483
470 0.965626
470.1 0.964418
470.2 0.964983
470.3 0.966074
470.4 0.965218
470.5 0.965232
470.6 0.964597
470.7 0.965137
470.8 0.965732
470.9 0.965834
471 0.966308
471.1 0.965868
471.2 0.966503
471.3 0.967284
471.4 0.966556
471.5 0.967322
471.6 0.965881
471.7 0.964798
471.8 0.965921
471.9 0.96568
472 0.965458
472.1 0.965671
472.2 0.963581
472.3 0.963585
472.4 0.963521
472.5 0.963878
472.6 0.965113
472.7 0.965486
472.8 0.964685
472.9 0.964328
473 0.963569
473.1 0.962963
473.2 0.963903
473.3 0.964361
473.4 0.964418
473.5 0.964763
473.6 0.965097
473.7 0.964618
473.8 0.965121
473.9 0.964858
474 0.964174
474.1 0.963031
474.2 0.961852
474.3 0.962515
474.4 0.961763
474.5 0.963942
474.6 0.964498
474.7 0.964415
474.8 0.963872
474.9 0.962826
475 0.961987
475.1 0.962194
475.2 0.960208
475.3 0.961731
475.4 0.961711
475.5 0.963516
475.6 0.964045
475.7 0.963233
475.8 0.964494
475.9 0.963923
476 0.964829
476.1 0.967595
476.2 0.967118
476.3 0.965132
476.4 0.964851
476.5 0.963865
476.6 0.964226
476.7 0.967084
476.8 0.967006
476.9 0.967438
477 0.965631
477.1 0.966729
477.2 0.965811
477.3 0.966876
477.4 0.968064
477.5 0.969419
477.6 0.967722
477.7 0.967236
477.8 0.968127
477.9 0.966274
478 0.966788
478.1 0.967305
478.2 0.96794
478.3 0.967037
478.4 0.965825
478.5 0.964972
478.6 0.964251
478.7 0.963873
478.8 0.96545
478.9 0.96497
479 0.966568
479.1 0.96708
479.2 0.966284
479.3 0.966933
479.4 0.964827
479.5 0.965258
479.6 0.964379
479.7 0.96497
479.8 0.966945
479.9 0.966709
480 0.966177
480.1 0.966811
480.2 0.967002
480.3 0.96678
480.4 0.966166
480.5 0.966291
480.6 0.967786
480.7 0.968809
480.8 0.968423
480.9 0.969181
481 0.968399
481.1 0.968907
481.2 0.969127
481.3 0.969003
481.4 0.967834
481.5 0.966348
481.6 0.965736
481.7 0.966659
481.8 0.967073
481.9 0.96741
482 0.967085
482.1 0.968157
482.2 0.966749
482.3 0.966379
482.4 0.968
482.5 0.969282
482.6 0.968672
482.7 0.968449
482.8 0.967113
482.9 0.967306
483 0.967443
483.1 0.96772
483.2 0.968457
483.3 0.968514
483.4 0.9673
483.5 0.966613
483.6 0.964233
483.7 0.964416
483.8 0.964924
483.9 0.963939
484 0.963819
484.1 0.963499
484.2 0.96425
484.3 0.962135
484.4 0.962585
484.5 0.963473
484.6 0.961513
484.7 0.961951
484.8 0.960243
484.9 0.961935
485 0.960174
485.1 0.960608
485.2 0.961295
485.3 0.961882
485.4 0.960616
485.5 0.960552
485.6 0.962858
485.7 0.962744
485.8 0.964507
485.9 0.965197
486 0.965943
486.1 0.965206
486.2 0.96367
486.3 0.961406
486.4 0.961103
486.5 0.962246
486.6 0.962527
486.7 0.963734
486.8 0.964797
486.9 0.96398
487 0.964014
487.1 0.963509
487.2 0.963973
487.3 0.964184
487.4 0.965441
487.5 0.965936
487.6 0.964142
487.7 0.962852
487.8 0.962601
487.9 0.964139
488 0.966761
488.1 0.966154
488.2 0.964042
488.3 0.966115
488.4 0.965784
488.5 0.966001
488.6 0.967315
488.7 0.966157
488.8 0.966586
488.9 0.967882
489 0.966743
489.1 0.967203
489.2 0.966965
489.3 0.96651
489.4 0.966752
489.5 0.968225
489.6 0.966962
489.7 0.965388
489.8 0.965015
489.9 0.964291
490 0.966174
490.1 0.966419
490.2 0.967408
490.3 0.967066
490.4 0.966538
490.5 0.965441
490.6 0.965112
490.7 0.964964
490.8 0.964943
490.9 0.965241
491 0.96427
491.1 0.965885
491.2 0.964795
491.3 0.964727
491.4 0.965403
491.5 0.964812
491.6 0.964455
491.7 0.965278
491.8 0.965097
491.9 0.965791
492 0.966357
492.1 0.96764
492.2 0.969196
492.3 0.968644
492.4 0.967386
492.5 0.968949
492.6 0.968741
492.7 0.968342
492.8 0.968081
492.9 0.967604
493 0.966158
493.1 0.966165
493.2 0.966685
493.3 0.966413
493.4 0.965626
493.5 0.965673
493.6 0.964931
493.7 0.96456
493.8 0.964516
493.9 0.962738
494 0.963956
494.1 0.965596
494.2 0.965921
494.3 0.965864
494.4 0.966659
494.5 0.966376
494.6 0.965866
494.7 0.965426
494.8 0.966802
494.9 0.964997
495 0.964838
495.1 0.964418
495.2 0.965559
495.3 0.966717
495.4 0.966284
495.5 0.966658
495.6 0.966299
495.7 0.967163
495.8 0.967679
495.9 0.964981
496 0.965682
496.1 0.966402
496.2 0.964496
496.3 0.964835
496.4 0.964771
496.5 0.965743
496.6 0.965523
496.7 0.966132
496.8 0.966408
496.9 0.966047
497 0.964663
497.1 0.962569
497.2 0.963535
497.3 0.963371
497.4 0.962427
497.5 0.9634
497.6 0.962485
497.7 0.963075
497.8 0.962727
497.9 0.96308
498 0.963663
498.1 0.963573
498.2 0.9635
498.3 0.963771
498.4 0.965137
498.5 0.963105
498.6 0.963356
498.7 0.963937
498.8 0.964495
498.9 0.964362
499 0.963992
499.1 0.964335
499.2 0.966409
499.3 0.964925
499.4 0.965312
499.5 0.964232
499.6 0.963755
499.7 0.963835
499.8 0.963163
499.9 0.962759
