0 0.0118218
0.1 0.010765
0.2 0.00930378
0.3 0.00570659
0.4 0.00489163
0.5 0.00913539
0.6 0.0123158
0.7 0.0193205
0.8 0.0215285
0.9 0.0186825
1 0.0277169
1.1 0.0341106
1.2 0.0321678
1.3 0.0383658
1.4 0.0424509
1.5 0.0345639
1.6 0.0263685
1.7 0.0297399
1.8 0.0288418
1.9 0.0309169
2 0.032626
2.1 0.0240382
2.2 0.0197089
2.3 0.0264977
2.4 0.0397759
2.5 0.0491374
2.6 0.036225
2.7 0.0372415
2.8 0.0432664
2.9 0.0471083
3 0.0485332
3.1 0.0495655
3.2 0.0439868
3.3 0.0391447
3.4 0.0327434
3.5 0.0367971
3.6 0.0338992
3.7 0.0316781
3.8 0.0413793
3.9 0.0489213
4 0.0402643
4.1 0.0438103
4.2 0.054086
4.3 0.0585195
4.4 0.0583992
4.5 0.0552097
4.6 0.0636893
4.7 0.065886
4.8 0.068226
4.9 0.0595924
5 0.0456789
5.1 0.0481686
5.2 0.0442889
5.3 0.0411376
5.4 0.0476395
5.5 0.0359594
5.6 0.0298734
5.7 0.0298513
5.8 0.0281796
5.9 0.0274446
6 0.0287053
6.1 0.0351949
6.2 0.0383494
6.3 0.0379881
6.4 0.04581
6.5 0.0459367
6.6 0.0516367
6.7 0.0565286
6.8 0.0635623
6.9 0.0606695
7 0.0653803
7.1 0.0662062
7.2 0.0705886
7.3 0.0595253
7.4 0.0593842
7.5 0.0527883
7.6 0.0502652
7.7 0.059371
7.8 0.055493
7.9 0.0603101
8 0.0714881
8.1 0.0786988
8.2 0.0751936
8.3 0.0755728
8.4 0.0842888
8.5 0.0847904
8.6 0.089078
8.7 0.0923299
8.8 0.0932356
8.9 0.0911575
9 0.102797
9.1 0.117529
9.2 0.118783
9.3 0.115172
9.4 0.118497
9.5 0.124789
9.6 0.12246
9.7 0.119039
9.8 0.122986
9.9 0.130174
10 0.123621
10.1 0.119447
10.2 0.129623
10.3 0.125662
10.4 0.129906
10.5 0.125027
10.6 0.125161
10.7 0.125486
10.8 0.125181
10.9 0.116603
11 0.112339
11.1 0.115686
11.2 0.112894
11.3 0.103483
11.4 0.102371
11.5 0.11046
11.6 0.109899
11.7 0.114538
11.8 0.110372
11.9 0.0991737
12 0.104551
12.1 0.107357
12.2 0.1095
12.3 0.11489
12.4 0.119933
12.5 0.126783
12.6 0.126496
12.7 0.126555
12.8 0.136091
12.9 0.135327
13 0.132607
13.1 0.133337
13.2 0.143309
13.3 0.139363
13.4 0.142917
13.5 0.13725
13.6 0.142599
13.7 0.142057
13.8 0.13977
13.9 0.133785
14 0.124465
14.1 0.123858
14.2 0.126516
14.3 0.131109
14.4 0.134897
14.5 0.137613
14.6 0.14498
14.7 0.135568
14.8 0.131514
14.9 0.13707
15 0.149195
15.1 0.148787
15.2 0.148182
15.3 0.148017
15.4 0.142881
15.5 0.139769
15.6 0.136958
15.7 0.136415
15.8 0.141481
15.9 0.148002
16 0.15449
16.1 0.151406
16.2 0.154987
16.3 0.153414
16.4 0.14534
16.5 0.149707
16.6 0.155247
16.7 0.158965
16.8 0.158245
16.9 0.157178
17 0.153174
17.1 0.153165
17.2 0.155908
17.3 0.152243
17.4 0.148191
17.5 0.148539
17.6 0.157977
17.7 0.16236
17.8 0.164424
17.9 0.166106
18 0.161849
18.1 0.167351
18.2 0.171803
18.3 0.179768
18.4 0.186519
18.5 0.178751
18.6 0.182922
18.7 0.194919
18.8 0.182044
18.9 0.177349
19 0.170489
19.1 0.172337
19.2 0.173257
19.3 0.170546
19.4 0.177827
19.5 0.177691
19.6 0.170814
19.7 0.158691
19.8 0.166271
19.9 0.162643
20 0.167299
20.1 0.165316
20.2 0.170023
20.3 0.164492
20.4 0.159303
20.5 0.162422
20.6 0.164273
20.7 0.177015
20.8 0.174432
20.9 0.173681
21 0.158849
21.1 0.174379
21.2 0.166303
21.3 0.174345
21.4 0.180526
21.5 0.177335
21.6 0.175607
21.7 0.173136
21.8 0.180052
21.9 0.190514
22 0.200882
22.1 0.212257
22.2 0.207429
22.3 0.215039
22.4 0.21958
22.5 0.226772
22.6 0.23636
22.7 0.240912
22.8 0.248088
22.9 0.244891
23 0.241435
23.1 0.240398
23.2 0.235166
23.3 0.236635
23.4 0.250112
23.5 0.24732
23.6 0.24993
23.7 0.256137
23.8 0.252369
23.9 0.250848
24 0.256847
24.1 0.253698
24.2 0.251914
24.3 0.265339
24.4 0.268996
24.5 0.272419
24.6 0.276951
24.7 0.283338
24.8 0.29167
24.9 0.293035
25 0.291103
25.1 0.290778
25.2 0.291338
25.3 0.288992
25.4 0.285287
25.5 0.285465
25.6 0.281596
25.7 0.280882
25.8 0.280227
25.9 0.270354
26 0.278612
26.1 0.284569
26.2 0.282261
26.3 0.278439
26.4 0.295556
26.5 0.293656
26.6 0.296238
26.7 0.29756
26.8 0.308059
26.9 0.305913
27 0.307594
27.1 0.296302
27.2 0.290752
27.3 0.296224
27.4 0.298826
27.5 0.28817
27.6 0.288513
27.7 0.282754
27.8 0.289462
27.9 0.285744
28 0.296894
28.1 0.302675
28.2 0.312292
28.3 0.309792
28.4 0.298698
28.5 0.293573
28.6 0.291684
28.7 0.293085
28.8 0.299574
28.9 0.296671
29 0.298983
29.1 0.299477
29.2 0.29792
29.3 0.310377
29.4 0.320554
29.5 0.322237
29.6 0.317642
29.7 0.320981
29.8 0.323648
29.9 0.331337
30 0.320336
30.1 0.325983
30.2 0.343382
30.3 0.355657
30.4 0.363077
30.5 0.36822
30.6 0.372629
30.7 0.377066
30.8 0.382917
30.9 0.372174
31 0.377087
31.1 0.377926
31.2 0.382866
31.3 0.380914
31.4 0.379623
31.5 0.373685
31.6 0.373242
31.7 0.374567
31.8 0.380325
31.9 0.374309
32 0.379522
32.1 0.381932
32.2 0.382672
32.3 0.385949
32.4 0.392462
32.5 0.391743
32.6 0.388023
32.7 0.396704
32.8 0.397827
32.9 0.392396
33 0.387918
33.1 0.386503
33.2 0.377895
33.3 0.391566
33.4 0.399784
33.5 0.396862
33.6 0.39503
33.7 0.40538
33.8 0.409405
33.9 0.415643
34 0.419032
34.1 0.429044
34.2 0.434849
34.3 0.439182
34.4 0.450266
34.5 0.438795
34.6 0.445619
34.7 0.446815
34.8 0.452495
34.9 0.460628
35 0.462884
35.1 0.464285
35.2 0.461587
35.3 0.458211
35.4 0.462108
35.5 0.462488
35.6 0.459136
35.7 0.450605
35.8 0.448885
35.9 0.448741
36 0.441955
36.1 0.449129
36.2 0.455439
36.3 0.459276
36.4 0.464876
36.5 0.465595
36.6 0.46861
36.7 0.477459
36.8 0.48657
36.9 0.488244
37 0.492901
37.1 0.497903
37.2 0.493399
37.3 0.482884
37.4 0.475197
37.5 0.476413
37.6 0.475681
37.7 0.485393
37.8 0.488033
37.9 0.4851
38 0.485463
38.1 0.473817
38.2 0.465566
38.3 0.475143
38.4 0.477554
38.5 0.482781
38.6 0.480186
38.7 0.481029
38.8 0.496003
38.9 0.501392
39 0.508051
39.1 0.515718
39.2 0.524584
39.3 0.539166
39.4 0.538682
39.5 0.541506
39.6 0.53551
39.7 0.534989
39.8 0.536388
39.9 0.535454
40 0.533535
40.1 0.539243
40.2 0.538679
40.3 0.543199
40.4 0.53576
40.5 0.531053
40.6 0.529467
40.7 0.533816
40.8 0.536531
40.9 0.527905
41 0.526272
41.1 0.524777
41.2 0.523216
41.3 0.522072
41.4 0.527154
41.5 0.535873
41.6 0.553447
41.7 0.557789
41.8 0.557616
41.9 0.566673
42 0.578483
42.1 0.588342
42.2 0.596895
42.3 0.608413
42.4 0.608427
42.5 0.61171
42.6 0.608959
42.7 0.604224
42.8 0.604711
42.9 0.604507
43 0.603536
43.1 0.606004
43.2 0.604108
43.3 0.608453
43.4 0.611467
43.5 0.623599
43.6 0.629405
43.7 0.62068
43.8 0.6262
43.9 0.63184
44 0.631684
44.1 0.643113
44.2 0.638875
44.3 0.634827
44.4 0.645015
44.5 0.647933
44.6 0.65192
44.7 0.660937
44.8 0.654525
44.9 0.650343
45 0.650604
45.1 0.650246
45.2 0.650546
45.3 0.655435
45.4 0.664735
45.5 0.674025
45.6 0.675695
45.7 0.675655
45.8 0.677794
45.9 0.676017
46 0.667644
46.1 0.665397
46.2 0.674121
46.3 0.668238
46.4 0.666536
46.5 0.666336
46.6 0.665547
46.7 0.669824
46.8 0.680334
46.9 0.686005
47 0.689383
47.1 0.689888
47.2 0.694245
47.3 0.692195
47.4 0.69553
47.5 0.70107
47.6 0.70537
47.7 0.704492
47.8 0.706686
47.9 0.708758
48 0.714084
48.1 0.708774
48.2 0.703949
48.3 0.704997
48.4 0.700998
48.5 0.699689
48.6 0.698845
48.7 0.707886
48.8 0.712132
48.9 0.72054
49 0.721242
49.1 0.717818
49.2 0.71771
49.3 0.724536
49.4 0.719838
49.5 0.718771
49.6 0.714373
49.7 0.710164
49.8 0.718806
49.9 0.720606
50 0.714818
50.1 0.715651
50.2 0.70491
50.3 0.698368
50.4 0.687681
50.5 0.693765
50.6 0.695342
50.7 0.701445
50.8 0.711575
50.9 0.713342
51 0.703303
51.1 0.69956
51.2 0.697826
51.3 0.699359
51.4 0.706493
51.5 0.704508
51.6 0.703498
51.7 0.703769
51.8 0.703016
51.9 0.707593
52 0.702702
52.1 0.703711
52.2 0.695116
52.3 0.702154
52.4 0.704772
52.5 0.702346
52.6 0.700319
52.7 0.703998
52.8 0.706981
52.9 0.720176
53 0.718291
53.1 0.718607
53.2 0.724964
53.3 0.727629
53.4 0.729439
53.5 0.735466
53.6 0.733978
53.7 0.730022
53.8 0.728224
53.9 0.724347
54 0.732104
54.1 0.74256
54.2 0.751609
54.3 0.737822
54.4 0.738362
54.5 0.735685
54.6 0.735119
54.7 0.73123
54.8 0.729146
54.9 0.718074
55 0.716166
55.1 0.719778
55.2 0.718994
55.3 0.720402
55.4 0.722355
55.5 0.723492
55.6 0.733118
55.7 0.730047
55.8 0.730387
55.9 0.732142
56 0.723301
56.1 0.715538
56.2 0.715561
56.3 0.704486
56.4 0.705101
56.5 0.709538
56.6 0.701862
56.7 0.696374
56.8 0.689148
56.9 0.68704
57 0.687651
57.1 0.690566
57.2 0.688018
57.3 0.678113
57.4 0.676802
57.5 0.680932
57.6 0.6735
57.7 0.668377
57.8 0.661979
57.9 0.666232
58 0.667026
58.1 0.663654
58.2 0.668648
58.3 0.671478
58.4 0.671761
58.5 0.665183
58.6 0.665764
58.7 0.6649
58.8 0.662078
58.9 0.667689
59 0.674143
59.1 0.67547
59.2 0.66885
59.3 0.665922
59.4 0.667168
59.5 0.66854
59.6 0.669057
59.7 0.670118
59.8 0.680411
59.9 0.690147
60 0.690537
60.1 0.692918
60.2 0.690232
60.3 0.695767
60.4 0.698971
60.5 0.694607
60.6 0.700325
60.7 0.696997
60.8 0.702789
60.9 0.703285
61 0.703134
61.1 0.706245
61.2 0.712224
61.3 0.722669
61.4 0.720191
61.5 0.717296
61.6 0.723727
61.7 0.724779
61.8 0.729968
61.9 0.724837
62 0.718378
62.1 0.7197
62.2 0.723193
62.3 0.722539
62.4 0.716927
62.5 0.719661
62.6 0.717476
62.7 0.71033
62.8 0.713413
62.9 0.708225
63 0.709249
63.1 0.715248
63.2 0.713328
63.3 0.716352
63.4 0.713707
63.5 0.707676
63.6 0.716074
63.7 0.717501
63.8 0.719163
63.9 0.728038
64 0.73131
64.1 0.741543
64.2 0.734466
64.3 0.735058
64.4 0.736565
64.5 0.735451
64.6 0.741891
64.7 0.739797
64.8 0.739881
64.9 0.741997
65 0.743357
65.1 0.744892
65.2 0.746921
65.3 0.750263
65.4 0.752597
65.5 0.753489
65.6 0.756822
65.7 0.760186
65.8 0.754361
65.9 0.75538
66 0.756882
66.1 0.757119
66.2 0.760095
66.3 0.753682
66.4 0.76589
66.5 0.766901
66.6 0.77414
66.7 0.772636
66.8 0.767132
66.9 0.764615
67 0.76148
67.1 0.762789
67.2 0.765075
67.3 0.77037
67.4 0.771436
67.5 0.764949
67.6 0.76615
67.7 0.767669
67.8 0.76761
67.9 0.770323
68 0.767614
68.1 0.768754
68.2 0.76975
68.3 0.772813
68.4 0.773658
68.5 0.762325
68.6 0.758209
68.7 0.755809
68.8 0.755674
68.9 0.750244
69 0.749224
69.1 0.747774
69.2 0.748226
69.3 0.74694
69.4 0.736867
69.5 0.72839
69.6 0.727674
69.7 0.733126
69.8 0.726708
69.9 0.722443
70 0.723906
70.1 0.72637
70.2 0.73256
70.3 0.720031
70.4 0.7247
70.5 0.731121
70.6 0.737164
70.7 0.74334
70.8 0.747462
70.9 0.75
71 0.755698
71.1 0.755362
71.2 0.752346
71.3 0.756425
71.4 0.751883
71.5 0.757904
71.6 0.766804
71.7 0.757494
71.8 0.75812
71.9 0.760473
72 0.75834
72.1 0.755065
72.2 0.757612
72.3 0.75877
72.4 0.76705
72.5 0.760642
72.6 0.765522
72.7 0.761916
72.8 0.768605
72.9 0.766598
73 0.769879
73.1 0.77156
73.2 0.779654
73.3 0.784208
73.4 0.785756
73.5 0.795102
73.6 0.791235
73.7 0.782713
73.8 0.78144
73.9 0.785878
74 0.783035
74.1 0.778873
74.2 0.786126
74.3 0.786865
74.4 0.787935
74.5 0.786436
74.6 0.784295
74.7 0.780768
74.8 0.787718
74.9 0.787939
75 0.789632
75.1 0.787996
75.2 0.792938
75.3 0.792675
75.4 0.790751
75.5 0.782472
75.6 0.777597
75.7 0.772226
75.8 0.765782
75.9 0.770798
76 0.779467
76.1 0.78727
76.2 0.787962
76.3 0.788154
76.4 0.783959
76.5 0.780206
76.6 0.77199
76.7 0.776105
76.8 0.775839
76.9 0.767468
77 0.768591
77.1 0.770345
77.2 0.770487
77.3 0.768709
77.4 0.76944
77.5 0.762222
77.6 0.764534
77.7 0.760806
77.8 0.763579
77.9 0.755733
78 0.751958
78.1 0.75137
78.2 0.756593
78.3 0.747557
78.4 0.746483
78.5 0.75762
78.6 0.762909
78.7 0.770974
78.8 0.769462
78.9 0.773781
79 0.772265
79.1 0.775683
79.2 0.772806
79.3 0.773338
79.4 0.778137
79.5 0.768745
79.6 0.762429
79.7 0.758255
79.8 0.754668
79.9 0.759784
80 0.752248
80.1 0.753965
80.2 0.75499
80.3 0.75436
80.4 0.751292
80.5 0.747205
80.6 0.745811
80.7 0.747986
80.8 0.749305
80.9 0.74728
81 0.750597
81.1 0.749317
81.2 0.753274
81.3 0.75382
81.4 0.75685
81.5 0.758022
81.6 0.758401
81.7 0.745467
81.8 0.744868
81.9 0.742656
82 0.739182
82.1 0.743328
82.2 0.749399
82.3 0.747518
82.4 0.746472
82.5 0.743669
82.6 0.745377
82.7 0.742532
82.8 0.745708
82.9 0.743698
83 0.752404
83.1 0.751381
83.2 0.753455
83.3 0.752876
83.4 0.756339
83.5 0.760551
83.6 0.760105
83.7 0.756667
83.8 0.744848
83.9 0.740652
84 0.746846
84.1 0.746816
84.2 0.738023
84.3 0.735498
84.4 0.73549
84.5 0.737696
84.6 0.737607
84.7 0.73321
84.8 0.731636
84.9 0.724394
85 0.721887
85.1 0.721033
85.2 0.72163
85.3 0.727235
85.4 0.731312
85.5 0.739595
85.6 0.744734
85.7 0.740752
85.8 0.740119
85.9 0.734926
86 0.73481
86.1 0.733216
86.2 0.725336
86.3 0.726349
86.4 0.719934
86.5 0.729451
86.6 0.730561
86.7 0.725261
86.8 0.718361
86.9 0.719323
87 0.719074
87.1 0.723266
87.2 0.725876
87.3 0.72878
87.4 0.728878
87.5 0.733897
87.6 0.732425
87.7 0.731478
87.8 0.727568
87.9 0.727905
88 0.726453
88.1 0.725774
88.2 0.721488
88.3 0.720043
88.4 0.718248
88.5 0.721376
88.6 0.720957
88.7 0.72862
88.8 0.728981
88.9 0.731752
89 0.729573
89.1 0.733489
89.2 0.737183
89.3 0.739435
89.4 0.741552
89.5 0.742729
89.6 0.746295
89.7 0.741924
89.8 0.743637
89.9 0.733936
90 0.732095
90.1 0.72746
90.2 0.73729
90.3 0.743504
90.4 0.740616
90.5 0.734708
90.6 0.73161
90.7 0.726607
90.8 0.729633
90.9 0.731768
91 0.732022
91.1 0.738725
91.2 0.731611
91.3 0.729081
91.4 0.73506
91.5 0.735759
91.6 0.736457
91.7 0.741823
91.8 0.74379
91.9 0.745589
92 0.735786
92.1 0.734437
92.2 0.731589
92.3 0.727459
92.4 0.727289
92.5 0.725249
92.6 0.726738
92.7 0.73139
92.8 0.730464
92.9 0.726602
93 0.72712
93.1 0.725375
93.2 0.725453
93.3 0.727664
93.4 0.72685
93.5 0.735069
93.6 0.741558
93.7 0.736314
93.8 0.724411
93.9 0.719447
94 0.714591
94.1 0.713753
94.2 0.710502
94.3 0.711739
94.4 0.697948
94.5 0.688354
94.6 0.692251
94.7 0.6885
94.8 0.687116
94.9 0.685337
95 0.688101
95.1 0.686488
95.2 0.694628
95.3 0.701595
95.4 0.704331
95.5 0.705914
95.6 0.70368
95.7 0.709024
95.8 0.711117
95.9 0.717992
96 0.730136
96.1 0.731405
96.2 0.72534
96.3 0.714387
96.4 0.706976
96.5 0.702824
96.6 0.700623
96.7 0.703349
96.8 0.706958
96.9 0.712881
97 0.714528
97.1 0.709289
97.2 0.707831
97.3 0.699847
97.4 0.711512
97.5 0.720527
97.6 0.722355
97.7 0.720699
97.8 0.715583
97.9 0.720642
98 0.723255
98.1 0.722132
98.2 0.712115
98.3 0.707298
98.4 0.716272
98.5 0.720949
98.6 0.720834
98.7 0.719282
98.8 0.717038
98.9 0.722645
99 0.727757
99.1 0.728795
99.2 0.726715
99.3 0.724554
99.4 0.731476
99.5 0.734123
99.6 0.729674
99.7 0.726474
99.8 0.727457
99.9 0.724714
100 0.719521
100.1 0.723709
100.2 0.723957
100.3 0.719763
100.4 0.708029
100.5 0.703726
100.6 0.703446
100.7 0.70546
100.8 0.708344
100.9 0.701971
101 0.69875
101.1 0.697331
101.2 0.706499
101.3 0.70924
101.4 0.718091
101.5 0.711334
101.6 0.718157
101.7 0.716894
101.8 0.71839
101.9 0.715217
102 0.715932
102.1 0.724966
102.2 0.723123
102.3 0.719829
102.4 0.734167
102.5 0.733645
102.6 0.738734
102.7 0.743337
102.8 0.743
102.9 0.744916
103 0.747484
103.1 0.750199
103.2 0.751248
103.3 0.749989
103.4 0.751517
103.5 0.755162
103.6 0.752173
103.7 0.753417
103.8 0.755332
103.9 0.751363
104 0.750277
104.1 0.743352
104.2 0.7371
104.3 0.733533
104.4 0.727364
104.5 0.73169
104.6 0.726882
104.7 0.731149
104.8 0.733977
104.9 0.736135
105 0.729953
105.1 0.731692
105.2 0.73479
105.3 0.732644
105.4 0.739873
105.5 0.736322
105.6 0.736071
105.7 0.736865
105.8 0.732275
105.9 0.723993
106 0.720084
106.1 0.720195
106.2 0.730945
106.3 0.731743
106.4 0.730645
106.5 0.735111
106.6 0.731082
106.7 0.729459
106.8 0.735436
106.9 0.735296
107 0.740638
107.1 0.74195
107.2 0.74267
107.3 0.737378
107.4 0.736565
107.5 0.732074
107.6 0.726635
107.7 0.723101
107.8 0.715628
107.9 0.718007
108 0.71072
108.1 0.702871
108.2 0.704493
108.3 0.712286
108.4 0.719259
108.5 0.718177
108.6 0.725242
108.7 0.715297
108.8 0.723862
108.9 0.725879
109 0.72715
109.1 0.738696
109.2 0.7395
109.3 0.744277
109.4 0.74431
109.5 0.747244
109.6 0.750326
109.7 0.747473
109.8 0.751082
109.9 0.745372
110 0.745559
110.1 0.753406
110.2 0.759262
110.3 0.750247
110.4 0.741054
110.5 0.746944
110.6 0.749972
110.7 0.756485
110.8 0.763002
110.9 0.762096
111 0.763859
111.1 0.759642
111.2 0.764832
111.3 0.762215
111.4 0.762516
111.5 0.761268
111.6 0.762672
111.7 0.764362
111.8 0.764535
111.9 0.761991
112 0.757867
112.1 0.763142
112.2 0.756028
112.3 0.752807
112.4 0.759564
112.5 0.757214
112.6 0.759491
112.7 0.763722
112.8 0.757973
112.9 0.76037
113 0.772814
113.1 0.769763
113.2 0.772239
113.3 0.769471
113.4 0.767909
113.5 0.76775
113.6 0.769288
113.7 0.770496
113.8 0.766626
113.9 0.768562
114 0.766715
114.1 0.763219
114.2 0.756109
114.3 0.752142
114.4 0.750278
114.5 0.742285
114.6 0.741151
114.7 0.73466
114.8 0.72946
114.9 0.724624
115 0.726961
115.1 0.725683
115.2 0.729832
115.3 0.736358
115.4 0.737979
115.5 0.747328
115.6 0.744204
115.7 0.734873
115.8 0.734325
115.9 0.743318
116 0.754248
116.1 0.743563
116.2 0.740331
116.3 0.741943
116.4 0.748667
116.5 0.763175
116.6 0.761146
116.7 0.763609
116.8 0.760488
116.9 0.762406
117 0.758677
117.1 0.755816
117.2 0.758378
117.3 0.7546
117.4 0.753792
117.5 0.759534
117.6 0.756671
117.7 0.745118
117.8 0.744507
117.9 0.749722
118 0.749796
118.1 0.73949
118.2 0.742051
118.3 0.744181
118.4 0.738816
118.5 0.739465
118.6 0.742227
118.7 0.745422
118.8 0.745464
118.9 0.74584
119 0.741734
119.1 0.747271
119.2 0.745348
119.3 0.73826
119.4 0.741885
119.5 0.743628
119.6 0.743775
119.7 0.742838
119.8 0.744891
119.9 0.741901
120 0.741934
120.1 0.736721
120.2 0.732216
120.3 0.729651
120.4 0.723973
120.5 0.729052
120.6 0.738185
120.7 0.734701
120.8 0.730701
120.9 0.72316
121 0.72832
121.1 0.727892
121.2 0.743383
121.3 0.739673
121.4 0.739178
121.5 0.738144
121.6 0.737816
121.7 0.73462
121.8 0.729351
121.9 0.725711
122 0.72748
122.1 0.729084
122.2 0.729939
122.3 0.732949
122.4 0.737691
122.5 0.744076
122.6 0.751662
122.7 0.750587
122.8 0.756804
122.9 0.755367
123 0.754454
123.1 0.757251
123.2 0.761653
123.3 0.766193
123.4 0.775712
123.5 0.771168
123.6 0.764489
123.7 0.757925
123.8 0.761166
123.9 0.766276
124 0.762627
124.1 0.765292
124.2 0.764966
124.3 0.765356
124.4 0.763346
124.5 0.755786
124.6 0.762253
124.7 0.755722
124.8 0.75772
124.9 0.759909
125 0.759234
125.1 0.758914
125.2 0.757123
125.3 0.761019
125.4 0.757944
125.5 0.761519
125.6 0.768881
125.7 0.777917
125.8 0.773264
125.9 0.768243
126 0.772976
126.1 0.773842
126.2 0.77331
126.3 0.779421
126.4 0.773596
126.5 0.771412
126.6 0.766089
126.7 0.758584
126.8 0.755791
126.9 0.753917
127 0.759733
127.1 0.765253
127.2 0.766482
127.3 0.76255
127.4 0.755158
127.5 0.750011
127.6 0.748985
127.7 0.748254
127.8 0.750227
127.9 0.752404
128 0.759096
128.1 0.76173
128.2 0.749413
128.3 0.750102
128.4 0.744343
128.5 0.745131
128.6 0.747265
128.7 0.740739
128.8 0.745344
128.9 0.746582
129 0.757582
129.1 0.748269
129.2 0.747419
129.3 0.744661
129.4 0.737202
129.5 0.736409
129.6 0.746217
129.7 0.751982
129.8 0.748798
129.9 0.745553
130 0.736245
130.1 0.733441
130.2 0.734507
130.3 0.746361
130.4 0.7434
130.5 0.740288
130.6 0.74921
130.7 0.751645
130.8 0.749428
130.9 0.752654
131 0.74948
131.1 0.744742
131.2 0.749474
131.3 0.751087
131.4 0.752736
131.5 0.754425
131.6 0.756776
131.7 0.75233
131.8 0.755827
131.9 0.748571
132 0.753192
132.1 0.74925
132.2 0.744385
132.3 0.74775
132.4 0.751388
132.5 0.749439
132.6 0.736285
132.7 0.729797
132.8 0.733634
132.9 0.736959
133 0.731519
133.1 0.740403
133.2 0.741283
133.3 0.741023
133.4 0.733533
133.5 0.732613
133.6 0.738647
133.7 0.736917
133.8 0.734752
133.9 0.732673
134 0.733482
134.1 0.737368
134.2 0.729292
134.3 0.730518
134.4 0.728031
134.5 0.716578
134.6 0.721527
134.7 0.718618
134.8 0.725311
134.9 0.724183
135 0.72471
135.1 0.723707
135.2 0.721111
135.3 0.72352
135.4 0.724201
135.5 0.725397
135.6 0.711861
135.7 0.711115
135.8 0.72154
135.9 0.716615
136 0.711695
136.1 0.715648
136.2 0.714433
136.3 0.725464
136.4 0.7314
136.5 0.729156
136.6 0.720317
136.7 0.726041
136.8 0.72123
136.9 0.71001
137 0.714739
137.1 0.724256
137.2 0.727267
137.3 0.728187
137.4 0.728539
137.5 0.736443
137.6 0.734465
137.7 0.739741
137.8 0.733782
137.9 0.730495
138 0.730693
138.1 0.726276
138.2 0.732926
138.3 0.734072
138.4 0.727677
138.5 0.734096
138.6 0.735462
138.7 0.733782
138.8 0.727655
138.9 0.723893
139 0.720412
139.1 0.723719
139.2 0.723221
139.3 0.725464
139.4 0.728676
139.5 0.736335
139.6 0.734546
139.7 0.738376
139.8 0.749336
139.9 0.749558
140 0.746134
140.1 0.748783
140.2 0.750304
140.3 0.74333
140.4 0.739672
140.5 0.740428
140.6 0.737724
140.7 0.742008
140.8 0.741381
140.9 0.748912
141 0.749176
141.1 0.743234
141.2 0.746152
141.3 0.749757
141.4 0.743817
141.5 0.748136
141.6 0.747547
141.7 0.746406
141.8 0.740395
141.9 0.733271
142 0.72205
142.1 0.725147
142.2 0.724738
142.3 0.726636
142.4 0.737092
142.5 0.727595
142.6 0.72975
142.7 0.725874
142.8 0.720369
142.9 0.715171
143 0.715473
143.1 0.716887
143.2 0.721468
143.3 0.71352
143.4 0.710213
143.5 0.708672
143.6 0.708434
143.7 0.710153
143.8 0.716584
143.9 0.720199
144 0.719813
144.1 0.727824
144.2 0.740379
144.3 0.738458
144.4 0.74235
144.5 0.744211
144.6 0.751422
144.7 0.75047
144.8 0.742642
144.9 0.738407
145 0.746212
145.1 0.737837
145.2 0.735263
145.3 0.73865
145.4 0.735361
145.5 0.746839
145.6 0.754927
145.7 0.752587
145.8 0.745886
145.9 0.745952
146 0.754234
146.1 0.754118
146.2 0.749833
146.3 0.746853
146.4 0.749939
146.5 0.746039
146.6 0.750731
146.7 0.750352
146.8 0.755272
146.9 0.755527
147 0.75495
147.1 0.752677
147.2 0.748406
147.3 0.753
147.4 0.754419
147.5 0.758597
147.6 0.76239
147.7 0.757895
147.8 0.758463
147.9 0.755739
148 0.750114
148.1 0.752684
148.2 0.750901
148.3 0.750093
148.4 0.751052
148.5 0.757734
148.6 0.763325
148.7 0.75628
148.8 0.754798
148.9 0.76342
149 0.760532
149.1 0.768352
149.2 0.766035
149.3 0.772896
149.4 0.771719
149.5 0.770731
149.6 0.764236
149.7 0.764448
149.8 0.758478
149.9 0.756135
