0 0.0455769
0.1 0.0367382
0.2 0.0565375
0.3 0.0358861
0.4 0.039009
0.5 0.0553948
0.6 0.0711318
0.7 0.0730549
0.8 0.0808896
0.9 0.0913007
1 0.116968
1.1 0.126054
1.2 0.126544
1.3 0.131564
1.4 0.141604
1.5 0.120748
1.6 0.128712
1.7 0.128774
1.8 0.124758
1.9 0.13997
2 0.137761
2.1 0.148737
2.2 0.141204
2.3 0.177128
2.4 0.19797
2.5 0.19586
2.6 0.184412
2.7 0.181417
2.8 0.20219
2.9 0.240564
3 0.268232
3.1 0.288273
3.2 0.318151
3.3 0.340314
3.4 0.363789
3.5 0.380997
3.6 0.386836
3.7 0.413624
3.8 0.431416
3.9 0.456244
4 0.469951
4.1 0.481781
4.2 0.484125
4.3 0.506209
4.4 0.517449
4.5 0.537534
4.6 0.546014
4.7 0.548406
4.8 0.558625
4.9 0.574574
5 0.591142
5.1 0.592945
5.2 0.597485
5.3 0.597429
5.4 0.607472
5.5 0.62074
5.6 0.631784
5.7 0.646091
5.8 0.668269
5.9 0.662596
6 0.677799
6.1 0.677896
6.2 0.689705
6.3 0.708581
6.4 0.72068
6.5 0.731854
6.6 0.748259
6.7 0.751104
6.8 0.761078
6.9 0.76213
7 0.769062
7.1 0.777248
7.2 0.784186
7.3 0.79363
7.4 0.793495
7.5 0.798457
7.6 0.808157
7.7 0.812214
7.8 0.815678
7.9 0.816376
8 0.82208
8.1 0.819456
8.2 0.818522
8.3 0.826187
8.4 0.827838
8.5 0.824941
8.6 0.831426
8.7 0.830944
8.8 0.842502
8.9 0.847867
9 0.851871
9.1 0.855823
9.2 0.855992
9.3 0.854215
9.4 0.858502
9.5 0.85583
9.6 0.859992
9.7 0.864714
9.8 0.871018
9.9 0.873151
10 0.871535
10.1 0.871384
10.2 0.873795
10.3 0.86972
10.4 0.873723
10.5 0.880881
10.6 0.873337
10.7 0.873665
10.8 0.875336
10.9 0.875307
11 0.87195
11.1 0.866928
11.2 0.862546
11.3 0.857456
11.4 0.853397
11.5 0.85321
11.6 0.85769
11.7 0.852987
11.8 0.861566
11.9 0.861523
12 0.866368
12.1 0.861512
12.2 0.863491
12.3 0.862604
12.4 0.87067
12.5 0.866987
12.6 0.864976
12.7 0.866241
12.8 0.867426
12.9 0.865242
13 0.854398
13.1 0.857596
13.2 0.853881
13.3 0.856938
13.4 0.851648
13.5 0.842207
13.6 0.841084
13.7 0.840143
13.8 0.840424
13.9 0.834421
14 0.835184
14.1 0.837818
14.2 0.836488
14.3 0.833829
14.4 0.83873
14.5 0.841759
14.6 0.83654
14.7 0.827324
14.8 0.830548
14.9 0.840724
15 0.843289
15.1 0.835747
15.2 0.844454
15.3 0.840295
15.4 0.836191
15.5 0.842167
15.6 0.840249
15.7 0.842041
15.8 0.852298
15.9 0.858121
16 0.858022
16.1 0.854608
16.2 0.849192
16.3 0.846544
16.4 0.838202
16.5 0.844246
16.6 0.852225
16.7 0.848906
16.8 0.847708
16.9 0.834144
17 0.832583
17.1 0.833656
17.2 0.830879
17.3 0.826558
17.4 0.832577
17.5 0.831677
17.6 0.832726
17.7 0.826054
17.8 0.83
17.9 0.828716
18 0.826534
18.1 0.821509
18.2 0.823215
18.3 0.827649
18.4 0.825438
18.5 0.831426
18.6 0.838947
18.7 0.838916
18.8 0.84356
18.9 0.845065
19 0.84624
19.1 0.848422
19.2 0.849128
19.3 0.847026
19.4 0.847609
19.5 0.854057
19.6 0.852097
19.7 0.851925
19.8 0.850291
19.9 0.850186
20 0.853509
20.1 0.852737
20.2 0.858458
20.3 0.857782
20.4 0.851854
20.5 0.84858
20.6 0.842155
20.7 0.839507
20.8 0.833196
20.9 0.834228
21 0.82748
21.1 0.825735
21.2 0.819029
21.3 0.815941
21.4 0.814061
21.5 0.81006
21.6 0.806105
21.7 0.807065
21.8 0.804419
21.9 0.797503
22 0.811196
22.1 0.81421
22.2 0.819126
22.3 0.815033
22.4 0.808502
22.5 0.812038
22.6 0.822028
22.7 0.821075
22.8 0.820463
22.9 0.812364
23 0.814052
23.1 0.819029
23.2 0.821277
23.3 0.815487
23.4 0.814996
23.5 0.810684
23.6 0.817171
23.7 0.815946
23.8 0.814547
23.9 0.811606
24 0.81333
24.1 0.818751
24.2 0.822635
24.3 0.819974
24.4 0.823113
24.5 0.817014
24.6 0.823206
24.7 0.831134
24.8 0.828716
24.9 0.832346
25 0.833329
25.1 0.832599
25.2 0.829916
25.3 0.828618
25.4 0.829734
25.5 0.833256
25.6 0.834669
25.7 0.839488
25.8 0.836223
25.9 0.828516
26 0.823282
26.1 0.822065
26.2 0.825249
26.3 0.824322
26.4 0.823977
26.5 0.834599
26.6 0.829432
26.7 0.82773
26.8 0.82779
26.9 0.826803
27 0.834392
27.1 0.829805
27.2 0.836253
27.3 0.827983
27.4 0.82659
27.5 0.831963
27.6 0.828813
27.7 0.829802
27.8 0.833958
27.9 0.838901
28 0.839673
28.1 0.838709
28.2 0.835054
28.3 0.841968
28.4 0.840078
28.5 0.840553
28.6 0.847157
28.7 0.845192
28.8 0.842968
28.9 0.842006
29 0.841263
29.1 0.849567
29.2 0.848321
29.3 0.837082
29.4 0.839221
29.5 0.8425
29.6 0.837176
29.7 0.825046
29.8 0.829768
29.9 0.825724
30 0.81959
30.1 0.813357
30.2 0.805465
30.3 0.800392
30.4 0.807745
30.5 0.807798
30.6 0.801523
30.7 0.805188
30.8 0.80236
30.9 0.812097
31 0.817066
31.1 0.817479
31.2 0.819416
31.3 0.818092
31.4 0.811919
31.5 0.812038
31.6 0.809927
31.7 0.813857
31.8 0.81666
31.9 0.821038
32 0.832255
32.1 0.834722
32.2 0.832376
32.3 0.845972
32.4 0.841794
32.5 0.844437
32.6 0.858418
32.7 0.853824
32.8 0.85042
32.9 0.848751
33 0.843325
33.1 0.845621
33.2 0.846562
33.3 0.844129
33.4 0.839025
33.5 0.836378
33.6 0.83542
33.7 0.827942
33.8 0.825062
33.9 0.826813
34 0.818009
34.1 0.807581
34.2 0.803275
34.3 0.796725
34.4 0.80026
34.5 0.790694
34.6 0.789447
34.7 0.789135
34.8 0.781628
34.9 0.802025
35 0.81471
35.1 0.820391
35.2 0.817703
35.3 0.810929
35.4 0.812046
35.5 0.802224
35.6 0.805738
35.7 0.814587
35.8 0.824025
35.9 0.824987
36 0.829355
36.1 0.828961
36.2 0.826596
36.3 0.826938
36.4 0.828074
36.5 0.831482
36.6 0.830205
36.7 0.833823
36.8 0.834263
36.9 0.839838
37 0.844808
37.1 0.845271
37.2 0.848849
37.3 0.854437
37.4 0.854665
37.5 0.851099
37.6 0.844372
37.7 0.849942
37.8 0.848777
37.9 0.84722
38 0.842451
38.1 0.845172
38.2 0.850076
38.3 0.851515
38.4 0.843759
38.5 0.842926
38.6 0.838635
38.7 0.845913
38.8 0.841633
38.9 0.847004
39 0.84819
39.1 0.84034
39.2 0.84788
39.3 0.845288
39.4 0.854941
39.5 0.844402
39.6 0.842099
39.7 0.845098
39.8 0.842214
39.9 0.835967
40 0.838669
40.1 0.830628
40.2 0.827528
40.3 0.843773
40.4 0.839144
40.5 0.845782
40.6 0.844474
40.7 0.832762
40.8 0.84072
40.9 0.850533
41 0.860978
41.1 0.857418
41.2 0.849963
41.3 0.841204
41.4 0.846352
41.5 0.843825
41.6 0.838698
41.7 0.840721
41.8 0.837276
41.9 0.839683
42 0.840167
42.1 0.83749
42.2 0.837793
42.3 0.845234
42.4 0.844626
42.5 0.847302
42.6 0.848954
42.7 0.852397
42.8 0.857523
42.9 0.854595
43 0.852877
43.1 0.852974
43.2 0.859593
43.3 0.858646
43.4 0.849494
43.5 0.850608
43.6 0.858968
43.7 0.858725
43.8 0.8585
43.9 0.858043
44 0.867872
44.1 0.870173
44.2 0.867402
44.3 0.861122
44.4 0.859756
44.5 0.854266
44.6 0.850437
44.7 0.844199
44.8 0.842512
44.9 0.841119
45 0.834053
45.1 0.826058
45.2 0.829049
45.3 0.825587
45.4 0.825788
45.5 0.828556
45.6 0.839626
45.7 0.83764
45.8 0.83492
45.9 0.839561
46 0.843302
46.1 0.856799
46.2 0.869347
46.3 0.876553
46.4 0.875333
46.5 0.879337
46.6 0.886491
46.7 0.891023
46.8 0.895613
46.9 0.895732
47 0.89789
47.1 0.896825
47.2 0.896788
47.3 0.889898
47.4 0.887008
47.5 0.88612
47.6 0.884992
47.7 0.882243
47.8 0.880304
47.9 0.885312
48 0.889635
48.1 0.879718
48.2 0.87636
48.3 0.873334
48.4 0.876541
48.5 0.877302
48.6 0.873791
48.7 0.877355
48.8 0.877144
48.9 0.872815
49 0.87088
49.1 0.869568
49.2 0.861928
49.3 0.865671
49.4 0.861789
49.5 0.85762
49.6 0.853816
49.7 0.852296
49.8 0.853373
49.9 0.853539
50 0.856342
50.1 0.854756
50.2 0.854525
50.3 0.853215
50.4 0.853772
50.5 0.854565
50.6 0.852957
50.7 0.842008
50.8 0.836648
50.9 0.829277
51 0.829882
51.1 0.834849
51.2 0.842289
51.3 0.835735
51.4 0.840473
51.5 0.840038
51.6 0.837604
51.7 0.842457
51.8 0.841884
51.9 0.85228
52 0.870301
52.1 0.868037
52.2 0.870171
52.3 0.874249
52.4 0.876166
52.5 0.870153
52.6 0.866506
52.7 0.868076
52.8 0.870301
52.9 0.863143
53 0.862781
53.1 0.852559
53.2 0.855304
53.3 0.846127
53.4 0.85589
53.5 0.855301
53.6 0.854842
53.7 0.851194
53.8 0.850835
53.9 0.850818
54 0.849837
54.1 0.847687
54.2 0.844683
54.3 0.836167
54.4 0.832563
54.5 0.835086
54.6 0.836119
54.7 0.827983
54.8 0.821927
54.9 0.819507
55 0.817743
55.1 0.821349
55.2 0.818526
55.3 0.817267
55.4 0.819477
55.5 0.821277
55.6 0.831003
55.7 0.832525
55.8 0.838814
55.9 0.839054
56 0.848113
56.1 0.852601
56.2 0.856958
56.3 0.863049
56.4 0.865561
56.5 0.871542
56.6 0.872548
56.7 0.870446
56.8 0.869252
56.9 0.871005
57 0.871219
57.1 0.871955
57.2 0.868544
57.3 0.860885
57.4 0.862384
57.5 0.862909
57.6 0.862774
57.7 0.863726
57.8 0.861105
57.9 0.861553
58 0.861196
58.1 0.866674
58.2 0.855998
58.3 0.856553
58.4 0.861458
58.5 0.858254
58.6 0.851163
58.7 0.8509
58.8 0.847684
58.9 0.844594
59 0.842201
59.1 0.839047
59.2 0.843621
59.3 0.846054
59.4 0.84376
59.5 0.846171
59.6 0.849075
59.7 0.850702
59.8 0.847672
59.9 0.845386
60 0.843183
60.1 0.844058
60.2 0.842479
60.3 0.845601
60.4 0.841138
60.5 0.845129
60.6 0.852686
60.7 0.855723
60.8 0.855069
60.9 0.855753
61 0.855542
61.1 0.861438
61.2 0.869143
61.3 0.87421
61.4 0.874156
61.5 0.870912
61.6 0.863139
61.7 0.86538
61.8 0.866907
61.9 0.868207
62 0.866603
62.1 0.866882
62.2 0.867086
62.3 0.871347
62.4 0.874059
62.5 0.871489
62.6 0.874904
62.7 0.878934
62.8 0.878454
62.9 0.87009
63 0.865122
63.1 0.860783
63.2 0.84838
63.3 0.848501
63.4 0.843289
63.5 0.838243
63.6 0.841854
63.7 0.839323
63.8 0.843948
63.9 0.845957
64 0.85261
64.1 0.843929
64.2 0.849663
64.3 0.847148
64.4 0.845458
64.5 0.854728
64.6 0.848583
64.7 0.856663
64.8 0.863963
64.9 0.869585
65 0.864748
65.1 0.873755
65.2 0.876227
65.3 0.87435
65.4 0.866379
65.5 0.863788
65.6 0.855058
65.7 0.857884
65.8 0.862893
65.9 0.860413
66 0.863494
66.1 0.869554
66.2 0.871888
66.3 0.865158
66.4 0.87169
66.5 0.87154
66.6 0.87008
66.7 0.871627
66.8 0.864995
66.9 0.861433
67 0.857175
67.1 0.850708
67.2 0.85098
67.3 0.848005
67.4 0.848077
67.5 0.847922
67.6 0.852906
67.7 0.85626
67.8 0.858789
67.9 0.861535
68 0.857121
68.1 0.850857
68.2 0.842357
68.3 0.840193
68.4 0.834806
68.5 0.829095
68.6 0.832331
68.7 0.831757
68.8 0.831441
68.9 0.823186
69 0.829056
69.1 0.828728
69.2 0.829261
69.3 0.838223
69.4 0.840587
69.5 0.833281
69.6 0.83076
69.7 0.832055
69.8 0.828237
69.9 0.823126
70 0.829307
70.1 0.83882
70.2 0.836821
70.3 0.84145
70.4 0.837801
70.5 0.837694
70.6 0.840387
70.7 0.838485
70.8 0.838576
70.9 0.834109
71 0.827574
71.1 0.826559
71.2 0.826231
71.3 0.823806
71.4 0.819395
71.5 0.820298
71.6 0.818512
71.7 0.824488
71.8 0.823375
71.9 0.82067
72 0.8145
72.1 0.812806
72.2 0.816207
72.3 0.811885
72.4 0.807948
72.5 0.825947
72.6 0.826402
72.7 0.831668
72.8 0.832737
72.9 0.83479
73 0.829519
73.1 0.826368
73.2 0.823752
73.3 0.812873
73.4 0.796437
73.5 0.798963
73.6 0.803304
73.7 0.804475
73.8 0.801132
73.9 0.795916
74 0.7878
74.1 0.790095
74.2 0.793195
74.3 0.79954
74.4 0.794431
74.5 0.81325
74.6 0.809484
74.7 0.805729
74.8 0.801024
74.9 0.799062
75 0.796417
75.1 0.80767
75.2 0.807473
75.3 0.806256
75.4 0.806777
75.5 0.804973
75.6 0.808688
75.7 0.80499
75.8 0.805356
75.9 0.804593
76 0.804646
76.1 0.810999
76.2 0.816122
76.3 0.805957
76.4 0.801757
76.5 0.807129
76.6 0.81036
76.7 0.812823
76.8 0.807918
76.9 0.808366
77 0.811329
77.1 0.812451
77.2 0.802171
77.3 0.795355
77.4 0.810059
77.5 0.811351
77.6 0.811768
77.7 0.814505
77.8 0.813978
77.9 0.814489
78 0.810878
78.1 0.808036
78.2 0.813901
78.3 0.807567
78.4 0.801044
78.5 0.795559
78.6 0.791679
78.7 0.777784
78.8 0.767032
78.9 0.77386
79 0.775726
79.1 0.77786
79.2 0.785882
79.3 0.808436
79.4 0.822594
79.5 0.827888
79.6 0.841761
79.7 0.840999
79.8 0.84921
79.9 0.862583
80 0.859775
80.1 0.860623
80.2 0.860112
80.3 0.855926
80.4 0.855069
80.5 0.854398
80.6 0.849227
80.7 0.846669
80.8 0.851308
80.9 0.852563
81 0.855452
81.1 0.860985
81.2 0.856251
81.3 0.852517
81.4 0.84789
81.5 0.838175
81.6 0.844903
81.7 0.848818
81.8 0.852857
81.9 0.857588
82 0.853817
82.1 0.851227
82.2 0.848479
82.3 0.843745
82.4 0.838594
82.5 0.839121
82.6 0.839545
82.7 0.832514
82.8 0.833447
82.9 0.833094
83 0.828957
83.1 0.830951
83.2 0.834621
83.3 0.835155
83.4 0.839353
83.5 0.840978
83.6 0.844685
83.7 0.840589
83.8 0.836371
83.9 0.841173
84 0.837477
84.1 0.842002
84.2 0.84168
84.3 0.850066
84.4 0.850502
84.5 0.843348
84.6 0.836447
84.7 0.833199
84.8 0.830227
84.9 0.828767
85 0.830278
85.1 0.827417
85.2 0.820918
85.3 0.822415
85.4 0.822819
85.5 0.82923
85.6 0.829966
85.7 0.834341
85.8 0.835042
85.9 0.835843
86 0.847787
86.1 0.849768
86.2 0.843501
86.3 0.842934
86.4 0.839062
86.5 0.846288
86.6 0.852131
86.7 0.848781
86.8 0.845908
86.9 0.845958
87 0.846251
87.1 0.850586
87.2 0.85387
87.3 0.843719
87.4 0.837591
87.5 0.838363
87.6 0.838374
87.7 0.831728
87.8 0.828963
87.9 0.829389
88 0.826976
88.1 0.844104
88.2 0.856091
88.3 0.863574
88.4 0.869897
88.5 0.869638
88.6 0.873887
88.7 0.87353
88.8 0.867999
88.9 0.861921
89 0.861389
89.1 0.863594
89.2 0.864274
89.3 0.861373
89.4 0.858253
89.5 0.852775
89.6 0.857995
89.7 0.861821
89.8 0.861757
89.9 0.862076
90 0.863472
90.1 0.871035
90.2 0.86812
90.3 0.862578
90.4 0.860132
90.5 0.862027
90.6 0.865765
90.7 0.870679
90.8 0.873164
90.9 0.868534
91 0.860022
91.1 0.852429
91.2 0.844421
91.3 0.837119
91.4 0.829721
91.5 0.831946
91.6 0.826017
91.7 0.817691
91.8 0.810583
91.9 0.813353
92 0.827766
92.1 0.83224
92.2 0.837702
92.3 0.850123
92.4 0.850162
92.5 0.857077
92.6 0.857032
92.7 0.85429
92.8 0.845709
92.9 0.850279
93 0.847301
93.1 0.846623
93.2 0.850038
93.3 0.854147
93.4 0.850654
93.5 0.858066
93.6 0.859416
93.7 0.855382
93.8 0.854478
93.9 0.854653
94 0.853841
94.1 0.852511
94.2 0.853986
94.3 0.859591
94.4 0.856821
94.5 0.857435
94.6 0.857729
94.7 0.854198
94.8 0.85806
94.9 0.863525
95 0.868987
95.1 0.872267
95.2 0.868995
95.3 0.878981
95.4 0.881685
95.5 0.895593
95.6 0.89273
95.7 0.889772
95.8 0.882056
95.9 0.88193
96 0.878345
96.1 0.876705
96.2 0.877647
96.3 0.882461
96.4 0.882849
96.5 0.872359
96.6 0.875241
96.7 0.867496
96.8 0.876054
96.9 0.871735
97 0.870857
97.1 0.865807
97.2 0.870807
97.3 0.870805
97.4 0.857973
97.5 0.851855
97.6 0.846076
97.7 0.846484
97.8 0.848247
97.9 0.843868
98 0.843232
98.1 0.835694
98.2 0.831605
98.3 0.837339
98.4 0.832694
98.5 0.838439
98.6 0.838841
98.7 0.830936
98.8 0.825
98.9 0.824514
99 0.827625
99.1 0.839697
99.2 0.850395
99.3 0.853556
99.4 0.855882
99.5 0.861897
99.6 0.86499
99.7 0.866348
99.8 0.869059
99.9 0.87503
100 0.881487
100.1 0.881569
100.2 0.886941
100.3 0.881112
100.4 0.882943
100.5 0.87977
100.6 0.880564
100.7 0.875197
100.8 0.869726
100.9 0.863824
101 0.862045
101.1 0.862741
101.2 0.86619
101.3 0.862624
101.4 0.863213
101.5 0.865119
101.6 0.86757
101.7 0.867525
101.8 0.871689
101.9 0.871169
102 0.875462
102.1 0.871079
102.2 0.868148
102.3 0.8704
102.4 0.877594
102.5 0.881784
102.6 0.881709
102.7 0.883394
102.8 0.882576
102.9 0.881297
103 0.881942
103.1 0.879641
103.2 0.880512
103.3 0.880121
103.4 0.879476
103.5 0.878596
103.6 0.875222
103.7 0.87605
103.8 0.865692
103.9 0.865748
104 0.860063
104.1 0.85438
104.2 0.853424
104.3 0.852454
104.4 0.849951
104.5 0.845493
104.6 0.846188
104.7 0.840859
104.8 0.833991
104.9 0.83469
105 0.838403
105.1 0.831867
105.2 0.8397
105.3 0.843072
105.4 0.835473
105.5 0.837041
105.6 0.838481
105.7 0.833011
105.8 0.837595
105.9 0.840195
106 0.83658
106.1 0.842485
106.2 0.84573
106.3 0.853886
106.4 0.848953
106.5 0.850538
106.6 0.854406
106.7 0.862129
106.8 0.859957
106.9 0.863307
107 0.864952
107.1 0.86547
107.2 0.86179
107.3 0.857646
107.4 0.861992
107.5 0.858398
107.6 0.856865
107.7 0.856036
107.8 0.851644
107.9 0.85607
108 0.854158
108.1 0.851208
108.2 0.849272
108.3 0.84802
108.4 0.843409
108.5 0.842581
108.6 0.846282
108.7 0.838802
108.8 0.834554
108.9 0.83005
109 0.831127
109.1 0.829327
109.2 0.829216
109.3 0.830886
109.4 0.840107
109.5 0.844231
109.6 0.844982
109.7 0.849046
109.8 0.852441
109.9 0.859687
110 0.858361
110.1 0.857728
110.2 0.854241
110.3 0.850008
110.4 0.847675
110.5 0.850831
110.6 0.845757
110.7 0.845063
110.8 0.841667
110.9 0.836479
111 0.828952
111.1 0.826612
111.2 0.821129
111.3 0.817094
111.4 0.819815
111.5 0.823918
111.6 0.828828
111.7 0.824114
111.8 0.827136
111.9 0.828543
112 0.825731
112.1 0.834326
112.2 0.838856
112.3 0.829801
112.4 0.833613
112.5 0.838279
112.6 0.851375
112.7 0.851296
112.8 0.849196
112.9 0.843746
113 0.849092
113.1 0.852178
113.2 0.859754
113.3 0.861928
113.4 0.848441
113.5 0.845068
113.6 0.853301
113.7 0.864662
113.8 0.848575
113.9 0.849482
114 0.84963
114.1 0.833732
114.2 0.830149
114.3 0.822908
114.4 0.824648
114.5 0.828703
114.6 0.824299
114.7 0.831465
114.8 0.835021
114.9 0.838448
115 0.838384
115.1 0.840476
115.2 0.840652
115.3 0.846103
115.4 0.84705
115.5 0.844886
115.6 0.846982
115.7 0.851664
115.8 0.848482
115.9 0.846585
116 0.842371
116.1 0.844571
116.2 0.841123
116.3 0.847896
116.4 0.844758
116.5 0.860247
116.6 0.857155
116.7 0.855108
116.8 0.852839
116.9 0.850233
117 0.841043
117.1 0.854681
117.2 0.860816
117.3 0.865325
117.4 0.868243
117.5 0.872163
117.6 0.874217
117.7 0.878187
117.8 0.874673
117.9 0.882536
118 0.885666
118.1 0.887112
118.2 0.885807
118.3 0.884067
118.4 0.878768
118.5 0.879789
118.6 0.878321
118.7 0.878185
118.8 0.875232
118.9 0.870548
119 0.8701
119.1 0.86412
119.2 0.865492
119.3 0.857143
119.4 0.853169
119.5 0.846004
119.6 0.840845
119.7 0.846439
119.8 0.845108
119.9 0.842163
120 0.845185
120.1 0.846939
120.2 0.847333
120.3 0.853526
120.4 0.854375
120.5 0.859825
120.6 0.857035
120.7 0.859541
120.8 0.859618
120.9 0.865594
121 0.859946
121.1 0.855748
121.2 0.853168
121.3 0.85179
121.4 0.850163
121.5 0.855427
121.6 0.856599
121.7 0.859612
121.8 0.862611
121.9 0.869331
122 0.874048
122.1 0.873591
122.2 0.880747
122.3 0.873353
122.4 0.866921
122.5 0.854747
122.6 0.853171
122.7 0.854719
122.8 0.858187
122.9 0.853167
123 0.849843
123.1 0.848393
123.2 0.847499
123.3 0.84045
123.4 0.845051
123.5 0.843777
123.6 0.846159
123.7 0.836063
123.8 0.842138
123.9 0.843957
124 0.83941
124.1 0.838909
124.2 0.840942
124.3 0.850655
124.4 0.845087
124.5 0.860931
124.6 0.863941
124.7 0.874356
124.8 0.868895
124.9 0.863875
125 0.860697
125.1 0.855923
125.2 0.8512
125.3 0.855118
125.4 0.845098
125.5 0.840868
125.6 0.840446
125.7 0.840797
125.8 0.842073
125.9 0.837784
126 0.837315
126.1 0.835481
126.2 0.828661
126.3 0.824654
126.4 0.83349
126.5 0.83775
126.6 0.835451
126.7 0.833692
126.8 0.836972
126.9 0.839106
127 0.840016
127.1 0.835848
127.2 0.834868
127.3 0.829906
127.4 0.831012
127.5 0.832361
127.6 0.806129
127.7 0.817283
127.8 0.819286
127.9 0.823389
128 0.825978
128.1 0.828116
128.2 0.836036
128.3 0.837292
128.4 0.836965
128.5 0.83699
128.6 0.837355
128.7 0.836475
128.8 0.837968
128.9 0.840125
129 0.842117
129.1 0.836197
129.2 0.831775
129.3 0.834425
129.4 0.837625
129.5 0.843534
129.6 0.84518
129.7 0.851051
129.8 0.829682
129.9 0.843435
130 0.822974
130.1 0.80444
130.2 0.825802
130.3 0.829423
130.4 0.824678
130.5 0.82912
130.6 0.829955
130.7 0.824194
130.8 0.831361
130.9 0.828777
131 0.831623
131.1 0.828022
131.2 0.841581
131.3 0.843742
131.4 0.843217
131.5 0.837184
131.6 0.832141
131.7 0.837551
131.8 0.838163
131.9 0.844842
132 0.847003
132.1 0.843162
132.2 0.843484
132.3 0.843064
132.4 0.844688
132.5 0.840923
132.6 0.83515
132.7 0.832813
132.8 0.83251
132.9 0.833287
133 0.840164
133.1 0.839801
133.2 0.842371
133.3 0.837114
133.4 0.835549
133.5 0.824607
133.6 0.825682
133.7 0.827094
133.8 0.826203
133.9 0.827161
134 0.829352
134.1 0.832476
134.2 0.844249
134.3 0.842397
134.4 0.837685
134.5 0.839638
134.6 0.836245
134.7 0.833517
134.8 0.836175
134.9 0.841299
135 0.841919
135.1 0.844151
135.2 0.842198
135.3 0.83656
135.4 0.833869
135.5 0.827485
135.6 0.831825
135.7 0.834266
135.8 0.835962
135.9 0.839757
136 0.838177
136.1 0.83808
136.2 0.835159
136.3 0.829962
136.4 0.823755
136.5 0.818649
136.6 0.821207
136.7 0.823241
136.8 0.820616
136.9 0.81989
137 0.82776
137.1 0.827201
137.2 0.828643
137.3 0.835372
137.4 0.840874
137.5 0.824884
137.6 0.828799
137.7 0.826874
137.8 0.843618
137.9 0.841612
138 0.842291
138.1 0.85715
138.2 0.865976
138.3 0.868747
138.4 0.872189
138.5 0.876219
138.6 0.8795
138.7 0.876334
138.8 0.871704
138.9 0.872463
139 0.875907
139.1 0.876606
139.2 0.878135
139.3 0.878132
139.4 0.877131
139.5 0.870405
139.6 0.864769
139.7 0.865315
139.8 0.869963
139.9 0.859263
140 0.861108
140.1 0.849685
140.2 0.854408
140.3 0.848383
140.4 0.850987
140.5 0.85005
140.6 0.844239
140.7 0.840871
140.8 0.842658
140.9 0.83495
141 0.834925
141.1 0.8347
141.2 0.835336
141.3 0.833823
141.4 0.836753
141.5 0.831562
141.6 0.835763
141.7 0.833998
141.8 0.843085
141.9 0.840873
142 0.835852
142.1 0.843738
142.2 0.842554
142.3 0.843072
142.4 0.842801
142.5 0.848261
142.6 0.843638
142.7 0.842464
142.8 0.842119
142.9 0.846904
143 0.845572
143.1 0.835319
143.2 0.845209
143.3 0.847568
143.4 0.840197
143.5 0.839127
143.6 0.83861
143.7 0.844138
143.8 0.845523
143.9 0.844889
144 0.837202
144.1 0.83419
144.2 0.828963
144.3 0.829943
144.4 0.837042
144.5 0.830871
144.6 0.823261
144.7 0.820284
144.8 0.823073
144.9 0.818916
145 0.814629
145.1 0.811573
145.2 0.823043
145.3 0.835889
145.4 0.835298
145.5 0.832677
145.6 0.834368
145.7 0.838566
145.8 0.832802
145.9 0.834514
146 0.826451
146.1 0.816572
146.2 0.81864
146.3 0.813567
146.4 0.818689
146.5 0.825753
146.6 0.819463
146.7 0.816214
146.8 0.810125
146.9 0.809822
147 0.802666
147.1 0.799972
147.2 0.798739
147.3 0.786821
147.4 0.794376
147.5 0.814795
147.6 0.813833
147.7 0.813808
147.8 0.817406
147.9 0.821949
148 0.813935
148.1 0.816172
148.2 0.815151
148.3 0.805882
148.4 0.793869
148.5 0.794765
148.6 0.79997
148.7 0.802708
148.8 0.807154
148.9 0.812915
149 0.80877
149.1 0.800494
149.2 0.808347
149.3 0.817694
149.4 0.819939
149.5 0.8153
149.6 0.812829
149.7 0.819652
149.8 0.829396
149.9 0.828473
150 0.829331
150.1 0.825335
150.2 0.826658
150.3 0.828826
150.4 0.834076
150.5 0.835225
150.6 0.840886
150.7 0.842099
150.8 0.841154
150.9 0.834163
151 0.838149
151.1 0.839845
151.2 0.841456
151.3 0.842328
151.4 0.848607
151.5 0.8614
151.6 0.863777
151.7 0.866471
151.8 0.865551
151.9 0.864385
152 0.862099
152.1 0.868518
152.2 0.870133
152.3 0.874974
152.4 0.868231
152.5 0.869262
152.6 0.880172
152.7 0.875782
152.8 0.877746
152.9 0.879602
153 0.8771
153.1 0.878946
153.2 0.876225
153.3 0.874134
153.4 0.870449
153.5 0.879727
153.6 0.879597
153.7 0.879597
153.8 0.877389
153.9 0.878328
154 0.875765
154.1 0.870048
154.2 0.865841
154.3 0.871545
154.4 0.881713
154.5 0.881204
154.6 0.875451
154.7 0.882243
154.8 0.881608
154.9 0.879742
155 0.873629
155.1 0.866547
155.2 0.867818
155.3 0.865532
155.4 0.859346
155.5 0.861618
155.6 0.849621
155.7 0.850028
155.8 0.852169
155.9 0.853026
156 0.854607
156.1 0.85519
156.2 0.857291
156.3 0.85402
156.4 0.852803
156.5 0.853761
156.6 0.84992
156.7 0.848183
156.8 0.843922
156.9 0.856777
157 0.850942
157.1 0.849608
157.2 0.850019
157.3 0.841562
157.4 0.836411
157.5 0.834231
157.6 0.827504
157.7 0.825354
157.8 0.834417
157.9 0.837862
158 0.841567
158.1 0.837162
158.2 0.835811
158.3 0.833639
158.4 0.840961
158.5 0.84036
158.6 0.842677
158.7 0.83993
158.8 0.841463
158.9 0.833317
159 0.827241
159.1 0.824689
159.2 0.823478
159.3 0.821925
159.4 0.826058
159.5 0.833485
159.6 0.842559
159.7 0.84158
159.8 0.846273
159.9 0.835143
160 0.833235
160.1 0.830964
160.2 0.830282
160.3 0.82189
160.4 0.822348
160.5 0.819416
160.6 0.812827
160.7 0.81095
160.8 0.805358
160.9 0.808102
161 0.798601
161.1 0.809122
161.2 0.809403
161.3 0.819406
161.4 0.815084
161.5 0.825162
161.6 0.824389
161.7 0.818787
161.8 0.819131
161.9 0.818461
162 0.809413
162.1 0.809321
162.2 0.809096
162.3 0.806462
162.4 0.804746
162.5 0.803917
162.6 0.807859
162.7 0.811726
162.8 0.805382
162.9 0.809562
163 0.806886
163.1 0.813214
163.2 0.81335
163.3 0.808321
163.4 0.807761
163.5 0.809235
163.6 0.8085
163.7 0.816269
163.8 0.814378
163.9 0.822389
164 0.823912
164.1 0.823742
164.2 0.823201
164.3 0.820518
164.4 0.819827
164.5 0.81671
164.6 0.824972
164.7 0.816001
164.8 0.817781
164.9 0.818512
165 0.817938
165.1 0.819044
165.2 0.816907
165.3 0.81066
165.4 0.801162
165.5 0.814045
165.6 0.821276
165.7 0.821116
165.8 0.82406
165.9 0.829544
166 0.834138
166.1 0.844042
166.2 0.837837
166.3 0.844106
166.4 0.847564
166.5 0.843858
166.6 0.848145
166.7 0.844091
166.8 0.843942
166.9 0.837007
167 0.840068
167.1 0.845179
167.2 0.848363
167.3 0.842019
167.4 0.833645
167.5 0.82894
167.6 0.829348
167.7 0.83406
167.8 0.835262
167.9 0.829715
168 0.83155
168.1 0.82811
168.2 0.830628
168.3 0.837044
168.4 0.834195
168.5 0.828134
168.6 0.82259
168.7 0.825657
168.8 0.824933
168.9 0.821375
169 0.815322
169.1 0.812435
169.2 0.808432
169.3 0.811352
169.4 0.803814
169.5 0.795434
169.6 0.796346
169.7 0.797049
169.8 0.791534
169.9 0.790411
170 0.795472
170.1 0.811906
170.2 0.821132
170.3 0.827577
170.4 0.830501
170.5 0.83516
170.6 0.841026
170.7 0.83207
170.8 0.826621
170.9 0.82449
171 0.827128
171.1 0.822448
171.2 0.816462
171.3 0.814043
171.4 0.81057
171.5 0.817804
171.6 0.817883
171.7 0.817618
171.8 0.824468
171.9 0.824692
172 0.820094
172.1 0.822516
172.2 0.823033
172.3 0.815026
172.4 0.81758
172.5 0.831323
172.6 0.825621
172.7 0.835152
172.8 0.842608
172.9 0.8389
173 0.842989
173.1 0.843477
173.2 0.835106
173.3 0.830552
173.4 0.837287
173.5 0.834128
173.6 0.836084
173.7 0.836714
173.8 0.850828
173.9 0.864385
174 0.86271
174.1 0.863451
174.2 0.866637
174.3 0.872626
174.4 0.862946
174.5 0.86722
174.6 0.875092
174.7 0.87111
174.8 0.867623
174.9 0.869754
175 0.86689
175.1 0.869258
175.2 0.872404
175.3 0.870213
175.4 0.867576
175.5 0.86544
175.6 0.862578
175.7 0.857802
175.8 0.859355
175.9 0.867624
176 0.867816
176.1 0.859981
176.2 0.853014
176.3 0.84801
176.4 0.841023
176.5 0.830654
176.6 0.83087
176.7 0.825014
176.8 0.82078
176.9 0.829752
177 0.83675
177.1 0.843965
177.2 0.847389
177.3 0.845523
177.4 0.84105
177.5 0.847791
177.6 0.846163
177.7 0.8476
177.8 0.843261
177.9 0.844895
178 0.843063
178.1 0.845665
178.2 0.845681
178.3 0.850184
178.4 0.855948
178.5 0.848702
178.6 0.847612
178.7 0.846032
178.8 0.845285
178.9 0.840064
179 0.835678
179.1 0.832195
179.2 0.832218
179.3 0.835933
179.4 0.835841
179.5 0.837104
179.6 0.83702
179.7 0.841962
179.8 0.83342
179.9 0.833173
180 0.827231
180.1 0.832
180.2 0.827
180.3 0.826475
180.4 0.832152
180.5 0.834771
180.6 0.835489
180.7 0.838097
180.8 0.828797
180.9 0.82238
181 0.821051
181.1 0.82039
181.2 0.815453
181.3 0.81977
181.4 0.820013
181.5 0.815796
181.6 0.816857
181.7 0.812399
181.8 0.813432
181.9 0.811899
182 0.812461
182.1 0.811094
182.2 0.806561
182.3 0.815561
182.4 0.814194
182.5 0.813338
182.6 0.814754
182.7 0.810227
182.8 0.812467
182.9 0.8094
183 0.8139
183.1 0.811011
183.2 0.812324
183.3 0.814696
183.4 0.826297
183.5 0.826844
183.6 0.83139
183.7 0.833534
183.8 0.834647
183.9 0.837856
184 0.834874
184.1 0.835706
184.2 0.841205
184.3 0.8357
184.4 0.832129
184.5 0.834507
184.6 0.837427
184.7 0.834559
184.8 0.825259
184.9 0.819488
185 0.819324
185.1 0.818705
185.2 0.818575
185.3 0.816935
185.4 0.820207
185.5 0.826676
185.6 0.82582
185.7 0.83156
185.8 0.842212
185.9 0.845463
186 0.848197
186.1 0.851934
186.2 0.852607
186.3 0.852344
186.4 0.850197
186.5 0.855904
186.6 0.854156
186.7 0.863129
186.8 0.869352
186.9 0.86835
187 0.871965
187.1 0.870855
187.2 0.873267
187.3 0.873758
187.4 0.874326
187.5 0.875346
187.6 0.874629
187.7 0.880734
187.8 0.894495
187.9 0.896141
188 0.891428
188.1 0.883285
188.2 0.88072
188.3 0.884024
188.4 0.87904
188.5 0.868252
188.6 0.867649
188.7 0.871439
188.8 0.869328
188.9 0.869175
189 0.873538
189.1 0.8797
189.2 0.88009
189.3 0.879838
189.4 0.874114
189.5 0.879915
189.6 0.870455
189.7 0.869799
189.8 0.867525
189.9 0.862191
190 0.871433
190.1 0.863395
190.2 0.858348
190.3 0.857699
190.4 0.853177
190.5 0.848909
190.6 0.848517
190.7 0.855254
190.8 0.863638
190.9 0.866692
191 0.87482
191.1 0.879848
191.2 0.8807
191.3 0.879904
191.4 0.882072
191.5 0.874062
191.6 0.872058
191.7 0.86944
191.8 0.870274
191.9 0.885639
192 0.871729
192.1 0.86963
192.2 0.863189
192.3 0.868407
192.4 0.863681
192.5 0.862274
192.6 0.856296
192.7 0.852691
192.8 0.852514
192.9 0.846211
193 0.84956
193.1 0.848609
193.2 0.840192
193.3 0.834422
193.4 0.836563
193.5 0.837548
193.6 0.837183
193.7 0.843657
193.8 0.849168
193.9 0.851827
194 0.846016
194.1 0.842025
194.2 0.837447
194.3 0.845007
194.4 0.848591
194.5 0.856271
194.6 0.854597
194.7 0.854563
194.8 0.85408
194.9 0.857274
195 0.857334
195.1 0.851096
195.2 0.844225
195.3 0.845515
195.4 0.841225
195.5 0.832022
195.6 0.827445
195.7 0.822193
195.8 0.822918
195.9 0.819896
196 0.823571
196.1 0.832233
196.2 0.829218
196.3 0.82618
196.4 0.820953
196.5 0.820766
196.6 0.82168
196.7 0.819076
196.8 0.815198
196.9 0.828655
197 0.82874
197.1 0.828799
197.2 0.831957
197.3 0.828221
197.4 0.824312
197.5 0.828154
197.6 0.827384
197.7 0.827069
197.8 0.826708
197.9 0.820028
198 0.820751
198.1 0.823099
198.2 0.823999
198.3 0.825007
198.4 0.840116
198.5 0.83724
198.6 0.83418
198.7 0.837894
198.8 0.842834
198.9 0.838457
199 0.84441
199.1 0.844513
199.2 0.852239
199.3 0.847406
199.4 0.85004
199.5 0.844024
199.6 0.846596
199.7 0.8427
199.8 0.84659
199.9 0.85403
200 0.853963
200.1 0.861869
200.2 0.860755
200.3 0.85987
200.4 0.855394
200.5 0.849835
200.6 0.855049
200.7 0.860725
200.8 0.86782
200.9 0.877568
201 0.878873
201.1 0.876384
201.2 0.873094
201.3 0.876446
201.4 0.877901
201.5 0.878727
201.6 0.880701
201.7 0.877375
201.8 0.877868
201.9 0.878765
202 0.880398
202.1 0.879208
202.2 0.881041
202.3 0.880708
202.4 0.87802
202.5 0.880739
202.6 0.872744
202.7 0.868664
202.8 0.86975
202.9 0.871886
203 0.869569
203.1 0.870029
203.2 0.868263
203.3 0.87386
203.4 0.866417
203.5 0.858206
203.6 0.853373
203.7 0.851387
203.8 0.848769
203.9 0.848003
204 0.846702
204.1 0.845853
204.2 0.843977
204.3 0.842632
204.4 0.846253
204.5 0.845749
204.6 0.85027
204.7 0.850857
204.8 0.850138
204.9 0.845188
205 0.847354
205.1 0.854973
205.2 0.851857
205.3 0.846511
205.4 0.841749
205.5 0.838717
205.6 0.84368
205.7 0.846081
205.8 0.843026
205.9 0.842461
206 0.841054
206.1 0.844022
206.2 0.844521
206.3 0.845955
206.4 0.844179
206.5 0.841051
206.6 0.836149
206.7 0.840206
206.8 0.832988
206.9 0.831918
207 0.827539
207.1 0.822325
207.2 0.833106
207.3 0.833328
207.4 0.832477
207.5 0.823342
207.6 0.823836
207.7 0.816885
207.8 0.821204
207.9 0.8125
208 0.803696
208.1 0.793154
208.2 0.799228
208.3 0.80228
208.4 0.802818
208.5 0.802818
208.6 0.803852
208.7 0.803646
208.8 0.801192
208.9 0.811193
209 0.830094
209.1 0.832304
209.2 0.838096
209.3 0.842791
209.4 0.855106
209.5 0.848179
209.6 0.843818
209.7 0.845146
209.8 0.846375
209.9 0.851266
210 0.849017
210.1 0.853049
210.2 0.848246
210.3 0.844505
210.4 0.839907
210.5 0.831832
210.6 0.818532
210.7 0.821951
210.8 0.829186
210.9 0.825091
211 0.833875
211.1 0.831071
211.2 0.842771
211.3 0.847268
211.4 0.851119
211.5 0.855079
211.6 0.859453
211.7 0.856188
211.8 0.854775
211.9 0.854693
212 0.862335
212.1 0.864103
212.2 0.865677
212.3 0.868434
212.4 0.869109
212.5 0.859933
212.6 0.865688
212.7 0.867232
212.8 0.865275
212.9 0.865187
213 0.86114
213.1 0.854514
213.2 0.847026
213.3 0.84774
213.4 0.855901
213.5 0.861675
213.6 0.856474
213.7 0.859396
213.8 0.850338
213.9 0.849698
214 0.847387
214.1 0.849209
214.2 0.841895
214.3 0.839181
214.4 0.844465
214.5 0.83627
214.6 0.844137
214.7 0.84499
214.8 0.84713
214.9 0.84644
215 0.840647
215.1 0.844339
215.2 0.848713
215.3 0.84619
215.4 0.847402
215.5 0.854783
215.6 0.848344
215.7 0.849647
215.8 0.847904
215.9 0.846931
216 0.840856
216.1 0.835595
216.2 0.827632
216.3 0.826788
216.4 0.82008
216.5 0.82191
216.6 0.816788
216.7 0.821581
216.8 0.811378
216.9 0.80766
217 0.823194
217.1 0.836338
217.2 0.82257
217.3 0.813151
217.4 0.801858
217.5 0.802775
217.6 0.806645
217.7 0.815058
217.8 0.828019
217.9 0.830108
218 0.830001
218.1 0.831445
218.2 0.831839
218.3 0.8315
218.4 0.831301
218.5 0.840677
218.6 0.828537
218.7 0.826127
218.8 0.835876
218.9 0.831188
219 0.831281
219.1 0.826572
219.2 0.831482
219.3 0.81737
219.4 0.819905
219.5 0.818117
219.6 0.809942
219.7 0.807425
219.8 0.810929
219.9 0.809993
220 0.818654
220.1 0.820582
220.2 0.816721
220.3 0.81542
220.4 0.810765
220.5 0.806521
220.6 0.80639
220.7 0.797598
220.8 0.784573
220.9 0.786122
221 0.783126
221.1 0.781025
221.2 0.779055
221.3 0.776944
221.4 0.773682
221.5 0.768043
221.6 0.767013
221.7 0.765359
221.8 0.760984
221.9 0.762095
222 0.756027
222.1 0.763663
222.2 0.767395
222.3 0.774138
222.4 0.773554
222.5 0.773352
222.6 0.769166
222.7 0.775302
222.8 0.781153
222.9 0.77998
223 0.771932
223.1 0.775869
223.2 0.777715
223.3 0.788636
223.4 0.80063
223.5 0.809772
223.6 0.811573
223.7 0.805637
223.8 0.811555
223.9 0.822572
224 0.826954
224.1 0.830698
224.2 0.829652
224.3 0.826571
224.4 0.827328
224.5 0.828655
224.6 0.819024
224.7 0.818935
224.8 0.812042
224.9 0.829848
225 0.843406
225.1 0.836351
225.2 0.828611
225.3 0.820473
225.4 0.815083
225.5 0.820798
225.6 0.818385
225.7 0.832373
225.8 0.830587
225.9 0.836147
226 0.835932
226.1 0.840738
226.2 0.846911
226.3 0.847342
226.4 0.855841
226.5 0.858867
226.6 0.855141
226.7 0.85585
226.8 0.862347
226.9 0.86366
227 0.879062
227.1 0.881964
227.2 0.880915
227.3 0.882911
227.4 0.885399
227.5 0.882862
227.6 0.879961
227.7 0.878659
227.8 0.87482
227.9 0.869115
228 0.861936
228.1 0.862005
228.2 0.855371
228.3 0.854657
228.4 0.860125
228.5 0.860426
228.6 0.862561
228.7 0.865496
228.8 0.858083
228.9 0.861887
229 0.866122
229.1 0.856812
229.2 0.850954
229.3 0.840758
229.4 0.837335
229.5 0.836402
229.6 0.831809
229.7 0.829759
229.8 0.827438
229.9 0.826071
230 0.825124
230.1 0.817908
230.2 0.808429
230.3 0.8007
230.4 0.802984
230.5 0.815536
230.6 0.815376
230.7 0.813897
230.8 0.814411
230.9 0.807224
231 0.815227
231.1 0.812677
231.2 0.828586
231.3 0.844976
231.4 0.860684
231.5 0.859652
231.6 0.855139
231.7 0.860178
231.8 0.86206
231.9 0.855101
232 0.857922
232.1 0.854423
232.2 0.854847
232.3 0.854474
232.4 0.850313
232.5 0.846997
232.6 0.843425
232.7 0.846908
232.8 0.849286
232.9 0.855752
233 0.848757
233.1 0.848431
233.2 0.849915
233.3 0.846993
233.4 0.838987
233.5 0.839288
233.6 0.836443
233.7 0.826903
233.8 0.829755
233.9 0.827357
234 0.824094
234.1 0.818465
234.2 0.830241
234.3 0.832161
234.4 0.834161
234.5 0.841946
234.6 0.841244
234.7 0.835134
234.8 0.842717
234.9 0.836408
235 0.831483
235.1 0.829975
235.2 0.831847
235.3 0.840988
235.4 0.84099
235.5 0.842834
235.6 0.857277
235.7 0.860428
235.8 0.876121
235.9 0.880204
236 0.883079
236.1 0.88705
236.2 0.877182
236.3 0.879559
236.4 0.874888
236.5 0.871758
236.6 0.866145
236.7 0.864845
236.8 0.867488
236.9 0.858892
237 0.847292
237.1 0.844675
237.2 0.853763
237.3 0.856635
237.4 0.855746
237.5 0.846653
237.6 0.849504
237.7 0.847275
237.8 0.837969
237.9 0.838023
238 0.83926
238.1 0.843934
238.2 0.84444
238.3 0.842028
238.4 0.837045
238.5 0.831798
238.6 0.823048
238.7 0.830665
238.8 0.823407
238.9 0.819741
239 0.821466
239.1 0.815591
239.2 0.817236
239.3 0.813261
239.4 0.805307
239.5 0.810882
239.6 0.824277
239.7 0.826365
239.8 0.848214
239.9 0.835849
240 0.831752
240.1 0.829253
240.2 0.830204
240.3 0.829485
240.4 0.822607
240.5 0.821172
240.6 0.822262
240.7 0.821629
240.8 0.820539
240.9 0.824183
241 0.818424
241.1 0.820988
241.2 0.823665
241.3 0.820512
241.4 0.814201
241.5 0.813945
241.6 0.817257
241.7 0.813344
241.8 0.811522
241.9 0.809052
242 0.806397
242.1 0.80559
242.2 0.804555
242.3 0.808372
242.4 0.816749
242.5 0.812953
242.6 0.815322
242.7 0.819617
242.8 0.816959
242.9 0.815716
243 0.811058
243.1 0.824202
243.2 0.825152
243.3 0.819424
243.4 0.81553
243.5 0.827501
243.6 0.824754
243.7 0.826331
243.8 0.824779
243.9 0.82067
244 0.82862
244.1 0.834222
244.2 0.832259
244.3 0.834142
244.4 0.837327
244.5 0.830365
244.6 0.847178
244.7 0.842714
244.8 0.841769
244.9 0.837874
245 0.841305
245.1 0.841515
245.2 0.843438
245.3 0.849607
245.4 0.849856
245.5 0.849285
245.6 0.844253
245.7 0.848718
245.8 0.85137
245.9 0.845249
246 0.843832
246.1 0.841874
246.2 0.845918
246.3 0.851357
246.4 0.85085
246.5 0.861555
246.6 0.87011
246.7 0.857708
246.8 0.866619
246.9 0.869127
247 0.87377
247.1 0.863888
247.2 0.85264
247.3 0.854677
247.4 0.858924
247.5 0.859742
247.6 0.862223
247.7 0.865415
247.8 0.868337
247.9 0.869396
248 0.862046
248.1 0.860424
248.2 0.862899
248.3 0.860868
248.4 0.868062
248.5 0.870147
248.6 0.86933
248.7 0.871104
248.8 0.870762
248.9 0.875518
249 0.865803
249.1 0.868826
249.2 0.872
249.3 0.865509
249.4 0.86039
249.5 0.852789
249.6 0.859734
249.7 0.85294
249.8 0.861154
249.9 0.859218
250 0.855206
250.1 0.853713
250.2 0.855276
250.3 0.85559
250.4 0.860412
250.5 0.856652
250.6 0.855291
250.7 0.857728
250.8 0.847453
250.9 0.850495
251 0.847779
251.1 0.838482
251.2 0.840181
251.3 0.841642
251.4 0.839912
251.5 0.832241
251.6 0.829408
251.7 0.839765
251.8 0.83686
251.9 0.83616
252 0.834418
252.1 0.829796
252.2 0.823392
252.3 0.811331
252.4 0.806148
252.5 0.824628
252.6 0.841374
252.7 0.848113
252.8 0.867087
252.9 0.8732
253 0.87601
253.1 0.891148
253.2 0.899502
253.3 0.906982
253.4 0.900731
253.5 0.902369
253.6 0.894444
253.7 0.898587
253.8 0.902101
253.9 0.898998
254 0.89529
254.1 0.900307
254.2 0.893709
254.3 0.895892
254.4 0.891799
254.5 0.88716
254.6 0.887959
254.7 0.893304
254.8 0.88998
254.9 0.885803
255 0.885402
255.1 0.886547
255.2 0.884567
255.3 0.879545
255.4 0.881428
255.5 0.89143
255.6 0.88935
255.7 0.888109
255.8 0.889354
255.9 0.884092
256 0.877414
256.1 0.86847
256.2 0.868947
256.3 0.871021
256.4 0.878163
256.5 0.876254
256.6 0.872569
256.7 0.881325
256.8 0.877914
256.9 0.878466
257 0.882407
257.1 0.876656
257.2 0.875419
257.3 0.873544
257.4 0.872824
257.5 0.865637
257.6 0.862857
257.7 0.855105
257.8 0.858547
257.9 0.854952
258 0.854883
258.1 0.849571
258.2 0.846708
258.3 0.841295
258.4 0.835779
258.5 0.848753
258.6 0.84967
258.7 0.850105
258.8 0.85458
258.9 0.860199
259 0.857722
259.1 0.85981
259.2 0.85259
259.3 0.847097
259.4 0.844553
259.5 0.842011
259.6 0.83672
259.7 0.832748
259.8 0.826654
259.9 0.83126
260 0.832037
260.1 0.815069
260.2 0.811583
260.3 0.803365
260.4 0.808943
260.5 0.809248
260.6 0.812172
260.7 0.812849
260.8 0.813551
260.9 0.813877
261 0.81248
261.1 0.806601
261.2 0.813898
261.3 0.808404
261.4 0.811123
261.5 0.812988
261.6 0.815634
261.7 0.808975
261.8 0.81603
261.9 0.817908
262 0.814485
262.1 0.815532
262.2 0.810723
262.3 0.823064
262.4 0.840285
262.5 0.852013
262.6 0.856515
262.7 0.868776
262.8 0.864864
262.9 0.858264
263 0.857814
263.1 0.856997
263.2 0.848854
263.3 0.847712
263.4 0.844263
263.5 0.84614
263.6 0.85227
263.7 0.855589
263.8 0.858992
263.9 0.854644
264 0.857011
264.1 0.854012
264.2 0.848538
264.3 0.845669
264.4 0.842553
264.5 0.83795
264.6 0.840364
264.7 0.82725
264.8 0.824434
264.9 0.830013
265 0.824329
265.1 0.831291
265.2 0.836209
265.3 0.834528
265.4 0.835621
265.5 0.840709
265.6 0.839691
265.7 0.838453
265.8 0.842687
265.9 0.845119
266 0.8429
266.1 0.855194
266.2 0.857951
266.3 0.857063
266.4 0.855445
266.5 0.855005
266.6 0.859761
266.7 0.860568
266.8 0.854561
266.9 0.859023
267 0.854646
267.1 0.849635
267.2 0.845079
267.3 0.838248
267.4 0.833288
267.5 0.841199
267.6 0.846773
267.7 0.844592
267.8 0.8407
267.9 0.841275
268 0.84028
268.1 0.836675
268.2 0.83411
268.3 0.847926
268.4 0.849686
268.5 0.844078
268.6 0.846351
268.7 0.850733
268.8 0.846315
268.9 0.84964
269 0.852116
269.1 0.850928
269.2 0.844054
269.3 0.838574
269.4 0.836683
269.5 0.835417
269.6 0.840129
269.7 0.843442
269.8 0.843499
269.9 0.848992
270 0.846838
270.1 0.842632
270.2 0.850959
270.3 0.843136
270.4 0.847131
270.5 0.845969
270.6 0.850655
270.7 0.856491
270.8 0.856289
270.9 0.852506
271 0.851559
271.1 0.853172
271.2 0.863442
271.3 0.869627
271.4 0.864789
271.5 0.866793
271.6 0.861833
271.7 0.860077
271.8 0.864573
271.9 0.860296
272 0.855852
272.1 0.864601
272.2 0.866911
272.3 0.872741
272.4 0.879338
272.5 0.874416
272.6 0.870509
272.7 0.868107
272.8 0.862547
272.9 0.863524
273 0.859863
273.1 0.858632
273.2 0.851175
273.3 0.851632
273.4 0.850813
273.5 0.852736
273.6 0.848784
273.7 0.847567
273.8 0.835801
273.9 0.844
274 0.836513
274.1 0.843195
274.2 0.843892
274.3 0.839815
274.4 0.850563
274.5 0.844453
274.6 0.850296
274.7 0.853724
274.8 0.861657
274.9 0.863776
275 0.868944
275.1 0.863778
275.2 0.861595
275.3 0.853855
275.4 0.847413
275.5 0.845176
275.6 0.849495
275.7 0.852662
275.8 0.852597
275.9 0.848758
276 0.861795
276.1 0.854399
276.2 0.852899
276.3 0.852809
276.4 0.852738
276.5 0.857124
276.6 0.861025
276.7 0.860051
276.8 0.85383
276.9 0.855047
277 0.85547
277.1 0.858196
277.2 0.85052
277.3 0.862528
277.4 0.865539
277.5 0.86532
277.6 0.86801
277.7 0.871904
277.8 0.868858
277.9 0.862924
278 0.863524
278.1 0.863767
278.2 0.866345
278.3 0.861785
278.4 0.86177
278.5 0.862312
278.6 0.864761
278.7 0.863204
278.8 0.869365
278.9 0.872951
279 0.862287
279.1 0.863352
279.2 0.857396
279.3 0.857555
279.4 0.852304
279.5 0.855519
279.6 0.852202
279.7 0.849167
279.8 0.849913
279.9 0.854984
280 0.845991
280.1 0.838056
280.2 0.833999
280.3 0.831587
280.4 0.838287
280.5 0.835668
280.6 0.831808
280.7 0.832354
280.8 0.835705
280.9 0.830295
281 0.828734
281.1 0.827222
281.2 0.826781
281.3 0.824544
281.4 0.818491
281.5 0.829503
281.6 0.828231
281.7 0.827064
281.8 0.820944
281.9 0.818565
282 0.825653
282.1 0.822869
282.2 0.821309
282.3 0.824632
282.4 0.837618
282.5 0.829322
282.6 0.814955
282.7 0.817401
282.8 0.815004
282.9 0.82233
283 0.811639
283.1 0.807658
283.2 0.80761
283.3 0.79706
283.4 0.801236
283.5 0.796201
283.6 0.803053
283.7 0.799983
283.8 0.827593
283.9 0.825725
284 0.830507
284.1 0.843466
284.2 0.860124
284.3 0.867082
284.4 0.865496
284.5 0.862107
284.6 0.869084
284.7 0.863424
284.8 0.852979
284.9 0.858036
285 0.859082
285.1 0.861387
285.2 0.855924
285.3 0.858116
285.4 0.856065
285.5 0.864482
285.6 0.865367
285.7 0.85991
285.8 0.861641
285.9 0.859021
286 0.848964
286.1 0.851843
286.2 0.858035
286.3 0.851947
286.4 0.851656
286.5 0.863264
286.6 0.860076
286.7 0.859221
286.8 0.858006
286.9 0.859339
287 0.85281
287.1 0.848831
287.2 0.852111
287.3 0.857921
287.4 0.852345
287.5 0.848965
287.6 0.85165
287.7 0.851672
287.8 0.847375
287.9 0.83745
288 0.837673
288.1 0.837098
288.2 0.842601
288.3 0.840822
288.4 0.839063
288.5 0.846542
288.6 0.839776
288.7 0.839993
288.8 0.840842
288.9 0.84048
289 0.840888
289.1 0.846571
289.2 0.857903
289.3 0.863556
289.4 0.858251
289.5 0.86395
289.6 0.861823
289.7 0.859797
289.8 0.874337
289.9 0.873661
290 0.882675
290.1 0.874155
290.2 0.869121
290.3 0.866032
290.4 0.864481
290.5 0.867254
290.6 0.87338
290.7 0.87019
290.8 0.872443
290.9 0.881439
291 0.889509
291.1 0.892906
291.2 0.884315
291.3 0.882952
291.4 0.876628
291.5 0.875906
291.6 0.87007
291.7 0.870204
291.8 0.879458
291.9 0.881864
292 0.875592
292.1 0.873222
292.2 0.874487
292.3 0.872525
292.4 0.870151
292.5 0.864769
292.6 0.864373
292.7 0.863116
292.8 0.856449
292.9 0.856701
293 0.854606
293.1 0.856252
293.2 0.854384
293.3 0.862605
293.4 0.854448
293.5 0.851803
293.6 0.845394
293.7 0.846001
293.8 0.851059
293.9 0.848058
294 0.850117
294.1 0.841033
294.2 0.841824
294.3 0.842442
294.4 0.836338
294.5 0.836345
294.6 0.83882
294.7 0.837245
294.8 0.834046
294.9 0.829915
295 0.824011
295.1 0.813691
295.2 0.825052
295.3 0.8243
295.4 0.820957
295.5 0.820558
295.6 0.813314
295.7 0.814271
295.8 0.813281
295.9 0.811628
296 0.814533
296.1 0.824032
296.2 0.819748
296.3 0.820744
296.4 0.830421
296.5 0.841041
296.6 0.836329
296.7 0.839776
296.8 0.843866
296.9 0.847587
297 0.851663
297.1 0.853271
297.2 0.859695
297.3 0.860947
297.4 0.86733
297.5 0.871716
297.6 0.865308
297.7 0.873302
297.8 0.876131
297.9 0.874399
298 0.87084
298.1 0.864539
298.2 0.857988
298.3 0.856348
298.4 0.860208
298.5 0.858401
298.6 0.857782
298.7 0.852355
298.8 0.849523
298.9 0.848519
299 0.850012
299.1 0.850226
299.2 0.849115
299.3 0.844383
299.4 0.839716
299.5 0.842576
299.6 0.841563
299.7 0.846169
299.8 0.849228
299.9 0.852726
