0 0.129758
0.1 0.13542
0.2 0.126696
0.3 0.122924
0.4 0.115856
0.5 0.118025
0.6 0.127139
0.7 0.144642
0.8 0.152843
0.9 0.174832
1 0.175486
1.1 0.185096
1.2 0.200921
1.3 0.190476
1.4 0.200596
1.5 0.211565
1.6 0.211778
1.7 0.217651
1.8 0.228567
1.9 0.237901
2 0.237172
2.1 0.230222
2.2 0.21837
2.3 0.219752
2.4 0.20712
2.5 0.210091
2.6 0.20962
2.7 0.203717
2.8 0.20113
2.9 0.208098
3 0.201004
3.1 0.197307
3.2 0.185835
3.3 0.172998
3.4 0.168876
3.5 0.182242
3.6 0.183894
3.7 0.166935
3.8 0.167797
3.9 0.156989
4 0.171493
4.1 0.17069
4.2 0.152165
4.3 0.158288
4.4 0.163276
4.5 0.175969
4.6 0.173765
4.7 0.178517
4.8 0.18306
4.9 0.198164
5 0.201977
5.1 0.198129
5.2 0.192038
5.3 0.203057
5.4 0.206002
5.5 0.214477
5.6 0.209726
5.7 0.214206
5.8 0.220737
5.9 0.228808
6 0.228023
6.1 0.246319
6.2 0.251758
6.3 0.257015
6.4 0.263515
6.5 0.261466
6.6 0.279498
6.7 0.280429
6.8 0.286795
6.9 0.280635
7 0.291406
7.1 0.29167
7.2 0.290795
7.3 0.282848
7.4 0.280654
7.5 0.279845
7.6 0.284537
7.7 0.293996
7.8 0.308805
7.9 0.319297
8 0.324208
8.1 0.333396
8.2 0.349823
8.3 0.334316
8.4 0.334889
8.5 0.336272
8.6 0.342091
8.7 0.334887
8.8 0.330897
8.9 0.332162
9 0.339882
9.1 0.349662
9.2 0.352559
9.3 0.350467
9.4 0.338978
9.5 0.334893
9.6 0.331525
9.7 0.339849
9.8 0.330436
9.9 0.330269
10 0.335017
10.1 0.341487
10.2 0.333334
10.3 0.327723
10.4 0.32523
10.5 0.341302
10.6 0.357982
10.7 0.361283
10.8 0.366984
10.9 0.375101
11 0.382438
11.1 0.386781
11.2 0.379026
11.3 0.389314
11.4 0.402654
11.5 0.400398
11.6 0.395583
11.7 0.403219
11.8 0.410697
11.9 0.406572
12 0.408366
12.1 0.408724
12.2 0.404159
12.3 0.403148
12.4 0.405055
12.5 0.414629
12.6 0.407348
12.7 0.414565
12.8 0.411799
12.9 0.4159
13 0.424985
13.1 0.426629
13.2 0.430365
13.3 0.419192
13.4 0.41072
13.5 0.418093
13.6 0.43265
13.7 0.439303
13.8 0.449154
13.9 0.467047
14 0.479551
14.1 0.476676
14.2 0.486949
14.3 0.495607
14.4 0.492445
14.5 0.485165
14.6 0.485816
14.7 0.488102
14.8 0.492173
14.9 0.491266
15 0.486525
15.1 0.483331
15.2 0.480606
15.3 0.490455
15.4 0.480838
15.5 0.48223
15.6 0.482711
15.7 0.474172
15.8 0.477469
15.9 0.474628
16 0.472191
16.1 0.462485
16.2 0.456714
16.3 0.446429
16.4 0.454574
16.5 0.445294
16.6 0.431567
16.7 0.433759
16.8 0.435605
16.9 0.44569
17 0.448846
17.1 0.454848
17.2 0.470482
17.3 0.475645
17.4 0.4759
17.5 0.487713
17.6 0.492143
17.7 0.49335
17.8 0.498542
17.9 0.498314
18 0.506798
18.1 0.50855
18.2 0.510505
18.3 0.527431
18.4 0.533015
18.5 0.532614
18.6 0.530691
18.7 0.53685
18.8 0.548359
18.9 0.557351
19 0.557847
19.1 0.555855
19.2 0.54992
19.3 0.557037
19.4 0.553031
19.5 0.550783
19.6 0.546717
19.7 0.532892
19.8 0.539294
19.9 0.541096
20 0.537777
20.1 0.539649
20.2 0.540411
20.3 0.536751
20.4 0.53769
20.5 0.538717
20.6 0.547934
20.7 0.543792
20.8 0.548559
20.9 0.548591
21 0.554139
21.1 0.557098
21.2 0.553415
21.3 0.553417
21.4 0.549912
21.5 0.559743
21.6 0.575486
21.7 0.579709
21.8 0.587491
21.9 0.589866
22 0.59954
22.1 0.599949
22.2 0.613398
22.3 0.614552
22.4 0.634972
22.5 0.64691
22.6 0.643852
22.7 0.645157
22.8 0.641408
22.9 0.646009
23 0.64964
23.1 0.656549
23.2 0.660857
23.3 0.648315
23.4 0.638991
23.5 0.636845
23.6 0.624409
23.7 0.627941
23.8 0.630883
23.9 0.640657
24 0.634083
24.1 0.644867
24.2 0.647254
24.3 0.648675
24.4 0.651734
24.5 0.657043
24.6 0.666091
24.7 0.662578
24.8 0.661452
24.9 0.677658
25 0.690299
25.1 0.694298
25.2 0.697427
25.3 0.692056
25.4 0.697637
25.5 0.694504
25.6 0.690545
25.7 0.68919
25.8 0.688119
25.9 0.695812
26 0.688948
26.1 0.694215
26.2 0.704733
26.3 0.698573
26.4 0.690292
26.5 0.692273
26.6 0.703317
26.7 0.716896
26.8 0.719287
26.9 0.714319
27 0.713971
27.1 0.719524
27.2 0.721937
27.3 0.720292
27.4 0.713545
27.5 0.711656
27.6 0.706298
27.7 0.704862
27.8 0.704222
27.9 0.693552
28 0.698065
28.1 0.698768
28.2 0.702634
28.3 0.701127
28.4 0.701546
28.5 0.707261
28.6 0.712423
28.7 0.719762
28.8 0.724403
28.9 0.726716
29 0.728024
29.1 0.728505
29.2 0.733715
29.3 0.738363
29.4 0.737517
29.5 0.737616
29.6 0.740408
29.7 0.736137
29.8 0.743161
29.9 0.749085
30 0.757121
30.1 0.764028
30.2 0.767771
30.3 0.766139
30.4 0.771975
30.5 0.778512
30.6 0.779785
30.7 0.768611
30.8 0.777011
30.9 0.770696
31 0.773231
31.1 0.777036
31.2 0.773389
31.3 0.775968
31.4 0.766531
31.5 0.771679
31.6 0.774469
31.7 0.769701
31.8 0.768921
31.9 0.774209
32 0.772802
32.1 0.770841
32.2 0.772702
32.3 0.770427
32.4 0.770139
32.5 0.766923
32.6 0.774002
32.7 0.778297
32.8 0.782464
32.9 0.788199
33 0.79109
33.1 0.790507
33.2 0.785818
33.3 0.788044
33.4 0.792551
33.5 0.787205
33.6 0.791565
33.7 0.788211
33.8 0.793734
33.9 0.805583
34 0.80598
34.1 0.798643
34.2 0.806817
34.3 0.809444
34.4 0.811832
34.5 0.808445
34.6 0.815373
34.7 0.814697
34.8 0.812364
34.9 0.819096
35 0.834561
35.1 0.840428
35.2 0.854728
35.3 0.85625
35.4 0.852464
35.5 0.852561
35.6 0.845778
35.7 0.849876
35.8 0.852054
35.9 0.849657
36 0.851696
36.1 0.846533
36.2 0.846597
36.3 0.840768
36.4 0.849212
36.5 0.850935
36.6 0.850997
36.7 0.84072
36.8 0.843474
36.9 0.837746
37 0.834405
37.1 0.833001
37.2 0.833445
37.3 0.833056
37.4 0.828653
37.5 0.831392
37.6 0.827344
37.7 0.831803
37.8 0.832475
37.9 0.838093
38 0.845457
38.1 0.827564
38.2 0.834988
38.3 0.829641
38.4 0.825032
38.5 0.817202
38.6 0.82087
38.7 0.817199
38.8 0.809773
38.9 0.815013
39 0.810635
39.1 0.809832
39.2 0.809435
39.3 0.8143
39.4 0.815115
39.5 0.806568
39.6 0.801507
39.7 0.801007
39.8 0.798132
39.9 0.803891
40 0.793632
40.1 0.790081
40.2 0.788443
40.3 0.78454
40.4 0.784678
40.5 0.787655
40.6 0.792854
40.7 0.789855
40.8 0.808308
40.9 0.807307
41 0.807741
41.1 0.812006
41.2 0.818548
41.3 0.819105
41.4 0.823613
41.5 0.825763
41.6 0.826729
41.7 0.829947
41.8 0.831041
41.9 0.822322
42 0.815596
42.1 0.826413
42.2 0.833059
42.3 0.840322
42.4 0.836748
42.5 0.839378
42.6 0.847752
42.7 0.848037
42.8 0.84373
42.9 0.840185
43 0.838157
43.1 0.839456
43.2 0.842494
43.3 0.84487
43.4 0.83914
43.5 0.84426
43.6 0.847111
43.7 0.841396
43.8 0.845258
43.9 0.841288
44 0.839279
44.1 0.830756
44.2 0.824777
44.3 0.822745
44.4 0.811096
44.5 0.808818
44.6 0.82004
44.7 0.815631
44.8 0.816925
44.9 0.822183
45 0.818149
45.1 0.805395
45.2 0.804141
45.3 0.810527
45.4 0.811002
45.5 0.813322
45.6 0.818448
45.7 0.813485
45.8 0.812195
45.9 0.819736
46 0.81452
46.1 0.809093
46.2 0.80247
46.3 0.791307
46.4 0.776799
46.5 0.762645
46.6 0.764481
46.7 0.764849
46.8 0.767286
46.9 0.766445
47 0.765319
47.1 0.758133
47.2 0.75692
47.3 0.745414
47.4 0.75378
47.5 0.751516
47.6 0.751938
47.7 0.75588
47.8 0.760873
47.9 0.764551
48 0.766327
48.1 0.766349
48.2 0.754958
48.3 0.75271
48.4 0.751963
48.5 0.744678
48.6 0.752769
48.7 0.754804
48.8 0.747707
48.9 0.739705
49 0.737059
49.1 0.740748
49.2 0.75347
49.3 0.753403
49.4 0.764007
49.5 0.763794
49.6 0.764246
49.7 0.762788
49.8 0.756739
49.9 0.756913
50 0.753434
50.1 0.745843
50.2 0.743147
50.3 0.750622
50.4 0.755571
50.5 0.755243
50.6 0.760708
50.7 0.756493
50.8 0.759032
50.9 0.759875
51 0.76102
51.1 0.76291
51.2 0.75989
51.3 0.753182
51.4 0.763012
51.5 0.752043
51.6 0.743122
51.7 0.75546
51.8 0.755906
51.9 0.751629
52 0.75065
52.1 0.747629
52.2 0.739357
52.3 0.744167
52.4 0.72791
52.5 0.719132
52.6 0.717955
52.7 0.719369
52.8 0.725408
52.9 0.730066
53 0.729938
53.1 0.732543
53.2 0.720442
53.3 0.728847
53.4 0.733384
53.5 0.733344
53.6 0.738074
53.7 0.731104
53.8 0.736574
53.9 0.72826
54 0.727642
54.1 0.725709
54.2 0.736391
54.3 0.752281
54.4 0.761314
54.5 0.753111
54.6 0.755863
54.7 0.766284
54.8 0.776585
54.9 0.782637
55 0.780383
55.1 0.7726
55.2 0.771336
55.3 0.77064
55.4 0.778914
55.5 0.770347
55.6 0.766392
55.7 0.771569
55.8 0.760858
55.9 0.762122
56 0.752992
56.1 0.755573
56.2 0.755819
56.3 0.754815
56.4 0.744569
56.5 0.742631
56.6 0.747017
56.7 0.752493
56.8 0.767682
56.9 0.779963
57 0.776915
57.1 0.778578
57.2 0.784062
57.3 0.788894
57.4 0.793031
57.5 0.783389
57.6 0.78289
57.7 0.775415
57.8 0.776943
57.9 0.782779
58 0.779742
58.1 0.783742
58.2 0.780468
58.3 0.780052
58.4 0.779308
58.5 0.779738
58.6 0.775815
58.7 0.784132
58.8 0.786208
58.9 0.784078
59 0.787824
59.1 0.787739
59.2 0.782937
59.3 0.782473
59.4 0.778822
59.5 0.785431
59.6 0.786334
59.7 0.785838
59.8 0.784678
59.9 0.787084
60 0.78235
60.1 0.785888
60.2 0.786343
60.3 0.779411
60.4 0.77201
60.5 0.777031
60.6 0.772708
60.7 0.772025
60.8 0.775586
60.9 0.775486
61 0.780452
61.1 0.781708
61.2 0.772365
61.3 0.772573
61.4 0.771487
61.5 0.774741
61.6 0.766349
61.7 0.761573
61.8 0.748587
61.9 0.743235
62 0.751939
62.1 0.753486
62.2 0.74529
62.3 0.743552
62.4 0.724156
62.5 0.730204
62.6 0.723713
62.7 0.725471
62.8 0.714709
62.9 0.712702
63 0.713238
63.1 0.705325
63.2 0.708281
63.3 0.720242
63.4 0.71511
63.5 0.715963
63.6 0.72057
63.7 0.715295
63.8 0.716565
63.9 0.70819
64 0.708603
64.1 0.714275
64.2 0.713968
64.3 0.709391
64.4 0.707503
64.5 0.695046
64.6 0.697056
64.7 0.689052
64.8 0.687677
64.9 0.684058
65 0.67663
65.1 0.676573
65.2 0.677213
65.3 0.679534
65.4 0.673267
65.5 0.678204
65.6 0.688185
65.7 0.683219
65.8 0.685735
65.9 0.67769
66 0.682228
66.1 0.682736
66.2 0.672466
66.3 0.673208
66.4 0.669885
66.5 0.668405
66.6 0.66328
66.7 0.660734
66.8 0.648817
66.9 0.643568
67 0.651485
67.1 0.6372
67.2 0.62722
67.3 0.620777
67.4 0.621548
67.5 0.615358
67.6 0.621306
67.7 0.624027
67.8 0.607746
67.9 0.620975
68 0.632841
68.1 0.627527
68.2 0.633321
68.3 0.636364
68.4 0.620727
68.5 0.619856
68.6 0.616378
68.7 0.620089
68.8 0.627887
68.9 0.633612
69 0.640525
69.1 0.640718
69.2 0.634343
69.3 0.63368
69.4 0.619507
69.5 0.61064
69.6 0.616264
69.7 0.614487
69.8 0.608182
69.9 0.59246
70 0.594019
70.1 0.599468
70.2 0.594245
70.3 0.588183
70.4 0.604998
70.5 0.612861
70.6 0.614098
70.7 0.621004
70.8 0.6277
70.9 0.609602
71 0.604401
71.1 0.625561
71.2 0.632843
71.3 0.641225
71.4 0.627548
71.5 0.633637
71.6 0.659308
71.7 0.667191
71.8 0.671628
71.9 0.667459
72 0.667107
72.1 0.675475
72.2 0.670616
72.3 0.673261
72.4 0.669561
72.5 0.66874
72.6 0.676098
72.7 0.674823
72.8 0.678756
72.9 0.680259
73 0.681042
73.1 0.68776
73.2 0.671986
73.3 0.666229
73.4 0.66474
73.5 0.662493
73.6 0.653385
73.7 0.642876
73.8 0.649885
73.9 0.643896
74 0.649102
74.1 0.652531
74.2 0.657715
74.3 0.636488
74.4 0.640694
74.5 0.648217
74.6 0.645992
74.7 0.645007
74.8 0.640823
74.9 0.647904
75 0.668796
75.1 0.678937
75.2 0.684952
75.3 0.692897
75.4 0.691854
75.5 0.692533
75.6 0.70561
75.7 0.709275
75.8 0.722986
75.9 0.7274
76 0.728453
76.1 0.717176
76.2 0.715457
76.3 0.721273
76.4 0.723416
76.5 0.727215
76.6 0.72692
76.7 0.72703
76.8 0.713996
76.9 0.713825
77 0.715028
77.1 0.713259
77.2 0.709347
77.3 0.698827
77.4 0.697127
77.5 0.701006
77.6 0.692405
77.7 0.684665
77.8 0.687598
77.9 0.695196
78 0.698986
78.1 0.703904
78.2 0.706586
78.3 0.69712
78.4 0.697709
78.5 0.696765
78.6 0.693672
78.7 0.681639
78.8 0.683042
78.9 0.690782
79 0.698467
79.1 0.695898
79.2 0.685735
79.3 0.684989
79.4 0.689365
79.5 0.674624
79.6 0.674485
79.7 0.682295
79.8 0.686737
79.9 0.686389
80 0.688866
80.1 0.689235
80.2 0.679541
80.3 0.674505
80.4 0.677117
80.5 0.676121
80.6 0.679682
80.7 0.681068
80.8 0.680739
80.9 0.673869
81 0.672512
81.1 0.665611
81.2 0.672591
81.3 0.675752
81.4 0.680635
81.5 0.684795
81.6 0.68332
81.7 0.676196
81.8 0.680125
81.9 0.671475
82 0.672479
82.1 0.652371
82.2 0.633875
82.3 0.627827
82.4 0.628094
82.5 0.632259
82.6 0.64007
82.7 0.643196
82.8 0.639554
82.9 0.649078
83 0.654471
83.1 0.658349
83.2 0.651477
83.3 0.653254
83.4 0.650408
83.5 0.659333
83.6 0.663209
83.7 0.650853
83.8 0.651688
83.9 0.656867
84 0.645967
84.1 0.657969
84.2 0.659735
84.3 0.664562
84.4 0.676823
84.5 0.671169
84.6 0.673323
84.7 0.680923
84.8 0.674827
84.9 0.677608
85 0.680594
85.1 0.681197
85.2 0.687143
85.3 0.697301
85.4 0.693699
85.5 0.697533
85.6 0.698528
85.7 0.701674
85.8 0.699486
85.9 0.706144
86 0.702763
86.1 0.712888
86.2 0.716958
86.3 0.711532
86.4 0.709157
86.5 0.711824
86.6 0.722937
86.7 0.724596
86.8 0.725594
86.9 0.72822
87 0.726435
87.1 0.730371
87.2 0.727173
87.3 0.72571
87.4 0.726773
87.5 0.721833
87.6 0.725965
87.7 0.723103
87.8 0.722578
87.9 0.730134
88 0.731492
88.1 0.733323
88.2 0.725204
88.3 0.722643
88.4 0.716494
88.5 0.71236
88.6 0.715559
88.7 0.713529
88.8 0.713619
88.9 0.721968
89 0.71402
89.1 0.716666
89.2 0.708483
89.3 0.698392
89.4 0.710921
89.5 0.717655
89.6 0.723838
89.7 0.737748
89.8 0.72603
89.9 0.721656
90 0.722669
90.1 0.723274
90.2 0.722362
90.3 0.722019
90.4 0.726365
90.5 0.727879
90.6 0.723588
90.7 0.719296
90.8 0.715473
90.9 0.714903
91 0.722057
91.1 0.720452
91.2 0.717758
91.3 0.714394
91.4 0.71863
91.5 0.722307
91.6 0.716323
91.7 0.708489
91.8 0.720778
91.9 0.717865
92 0.716975
92.1 0.721878
92.2 0.718157
92.3 0.716541
92.4 0.719753
92.5 0.717941
92.6 0.718072
92.7 0.717486
92.8 0.701697
92.9 0.710319
93 0.709809
93.1 0.707098
93.2 0.716973
93.3 0.72376
93.4 0.723079
93.5 0.732438
93.6 0.728999
93.7 0.728917
93.8 0.7361
93.9 0.744583
94 0.740518
94.1 0.735763
94.2 0.727243
94.3 0.7286
94.4 0.733583
94.5 0.738366
94.6 0.744193
94.7 0.734626
94.8 0.724594
94.9 0.726777
95 0.730774
95.1 0.729652
95.2 0.738211
95.3 0.743818
95.4 0.737323
95.5 0.735004
95.6 0.735847
95.7 0.740126
95.8 0.736144
95.9 0.735246
96 0.737941
96.1 0.735329
96.2 0.726673
96.3 0.723914
96.4 0.721851
96.5 0.727441
96.6 0.730347
96.7 0.728172
96.8 0.72772
96.9 0.731482
97 0.737466
97.1 0.742114
97.2 0.748592
97.3 0.737521
97.4 0.731603
97.5 0.736331
97.6 0.728842
97.7 0.72745
97.8 0.723381
97.9 0.734231
98 0.729111
98.1 0.728982
98.2 0.726033
98.3 0.727009
98.4 0.723491
98.5 0.720269
98.6 0.724163
98.7 0.711799
98.8 0.718741
98.9 0.711634
99 0.70848
99.1 0.703996
99.2 0.709324
99.3 0.712403
99.4 0.712839
99.5 0.697387
99.6 0.705111
99.7 0.705304
99.8 0.695148
99.9 0.701675
100 0.69116
100.1 0.686137
100.2 0.684252
100.3 0.683254
100.4 0.682293
100.5 0.683516
100.6 0.693439
100.7 0.696708
100.8 0.708109
100.9 0.706219
101 0.702072
101.1 0.699844
101.2 0.698495
101.3 0.698515
101.4 0.700884
101.5 0.694113
101.6 0.686225
101.7 0.685767
101.8 0.68154
101.9 0.690295
102 0.684138
102.1 0.677804
102.2 0.672277
102.3 0.672723
102.4 0.663778
102.5 0.659996
102.6 0.662396
102.7 0.654486
102.8 0.658402
102.9 0.667274
103 0.664439
103.1 0.673249
103.2 0.674136
103.3 0.681641
103.4 0.680837
103.5 0.693391
103.6 0.696677
103.7 0.706242
103.8 0.715541
103.9 0.723267
104 0.717113
104.1 0.714031
104.2 0.722889
104.3 0.718319
104.4 0.72028
104.5 0.729005
104.6 0.741401
104.7 0.742733
104.8 0.745958
104.9 0.746539
105 0.756365
105.1 0.764755
105.2 0.765059
105.3 0.765859
105.4 0.767421
105.5 0.762706
105.6 0.749267
105.7 0.750713
105.8 0.755218
105.9 0.75652
106 0.749895
106.1 0.743635
106.2 0.738813
106.3 0.735088
106.4 0.739976
106.5 0.73119
106.6 0.736044
106.7 0.743958
106.8 0.749529
106.9 0.75273
107 0.759067
107.1 0.761859
107.2 0.761614
107.3 0.765987
107.4 0.758518
107.5 0.761291
107.6 0.765167
107.7 0.766782
107.8 0.763711
107.9 0.760969
108 0.748303
108.1 0.750256
108.2 0.751169
108.3 0.738482
108.4 0.740747
108.5 0.740332
108.6 0.736693
108.7 0.726117
108.8 0.720909
108.9 0.711255
109 0.701861
109.1 0.702631
109.2 0.7004
109.3 0.699798
109.4 0.707898
109.5 0.71671
109.6 0.718892
109.7 0.72418
109.8 0.72356
109.9 0.721905
110 0.731984
110.1 0.734916
110.2 0.740892
110.3 0.738337
110.4 0.735187
110.5 0.731008
110.6 0.723758
110.7 0.721901
110.8 0.724658
110.9 0.735932
111 0.745695
111.1 0.739957
111.2 0.747305
111.3 0.75739
111.4 0.756363
111.5 0.752079
111.6 0.763594
111.7 0.762278
111.8 0.768255
111.9 0.78291
112 0.783443
112.1 0.781747
112.2 0.784395
112.3 0.798001
112.4 0.796011
112.5 0.809155
112.6 0.808622
112.7 0.811826
112.8 0.813899
112.9 0.816146
113 0.814652
113.1 0.816735
113.2 0.811199
113.3 0.809886
113.4 0.806362
113.5 0.802488
113.6 0.791307
113.7 0.780941
113.8 0.783851
113.9 0.789264
114 0.789168
114.1 0.783639
114.2 0.788107
114.3 0.793636
114.4 0.796159
114.5 0.801028
114.6 0.811478
114.7 0.808966
114.8 0.810011
114.9 0.809134
115 0.815037
115.1 0.818542
115.2 0.825689
115.3 0.81919
115.4 0.81154
115.5 0.812285
115.6 0.815065
115.7 0.817168
115.8 0.823415
115.9 0.821362
116 0.821885
116.1 0.824555
116.2 0.832427
116.3 0.835922
116.4 0.839264
116.5 0.840197
116.6 0.830562
116.7 0.827535
116.8 0.821076
116.9 0.83771
117 0.839624
117.1 0.837371
117.2 0.834886
117.3 0.84027
117.4 0.832793
117.5 0.835558
117.6 0.829568
117.7 0.827567
117.8 0.834276
117.9 0.834894
118 0.837029
118.1 0.827522
118.2 0.827692
118.3 0.827102
118.4 0.830638
118.5 0.817701
118.6 0.801224
118.7 0.799356
118.8 0.800482
118.9 0.795733
119 0.797076
119.1 0.799353
119.2 0.805502
119.3 0.807739
119.4 0.809518
119.5 0.800987
119.6 0.800812
119.7 0.804242
119.8 0.804334
119.9 0.791557
120 0.782701
120.1 0.785017
120.2 0.779998
120.3 0.774896
120.4 0.78419
120.5 0.783594
120.6 0.775078
120.7 0.779595
120.8 0.775938
120.9 0.774955
121 0.767821
121.1 0.767438
121.2 0.755324
121.3 0.76327
121.4 0.74323
121.5 0.738127
121.6 0.734022
121.7 0.728973
121.8 0.73688
121.9 0.740868
122 0.738668
122.1 0.726997
122.2 0.728791
122.3 0.726663
122.4 0.715485
122.5 0.719737
122.6 0.718444
122.7 0.723162
122.8 0.720149
122.9 0.715133
123 0.708549
123.1 0.709744
123.2 0.718906
123.3 0.715871
123.4 0.721587
123.5 0.726696
123.6 0.724034
123.7 0.721689
123.8 0.721141
123.9 0.717637
124 0.713493
124.1 0.715103
124.2 0.709611
124.3 0.708304
124.4 0.701386
124.5 0.702938
124.6 0.695529
124.7 0.706233
124.8 0.704748
124.9 0.706899
125 0.715996
125.1 0.710271
125.2 0.707802
125.3 0.701635
125.4 0.701276
125.5 0.698758
125.6 0.685385
125.7 0.694236
125.8 0.688863
125.9 0.688207
126 0.684925
126.1 0.684383
126.2 0.684599
126.3 0.68524
126.4 0.681777
126.5 0.682686
126.6 0.687383
126.7 0.690449
126.8 0.691585
126.9 0.684028
127 0.693411
127.1 0.694386
127.2 0.693761
127.3 0.676063
127.4 0.664448
127.5 0.672137
127.6 0.67276
127.7 0.674426
127.8 0.680974
127.9 0.673211
128 0.660551
128.1 0.672955
128.2 0.680261
128.3 0.69664
128.4 0.703074
128.5 0.704093
128.6 0.703732
128.7 0.703755
128.8 0.702865
128.9 0.700361
129 0.690731
129.1 0.698794
129.2 0.69344
129.3 0.68672
129.4 0.676926
129.5 0.669495
129.6 0.669787
129.7 0.672775
129.8 0.665613
129.9 0.671114
130 0.657472
130.1 0.664268
130.2 0.648613
130.3 0.648886
130.4 0.648099
130.5 0.652813
130.6 0.65877
130.7 0.655195
130.8 0.65904
130.9 0.659188
131 0.662528
131.1 0.674338
131.2 0.676075
131.3 0.670138
131.4 0.667093
131.5 0.667691
131.6 0.672842
131.7 0.676801
131.8 0.684455
131.9 0.672898
132 0.680486
132.1 0.675993
132.2 0.670695
132.3 0.675736
132.4 0.679619
132.5 0.680277
132.6 0.691597
132.7 0.693951
132.8 0.694324
132.9 0.699896
133 0.696331
133.1 0.701322
133.2 0.685147
133.3 0.6969
133.4 0.700344
133.5 0.710244
133.6 0.718517
133.7 0.717006
133.8 0.71484
133.9 0.713142
134 0.708434
134.1 0.714537
134.2 0.720575
134.3 0.722663
134.4 0.724117
134.5 0.727622
134.6 0.731297
134.7 0.740489
134.8 0.740795
134.9 0.737527
135 0.73634
135.1 0.738448
135.2 0.736123
135.3 0.742698
135.4 0.739314
135.5 0.740526
135.6 0.743201
135.7 0.74879
135.8 0.751408
135.9 0.743737
136 0.742346
136.1 0.730788
136.2 0.734549
136.3 0.730997
136.4 0.730488
136.5 0.732124
136.6 0.732507
136.7 0.733494
136.8 0.731897
136.9 0.740359
137 0.745298
137.1 0.746343
137.2 0.755682
137.3 0.757042
137.4 0.754593
137.5 0.757638
137.6 0.757518
137.7 0.763489
137.8 0.775298
137.9 0.780666
138 0.784647
138.1 0.799585
138.2 0.812976
138.3 0.816083
138.4 0.808741
138.5 0.808107
138.6 0.813488
138.7 0.812698
138.8 0.810049
138.9 0.804328
139 0.808255
139.1 0.809175
139.2 0.805797
139.3 0.804027
139.4 0.807207
139.5 0.802352
139.6 0.809456
139.7 0.810964
139.8 0.812708
139.9 0.802294
140 0.797992
140.1 0.80143
140.2 0.805754
140.3 0.808204
140.4 0.810965
140.5 0.809066
140.6 0.825098
140.7 0.822014
140.8 0.817301
140.9 0.818647
141 0.805738
141.1 0.813629
141.2 0.818092
141.3 0.810332
141.4 0.810306
141.5 0.812478
141.6 0.805289
141.7 0.797896
141.8 0.803842
141.9 0.800814
142 0.806046
142.1 0.805584
142.2 0.806531
142.3 0.803175
142.4 0.806719
142.5 0.804686
142.6 0.806587
142.7 0.804821
142.8 0.804034
142.9 0.805215
143 0.800166
143.1 0.80463
143.2 0.795839
143.3 0.790643
143.4 0.787281
143.5 0.798605
143.6 0.799769
143.7 0.802839
143.8 0.796076
143.9 0.815516
144 0.826783
144.1 0.823239
144.2 0.817431
144.3 0.807752
144.4 0.800873
144.5 0.798949
144.6 0.800953
144.7 0.800666
144.8 0.798606
144.9 0.807687
145 0.802686
145.1 0.804667
145.2 0.798924
145.3 0.797216
145.4 0.796917
145.5 0.79229
145.6 0.78969
145.7 0.782569
145.8 0.786289
145.9 0.785987
146 0.784069
146.1 0.784597
146.2 0.788175
146.3 0.800468
146.4 0.792716
146.5 0.78565
146.6 0.781579
146.7 0.778396
146.8 0.779609
146.9 0.77222
147 0.778315
147.1 0.781075
147.2 0.777872
147.3 0.787771
147.4 0.78049
147.5 0.79253
147.6 0.794633
147.7 0.798317
147.8 0.799337
147.9 0.805234
148 0.811875
148.1 0.806525
148.2 0.809594
148.3 0.81937
148.4 0.804505
148.5 0.808677
148.6 0.798627
148.7 0.799088
148.8 0.802389
148.9 0.805367
149 0.798967
149.1 0.79813
149.2 0.803101
149.3 0.803216
149.4 0.801927
149.5 0.792591
149.6 0.789691
149.7 0.787161
149.8 0.79036
149.9 0.79945
150 0.792165
150.1 0.791741
150.2 0.792333
150.3 0.797035
150.4 0.802618
150.5 0.796631
150.6 0.794134
150.7 0.790485
150.8 0.787098
150.9 0.789564
151 0.786474
151.1 0.775593
151.2 0.776739
151.3 0.773576
151.4 0.781926
151.5 0.771484
151.6 0.771626
151.7 0.772964
151.8 0.769057
151.9 0.768193
152 0.763332
152.1 0.760346
152.2 0.76241
152.3 0.762401
152.4 0.749634
152.5 0.75195
152.6 0.749351
152.7 0.748151
152.8 0.741854
152.9 0.738885
153 0.741549
153.1 0.7411
153.2 0.738116
153.3 0.740511
153.4 0.738987
153.5 0.740483
153.6 0.748909
153.7 0.750073
153.8 0.743355
153.9 0.748771
154 0.747892
154.1 0.754143
154.2 0.764603
154.3 0.768385
154.4 0.766335
154.5 0.76525
154.6 0.764924
154.7 0.760872
154.8 0.768541
154.9 0.762953
155 0.762088
155.1 0.760488
155.2 0.767438
155.3 0.762046
155.4 0.773668
155.5 0.78044
155.6 0.782058
155.7 0.789435
155.8 0.79876
155.9 0.797088
156 0.793134
156.1 0.783043
156.2 0.789964
156.3 0.785715
156.4 0.792342
156.5 0.798285
156.6 0.804134
156.7 0.808967
156.8 0.804291
156.9 0.817011
157 0.812963
157.1 0.813255
157.2 0.809309
157.3 0.799679
157.4 0.789649
157.5 0.797305
157.6 0.802478
157.7 0.796608
157.8 0.793024
157.9 0.79298
158 0.797778
158.1 0.80184
158.2 0.798678
158.3 0.792834
158.4 0.792844
158.5 0.798366
158.6 0.795263
158.7 0.804524
158.8 0.806775
158.9 0.813618
159 0.819682
159.1 0.821804
159.2 0.821026
159.3 0.825334
159.4 0.830723
159.5 0.828412
159.6 0.814218
159.7 0.817993
159.8 0.811951
159.9 0.803722
160 0.787579
160.1 0.794729
160.2 0.795761
160.3 0.798523
160.4 0.792031
160.5 0.787858
160.6 0.789017
160.7 0.782671
160.8 0.777777
160.9 0.780621
161 0.779363
161.1 0.774969
161.2 0.773436
161.3 0.774506
161.4 0.767432
161.5 0.756761
161.6 0.756247
161.7 0.746049
161.8 0.743932
161.9 0.742368
162 0.752043
162.1 0.76063
162.2 0.753993
162.3 0.75691
162.4 0.764235
162.5 0.774715
162.6 0.782439
162.7 0.775688
162.8 0.770631
162.9 0.762874
163 0.759032
163.1 0.760518
163.2 0.759849
163.3 0.770181
163.4 0.769238
163.5 0.760767
163.6 0.763341
163.7 0.770809
163.8 0.768081
163.9 0.760966
164 0.763068
164.1 0.771392
164.2 0.762895
164.3 0.759206
164.4 0.759197
164.5 0.761956
164.6 0.776496
164.7 0.776789
164.8 0.778122
164.9 0.77926
165 0.772226
165.1 0.778718
165.2 0.786638
165.3 0.780853
165.4 0.774257
165.5 0.768661
165.6 0.771853
165.7 0.771362
165.8 0.766996
165.9 0.758075
166 0.765255
166.1 0.757217
166.2 0.758639
166.3 0.766082
166.4 0.763654
166.5 0.762346
166.6 0.767281
166.7 0.770152
166.8 0.766596
166.9 0.763066
167 0.756463
167.1 0.751401
167.2 0.756448
167.3 0.756848
167.4 0.765407
167.5 0.758548
167.6 0.753121
167.7 0.751623
167.8 0.755729
167.9 0.760104
168 0.758421
168.1 0.766202
168.2 0.764373
168.3 0.751921
168.4 0.757739
168.5 0.759201
168.6 0.758597
168.7 0.755717
168.8 0.754588
168.9 0.759881
169 0.749491
169.1 0.745616
169.2 0.755958
169.3 0.7596
169.4 0.749991
169.5 0.7529
169.6 0.748667
169.7 0.751804
169.8 0.750351
169.9 0.750629
170 0.741883
170.1 0.744748
170.2 0.738207
170.3 0.739032
170.4 0.733609
170.5 0.744401
170.6 0.745762
170.7 0.751846
170.8 0.748551
170.9 0.75574
171 0.747823
171.1 0.743494
171.2 0.744063
171.3 0.736548
171.4 0.736965
171.5 0.737115
171.6 0.728277
171.7 0.723504
171.8 0.72646
171.9 0.718987
172 0.723243
172.1 0.724597
172.2 0.725768
172.3 0.735108
172.4 0.734732
172.5 0.743334
172.6 0.743002
172.7 0.75443
172.8 0.755927
172.9 0.754405
173 0.761792
173.1 0.760101
173.2 0.755987
173.3 0.75276
173.4 0.749504
173.5 0.740525
173.6 0.750775
173.7 0.745913
173.8 0.745156
173.9 0.752094
174 0.757832
174.1 0.75824
174.2 0.755268
174.3 0.758346
174.4 0.758779
174.5 0.756431
174.6 0.754088
174.7 0.757312
174.8 0.757603
174.9 0.752342
175 0.747055
175.1 0.749626
175.2 0.742236
175.3 0.740504
175.4 0.745423
175.5 0.747534
175.6 0.744478
175.7 0.74341
175.8 0.735332
175.9 0.727388
176 0.726604
176.1 0.721267
176.2 0.7301
176.3 0.732275
176.4 0.734477
176.5 0.744434
176.6 0.733633
176.7 0.737073
176.8 0.734265
176.9 0.733157
177 0.738904
177.1 0.73901
177.2 0.730995
177.3 0.742686
177.4 0.731261
177.5 0.737344
177.6 0.742636
177.7 0.750698
177.8 0.757256
177.9 0.750935
178 0.758015
178.1 0.752027
178.2 0.752577
178.3 0.753607
178.4 0.752419
178.5 0.755953
178.6 0.766098
178.7 0.762307
178.8 0.75597
178.9 0.76368
179 0.766033
179.1 0.770123
179.2 0.777838
179.3 0.769658
179.4 0.767135
179.5 0.762553
179.6 0.751054
179.7 0.747601
179.8 0.745733
179.9 0.736645
180 0.74627
180.1 0.741603
180.2 0.751697
180.3 0.750496
180.4 0.747446
180.5 0.737171
180.6 0.737372
180.7 0.742011
180.8 0.738547
180.9 0.74508
181 0.745574
181.1 0.74293
181.2 0.733907
181.3 0.722358
181.4 0.72436
181.5 0.712814
181.6 0.719602
181.7 0.722004
181.8 0.724695
181.9 0.719202
182 0.717139
182.1 0.727546
182.2 0.724192
182.3 0.728886
182.4 0.731571
182.5 0.729384
182.6 0.724325
182.7 0.726243
182.8 0.720183
182.9 0.719214
183 0.718925
183.1 0.712208
183.2 0.697773
183.3 0.702871
183.4 0.703722
183.5 0.713517
183.6 0.721068
183.7 0.714001
183.8 0.718124
183.9 0.710242
184 0.714363
184.1 0.713156
184.2 0.718277
184.3 0.718693
184.4 0.713971
184.5 0.722394
184.6 0.727684
184.7 0.728522
184.8 0.71779
184.9 0.723368
185 0.72073
185.1 0.726421
185.2 0.736259
185.3 0.731863
185.4 0.731718
185.5 0.730345
185.6 0.735246
185.7 0.729234
185.8 0.721001
185.9 0.717292
186 0.716944
186.1 0.719564
186.2 0.73184
186.3 0.734386
186.4 0.732895
186.5 0.731194
186.6 0.730218
186.7 0.733
186.8 0.733958
186.9 0.73129
187 0.732003
187.1 0.742429
187.2 0.758258
187.3 0.760641
187.4 0.771175
187.5 0.775172
187.6 0.771115
187.7 0.778018
187.8 0.776772
187.9 0.783693
188 0.775661
188.1 0.773777
188.2 0.774778
188.3 0.772175
188.4 0.772904
188.5 0.782349
188.6 0.790222
188.7 0.793613
188.8 0.796882
188.9 0.79955
189 0.803394
189.1 0.80067
189.2 0.802621
189.3 0.809354
189.4 0.821721
189.5 0.827377
189.6 0.834839
189.7 0.838387
189.8 0.836374
189.9 0.833102
190 0.82562
190.1 0.829474
190.2 0.82169
190.3 0.82709
190.4 0.830432
190.5 0.817923
190.6 0.818479
190.7 0.816185
190.8 0.811175
190.9 0.808826
191 0.8168
191.1 0.806373
191.2 0.809761
191.3 0.81331
191.4 0.816777
191.5 0.823338
191.6 0.816394
191.7 0.808604
191.8 0.814654
191.9 0.819464
192 0.822844
192.1 0.823928
192.2 0.828525
192.3 0.832237
192.4 0.828587
192.5 0.824718
192.6 0.82526
192.7 0.818668
192.8 0.813746
192.9 0.812306
193 0.815759
193.1 0.824636
193.2 0.83501
193.3 0.840589
193.4 0.846878
193.5 0.846032
193.6 0.850697
193.7 0.858828
193.8 0.85944
193.9 0.858078
194 0.860684
194.1 0.872757
194.2 0.872978
194.3 0.870505
194.4 0.874108
194.5 0.873147
194.6 0.875085
194.7 0.870195
194.8 0.876133
194.9 0.881017
195 0.887772
195.1 0.893235
195.2 0.891248
195.3 0.895937
195.4 0.894985
195.5 0.895604
195.6 0.890593
195.7 0.883574
195.8 0.880251
195.9 0.877428
196 0.877305
196.1 0.876155
196.2 0.8774
196.3 0.872535
196.4 0.873076
196.5 0.870187
196.6 0.87682
196.7 0.873386
196.8 0.875849
196.9 0.87821
197 0.872572
197.1 0.869957
197.2 0.862424
197.3 0.862843
197.4 0.864187
197.5 0.868358
197.6 0.860119
197.7 0.854556
197.8 0.855041
197.9 0.852667
198 0.853596
198.1 0.855972
198.2 0.857622
198.3 0.85695
198.4 0.856945
198.5 0.852273
198.6 0.849875
198.7 0.849358
198.8 0.848279
198.9 0.856056
199 0.852181
199.1 0.852828
199.2 0.851446
199.3 0.849769
199.4 0.844136
199.5 0.844867
199.6 0.851974
199.7 0.849735
199.8 0.84798
199.9 0.848129
200 0.850788
200.1 0.848396
200.2 0.850554
200.3 0.85023
200.4 0.843097
200.5 0.840327
200.6 0.843006
200.7 0.844969
200.8 0.8492
200.9 0.855936
201 0.862836
201.1 0.860568
201.2 0.851861
201.3 0.845293
201.4 0.849179
201.5 0.844177
201.6 0.835727
201.7 0.836537
201.8 0.826144
201.9 0.835439
202 0.840917
202.1 0.841301
202.2 0.84727
202.3 0.856486
202.4 0.855512
202.5 0.850402
202.6 0.851745
202.7 0.860143
202.8 0.858228
202.9 0.865106
203 0.865918
203.1 0.868701
203.2 0.875385
203.3 0.877352
203.4 0.880257
203.5 0.870012
203.6 0.875762
203.7 0.866125
203.8 0.866677
203.9 0.866372
204 0.868733
204.1 0.869176
204.2 0.878176
204.3 0.871748
204.4 0.869499
204.5 0.859143
204.6 0.856645
204.7 0.853443
204.8 0.854031
204.9 0.851416
205 0.850165
205.1 0.851414
205.2 0.858016
205.3 0.859723
205.4 0.860292
205.5 0.859513
205.6 0.858518
205.7 0.843758
205.8 0.84111
205.9 0.839917
206 0.842406
206.1 0.839942
206.2 0.840975
206.3 0.84421
206.4 0.842023
206.5 0.844341
206.6 0.849713
206.7 0.85813
206.8 0.853632
206.9 0.846708
207 0.841395
207.1 0.840844
207.2 0.838654
207.3 0.839643
207.4 0.83409
207.5 0.833309
207.6 0.835949
207.7 0.826601
207.8 0.821893
207.9 0.821112
208 0.830866
208.1 0.846116
208.2 0.844861
208.3 0.835138
208.4 0.837948
208.5 0.827254
208.6 0.832378
208.7 0.838339
208.8 0.835575
208.9 0.834784
209 0.831931
209.1 0.838039
209.2 0.838596
209.3 0.839636
209.4 0.836278
209.5 0.834482
209.6 0.830776
209.7 0.834643
209.8 0.831063
209.9 0.825493
210 0.820195
210.1 0.801422
210.2 0.804832
210.3 0.803435
210.4 0.79925
210.5 0.801331
210.6 0.796357
210.7 0.797715
210.8 0.79359
210.9 0.795054
211 0.803681
211.1 0.815882
211.2 0.818287
211.3 0.813123
211.4 0.824278
211.5 0.82427
211.6 0.82413
211.7 0.827742
211.8 0.830377
211.9 0.829529
212 0.828221
212.1 0.82756
212.2 0.826348
212.3 0.832179
212.4 0.833523
212.5 0.842259
212.6 0.847258
212.7 0.843447
212.8 0.848546
212.9 0.849241
213 0.848206
213.1 0.846956
213.2 0.84419
213.3 0.846478
213.4 0.850619
213.5 0.848473
213.6 0.848156
213.7 0.847376
213.8 0.849604
213.9 0.845657
214 0.849326
214.1 0.838995
214.2 0.840969
214.3 0.839534
214.4 0.839237
214.5 0.830647
214.6 0.832376
214.7 0.828246
214.8 0.821157
214.9 0.805203
215 0.801253
215.1 0.810044
215.2 0.806618
215.3 0.804007
215.4 0.80555
215.5 0.810882
215.6 0.801306
215.7 0.796717
215.8 0.798094
215.9 0.786439
216 0.783451
216.1 0.794777
216.2 0.788703
216.3 0.788229
216.4 0.793746
216.5 0.79994
216.6 0.79604
216.7 0.793471
216.8 0.798251
216.9 0.798824
217 0.798681
217.1 0.791717
217.2 0.784158
217.3 0.785394
217.4 0.775026
217.5 0.775538
217.6 0.772644
217.7 0.778686
217.8 0.775033
217.9 0.773107
218 0.775256
218.1 0.778277
218.2 0.791533
218.3 0.784169
218.4 0.783304
218.5 0.787686
218.6 0.789695
218.7 0.780589
218.8 0.775858
218.9 0.769013
219 0.772463
219.1 0.776204
219.2 0.783362
219.3 0.771167
219.4 0.767666
219.5 0.775233
219.6 0.781542
219.7 0.790109
219.8 0.796186
219.9 0.787879
220 0.788892
220.1 0.790976
220.2 0.791552
220.3 0.793452
220.4 0.796473
220.5 0.812613
220.6 0.811339
220.7 0.814693
220.8 0.825641
220.9 0.822298
221 0.830359
221.1 0.820862
221.2 0.811894
221.3 0.807326
221.4 0.804369
221.5 0.804176
221.6 0.801999
221.7 0.805132
221.8 0.802099
221.9 0.8061
222 0.804357
222.1 0.80746
222.2 0.798913
222.3 0.793203
222.4 0.785722
222.5 0.786006
222.6 0.785019
222.7 0.780375
222.8 0.782101
222.9 0.77688
223 0.768365
223.1 0.758497
223.2 0.765829
223.3 0.765947
223.4 0.754081
223.5 0.748256
223.6 0.749315
223.7 0.741306
223.8 0.737401
223.9 0.746519
224 0.748857
224.1 0.753035
224.2 0.749841
224.3 0.756435
224.4 0.766967
224.5 0.766039
224.6 0.775285
224.7 0.766668
224.8 0.780353
224.9 0.774076
225 0.765364
225.1 0.763256
225.2 0.76644
225.3 0.76445
225.4 0.77773
225.5 0.777395
225.6 0.783375
225.7 0.783023
225.8 0.786333
225.9 0.787309
226 0.792764
226.1 0.803821
226.2 0.817337
226.3 0.812912
226.4 0.811902
226.5 0.809444
226.6 0.816938
226.7 0.810542
226.8 0.815342
226.9 0.813825
227 0.810042
227.1 0.820451
227.2 0.821568
227.3 0.819514
227.4 0.818214
227.5 0.827985
227.6 0.836087
227.7 0.834101
227.8 0.831657
227.9 0.838793
228 0.83773
228.1 0.839955
228.2 0.842303
228.3 0.835108
228.4 0.836347
228.5 0.829399
228.6 0.823614
228.7 0.82639
228.8 0.814682
228.9 0.817438
229 0.819893
229.1 0.816373
229.2 0.819699
229.3 0.805343
229.4 0.814126
229.5 0.810074
229.6 0.805303
229.7 0.806546
229.8 0.80727
229.9 0.809696
230 0.798665
230.1 0.809262
230.2 0.805646
230.3 0.797309
230.4 0.794119
230.5 0.796014
230.6 0.791751
230.7 0.794199
230.8 0.797967
230.9 0.801599
231 0.805759
231.1 0.802496
231.2 0.814849
231.3 0.808172
231.4 0.813085
231.5 0.806418
231.6 0.810469
231.7 0.808483
231.8 0.814219
231.9 0.810725
232 0.811454
232.1 0.821729
232.2 0.816269
232.3 0.810107
232.4 0.808587
232.5 0.808808
232.6 0.804832
232.7 0.800986
232.8 0.795515
232.9 0.800404
233 0.801376
233.1 0.794831
233.2 0.788388
233.3 0.78636
233.4 0.7815
233.5 0.785403
233.6 0.789391
233.7 0.794966
233.8 0.793065
233.9 0.789576
234 0.7861
234.1 0.791828
234.2 0.789039
234.3 0.786816
234.4 0.792375
234.5 0.7971
234.6 0.800189
234.7 0.781526
234.8 0.786981
234.9 0.785238
235 0.780644
235.1 0.780542
235.2 0.784638
235.3 0.80265
235.4 0.794291
235.5 0.795049
235.6 0.791491
235.7 0.78125
235.8 0.792754
235.9 0.803346
236 0.795403
236.1 0.797413
236.2 0.787389
236.3 0.783613
236.4 0.787542
236.5 0.787505
236.6 0.779971
236.7 0.775756
236.8 0.77611
236.9 0.785649
237 0.782833
237.1 0.784723
237.2 0.793891
237.3 0.788739
237.4 0.800571
237.5 0.801043
237.6 0.809664
237.7 0.814729
237.8 0.809723
237.9 0.808672
238 0.819292
238.1 0.820644
238.2 0.822513
238.3 0.82538
238.4 0.822075
238.5 0.820383
238.6 0.817417
238.7 0.814584
238.8 0.805301
238.9 0.809036
239 0.806414
239.1 0.804459
239.2 0.80661
239.3 0.807238
239.4 0.800983
239.5 0.804722
239.6 0.79957
239.7 0.802713
239.8 0.801286
239.9 0.797589
240 0.79064
240.1 0.772514
240.2 0.771061
240.3 0.772078
240.4 0.76488
240.5 0.76707
240.6 0.766031
240.7 0.755067
240.8 0.760172
240.9 0.767335
241 0.755895
241.1 0.75483
241.2 0.748942
241.3 0.757909
241.4 0.749332
241.5 0.747689
241.6 0.749913
241.7 0.750239
241.8 0.75375
241.9 0.751392
242 0.748855
242.1 0.753114
242.2 0.756214
242.3 0.755033
242.4 0.749891
242.5 0.751607
242.6 0.749418
242.7 0.743041
242.8 0.739912
242.9 0.73238
243 0.732606
243.1 0.750776
243.2 0.741697
243.3 0.748326
243.4 0.743492
243.5 0.74694
243.6 0.754252
243.7 0.744101
243.8 0.74529
243.9 0.747935
244 0.749467
244.1 0.753147
244.2 0.75792
244.3 0.763745
244.4 0.767828
244.5 0.769143
244.6 0.765632
244.7 0.769111
244.8 0.772613
244.9 0.772133
245 0.762495
245.1 0.762368
245.2 0.769723
245.3 0.762846
245.4 0.770802
245.5 0.776442
245.6 0.775047
245.7 0.768787
245.8 0.758506
245.9 0.758959
246 0.761157
246.1 0.753442
246.2 0.749788
246.3 0.742901
246.4 0.743596
246.5 0.742506
246.6 0.730989
246.7 0.724478
246.8 0.723064
246.9 0.72433
247 0.717312
247.1 0.714314
247.2 0.714339
247.3 0.718438
247.4 0.714541
247.5 0.717821
247.6 0.717855
247.7 0.715471
247.8 0.718127
247.9 0.721012
248 0.716051
248.1 0.717267
248.2 0.71586
248.3 0.710353
248.4 0.712605
248.5 0.710696
248.6 0.706923
248.7 0.704219
248.8 0.70737
248.9 0.704366
249 0.705481
249.1 0.716016
249.2 0.720133
249.3 0.733903
249.4 0.741065
249.5 0.7437
249.6 0.747065
249.7 0.746988
249.8 0.742567
249.9 0.739448
250 0.746424
250.1 0.746877
250.2 0.743649
250.3 0.740998
250.4 0.738957
250.5 0.74695
250.6 0.744222
250.7 0.740121
250.8 0.746978
250.9 0.762756
251 0.7633
251.1 0.756382
251.2 0.763597
251.3 0.764864
251.4 0.762155
251.5 0.762173
251.6 0.762205
251.7 0.785465
251.8 0.782543
251.9 0.788555
252 0.796768
252.1 0.79393
252.2 0.795322
252.3 0.797505
252.4 0.793766
252.5 0.796733
252.6 0.796877
252.7 0.797337
252.8 0.784814
252.9 0.77957
253 0.778006
253.1 0.771584
253.2 0.772629
253.3 0.773878
253.4 0.766928
253.5 0.758122
253.6 0.756897
253.7 0.754427
253.8 0.76143
253.9 0.76521
254 0.765817
254.1 0.762027
254.2 0.756863
254.3 0.759771
254.4 0.756004
254.5 0.752834
254.6 0.757624
254.7 0.761659
254.8 0.759227
254.9 0.752029
255 0.759701
255.1 0.748081
255.2 0.752231
255.3 0.752717
255.4 0.757972
255.5 0.748257
255.6 0.746769
255.7 0.759666
255.8 0.757979
255.9 0.750608
256 0.757983
256.1 0.764701
256.2 0.762175
256.3 0.769065
256.4 0.764692
256.5 0.772963
256.6 0.7734
256.7 0.770168
256.8 0.77479
256.9 0.792413
257 0.787273
257.1 0.78883
257.2 0.790863
257.3 0.782908
257.4 0.787001
257.5 0.792522
257.6 0.792736
257.7 0.798702
257.8 0.784646
257.9 0.792535
258 0.806704
258.1 0.805867
258.2 0.814792
258.3 0.818966
258.4 0.818037
258.5 0.819831
258.6 0.819354
258.7 0.813154
258.8 0.807006
258.9 0.803724
259 0.798862
259.1 0.794692
259.2 0.787262
259.3 0.793488
259.4 0.799879
259.5 0.802852
259.6 0.805118
259.7 0.809879
259.8 0.808198
259.9 0.808396
260 0.803775
260.1 0.792158
260.2 0.792876
260.3 0.786666
260.4 0.785669
260.5 0.789504
260.6 0.78515
260.7 0.790511
260.8 0.786223
260.9 0.772656
261 0.775016
261.1 0.783763
261.2 0.786613
261.3 0.789581
261.4 0.788383
261.5 0.796022
261.6 0.798945
261.7 0.792476
261.8 0.787197
261.9 0.792826
262 0.783812
262.1 0.787429
262.2 0.788528
262.3 0.797052
262.4 0.781312
262.5 0.776142
262.6 0.770965
262.7 0.775905
262.8 0.766274
262.9 0.757477
263 0.757086
263.1 0.751264
263.2 0.757344
263.3 0.745252
263.4 0.750884
263.5 0.738818
263.6 0.738892
263.7 0.739659
263.8 0.75184
263.9 0.74244
264 0.735367
264.1 0.740511
264.2 0.743198
264.3 0.749788
264.4 0.743675
264.5 0.74389
264.6 0.731635
264.7 0.726997
264.8 0.714672
264.9 0.716657
265 0.710493
265.1 0.702175
265.2 0.703669
265.3 0.706198
265.4 0.709595
265.5 0.712346
265.6 0.719959
265.7 0.71609
265.8 0.713845
265.9 0.711058
266 0.707243
266.1 0.711538
266.2 0.7132
266.3 0.711855
266.4 0.709964
266.5 0.699955
266.6 0.697313
266.7 0.70234
266.8 0.693936
266.9 0.694815
267 0.692675
267.1 0.687662
267.2 0.693608
267.3 0.686006
267.4 0.677303
267.5 0.685275
267.6 0.677782
267.7 0.674563
267.8 0.679392
267.9 0.678016
268 0.674131
268.1 0.668257
268.2 0.665647
268.3 0.661764
268.4 0.665381
268.5 0.673437
268.6 0.670938
268.7 0.667842
268.8 0.669552
268.9 0.679176
269 0.678217
269.1 0.680762
269.2 0.690417
269.3 0.699046
269.4 0.694696
269.5 0.691874
269.6 0.690994
269.7 0.69978
269.8 0.703482
269.9 0.717721
270 0.723069
270.1 0.714163
270.2 0.717538
270.3 0.714309
270.4 0.717402
270.5 0.712593
270.6 0.719119
270.7 0.708593
270.8 0.702629
270.9 0.703899
271 0.704737
271.1 0.717609
271.2 0.714929
271.3 0.713325
271.4 0.704795
271.5 0.694301
271.6 0.705305
271.7 0.712545
271.8 0.711445
271.9 0.724242
272 0.712096
272.1 0.713276
272.2 0.699638
272.3 0.708121
272.4 0.706153
272.5 0.69934
272.6 0.700978
272.7 0.71022
272.8 0.704591
272.9 0.703088
273 0.695528
273.1 0.690813
273.2 0.683696
273.3 0.684769
273.4 0.677384
273.5 0.672673
273.6 0.674396
273.7 0.678731
273.8 0.677189
273.9 0.679903
274 0.677872
274.1 0.690024
274.2 0.684813
274.3 0.683017
274.4 0.672137
274.5 0.673626
274.6 0.680889
274.7 0.675135
274.8 0.668595
274.9 0.668892
275 0.6728
275.1 0.669312
275.2 0.667239
275.3 0.672346
275.4 0.665286
275.5 0.654194
275.6 0.6724
275.7 0.673077
275.8 0.690401
275.9 0.697406
276 0.687029
276.1 0.682436
276.2 0.685092
276.3 0.688912
276.4 0.706028
276.5 0.701248
276.6 0.691404
276.7 0.694302
276.8 0.698682
276.9 0.716329
277 0.720114
277.1 0.719591
277.2 0.713068
277.3 0.698112
277.4 0.69452
277.5 0.68259
277.6 0.68093
277.7 0.677052
277.8 0.673942
277.9 0.676252
278 0.675297
278.1 0.682008
278.2 0.682724
278.3 0.686499
278.4 0.692788
278.5 0.692391
278.6 0.688103
278.7 0.684031
278.8 0.68525
278.9 0.679482
279 0.680659
279.1 0.69505
279.2 0.704741
279.3 0.709451
279.4 0.705878
279.5 0.704546
279.6 0.703886
279.7 0.697303
279.8 0.708289
279.9 0.707338
280 0.70759
280.1 0.718083
280.2 0.718314
280.3 0.718868
280.4 0.716274
280.5 0.723005
280.6 0.72116
280.7 0.738283
280.8 0.739713
280.9 0.740675
281 0.739324
281.1 0.738598
281.2 0.733164
281.3 0.737072
281.4 0.733118
281.5 0.729376
281.6 0.724595
281.7 0.729704
281.8 0.726202
281.9 0.716272
282 0.711698
282.1 0.707717
282.2 0.722144
282.3 0.709084
282.4 0.721344
282.5 0.719618
282.6 0.739336
282.7 0.736882
282.8 0.745451
282.9 0.7427
283 0.740825
283.1 0.734797
283.2 0.732409
283.3 0.745152
283.4 0.765948
283.5 0.761136
283.6 0.768347
283.7 0.770779
283.8 0.774054
283.9 0.772049
284 0.771406
284.1 0.777046
284.2 0.778596
284.3 0.780174
284.4 0.77753
284.5 0.782169
284.6 0.786246
284.7 0.780843
284.8 0.786463
284.9 0.788392
285 0.791835
285.1 0.79451
285.2 0.789117
285.3 0.795371
285.4 0.801947
285.5 0.800073
285.6 0.79418
285.7 0.791256
285.8 0.786253
285.9 0.7916
286 0.796041
286.1 0.801156
286.2 0.803447
286.3 0.801885
286.4 0.799391
286.5 0.783134
286.6 0.783519
286.7 0.779627
286.8 0.781813
286.9 0.772514
287 0.779631
287.1 0.788902
287.2 0.78704
287.3 0.787043
287.4 0.784743
287.5 0.784363
287.6 0.787227
287.7 0.787131
287.8 0.789607
287.9 0.786335
288 0.791685
288.1 0.795162
288.2 0.794692
288.3 0.794345
288.4 0.803546
288.5 0.797491
288.6 0.801515
288.7 0.802374
288.8 0.805949
288.9 0.802373
289 0.810904
289.1 0.820936
289.2 0.833656
289.3 0.825558
289.4 0.826905
289.5 0.82988
289.6 0.822274
289.7 0.829526
289.8 0.827006
289.9 0.833362
290 0.83507
290.1 0.82604
290.2 0.82551
290.3 0.830704
290.4 0.829714
290.5 0.830729
290.6 0.832248
290.7 0.832185
290.8 0.818649
290.9 0.821004
291 0.812358
291.1 0.810907
291.2 0.796316
291.3 0.791648
291.4 0.796369
291.5 0.799787
291.6 0.804107
291.7 0.81361
291.8 0.802539
291.9 0.805013
292 0.806284
292.1 0.807532
292.2 0.811326
292.3 0.815123
292.4 0.828247
292.5 0.83149
292.6 0.839279
292.7 0.833654
292.8 0.838879
292.9 0.837884
293 0.843349
293.1 0.845737
293.2 0.840875
293.3 0.837316
293.4 0.835085
293.5 0.829661
293.6 0.820975
293.7 0.822059
293.8 0.823817
293.9 0.819525
294 0.831368
294.1 0.833268
294.2 0.832373
294.3 0.833933
294.4 0.833642
294.5 0.826834
294.6 0.827125
294.7 0.820303
294.8 0.812464
294.9 0.815799
295 0.81011
295.1 0.814106
295.2 0.81795
295.3 0.820518
295.4 0.823956
295.5 0.823656
295.6 0.822313
295.7 0.822742
295.8 0.820559
295.9 0.8141
296 0.807186
296.1 0.80276
296.2 0.813245
296.3 0.809243
296.4 0.804757
296.5 0.796366
296.6 0.805375
296.7 0.803104
296.8 0.79627
296.9 0.794933
297 0.786866
297.1 0.788444
297.2 0.784235
297.3 0.790545
297.4 0.788687
297.5 0.785092
297.6 0.785402
297.7 0.792052
297.8 0.793655
297.9 0.787424
298 0.792252
298.1 0.797956
298.2 0.796951
298.3 0.799694
298.4 0.794471
298.5 0.793338
298.6 0.792382
298.7 0.794203
298.8 0.796475
298.9 0.791243
299 0.788053
299.1 0.789669
299.2 0.789047
299.3 0.787797
299.4 0.785015
299.5 0.782212
299.6 0.784048
299.7 0.796474
299.8 0.799535
299.9 0.810607
300 0.816296
300.1 0.816619
300.2 0.816249
300.3 0.814076
300.4 0.813813
300.5 0.819452
300.6 0.822316
300.7 0.82787
300.8 0.822681
300.9 0.825231
301 0.831205
301.1 0.836102
301.2 0.834611
301.3 0.839045
301.4 0.832544
301.5 0.831124
301.6 0.830305
301.7 0.833859
301.8 0.833299
301.9 0.831559
302 0.825773
302.1 0.82247
302.2 0.826244
302.3 0.823868
302.4 0.836062
302.5 0.838992
302.6 0.832443
302.7 0.825579
302.8 0.820871
302.9 0.820379
303 0.821178
303.1 0.821493
303.2 0.820184
303.3 0.81975
303.4 0.812577
303.5 0.817288
303.6 0.821175
303.7 0.81221
303.8 0.819326
303.9 0.817131
304 0.819642
304.1 0.817615
304.2 0.818569
304.3 0.817413
304.4 0.827263
304.5 0.8283
304.6 0.825146
304.7 0.822132
304.8 0.826205
304.9 0.837616
305 0.844755
305.1 0.847062
305.2 0.844873
305.3 0.849431
305.4 0.847673
305.5 0.848362
305.6 0.847572
305.7 0.848356
305.8 0.840181
305.9 0.834683
306 0.841409
306.1 0.840669
306.2 0.841068
306.3 0.838911
306.4 0.837215
306.5 0.829617
306.6 0.82278
306.7 0.821199
306.8 0.817782
306.9 0.826803
307 0.815194
307.1 0.809303
307.2 0.793079
307.3 0.788647
307.4 0.782135
307.5 0.785683
307.6 0.786737
307.7 0.776365
307.8 0.772359
307.9 0.776145
308 0.772907
308.1 0.76723
308.2 0.76052
308.3 0.764364
308.4 0.766944
308.5 0.757541
308.6 0.761807
308.7 0.763361
308.8 0.758091
308.9 0.762059
309 0.7516
309.1 0.749727
309.2 0.745689
309.3 0.73638
309.4 0.723644
309.5 0.712865
309.6 0.715259
309.7 0.715944
309.8 0.719435
309.9 0.717694
310 0.717075
310.1 0.709393
310.2 0.715007
310.3 0.707292
310.4 0.715554
310.5 0.711673
310.6 0.703427
310.7 0.705176
310.8 0.69546
310.9 0.688348
311 0.687252
311.1 0.697723
311.2 0.700108
311.3 0.711247
311.4 0.709518
311.5 0.714539
311.6 0.721264
311.7 0.715283
311.8 0.72341
311.9 0.73029
312 0.729204
312.1 0.719232
312.2 0.722566
312.3 0.725461
312.4 0.730995
312.5 0.729952
312.6 0.734367
312.7 0.735345
312.8 0.736541
312.9 0.749734
313 0.738382
313.1 0.742897
313.2 0.740489
313.3 0.739664
313.4 0.730779
313.5 0.731316
313.6 0.732557
313.7 0.744409
313.8 0.73833
313.9 0.727849
314 0.730307
314.1 0.728792
314.2 0.727259
314.3 0.727419
314.4 0.709062
314.5 0.716054
314.6 0.716161
314.7 0.712647
314.8 0.717113
314.9 0.708792
315 0.705173
315.1 0.698907
315.2 0.679226
315.3 0.67741
315.4 0.676994
315.5 0.68649
315.6 0.68501
315.7 0.679339
315.8 0.691301
315.9 0.69181
316 0.69119
316.1 0.711285
316.2 0.721465
316.3 0.724696
316.4 0.718955
316.5 0.729232
316.6 0.743907
316.7 0.746949
316.8 0.743959
316.9 0.748342
317 0.755817
317.1 0.75842
317.2 0.756137
317.3 0.75302
317.4 0.767006
317.5 0.763163
317.6 0.75897
317.7 0.755656
317.8 0.760286
317.9 0.768395
318 0.775354
318.1 0.783347
318.2 0.774235
318.3 0.779733
318.4 0.770457
318.5 0.772464
318.6 0.77338
318.7 0.77223
318.8 0.773761
318.9 0.772164
319 0.767807
319.1 0.76568
319.2 0.765963
319.3 0.768855
319.4 0.762533
319.5 0.762469
319.6 0.777253
319.7 0.785439
319.8 0.796069
319.9 0.789708
320 0.79507
320.1 0.799924
320.2 0.815503
320.3 0.82631
320.4 0.823172
320.5 0.817482
320.6 0.818649
320.7 0.808151
320.8 0.804649
320.9 0.801514
321 0.816246
321.1 0.809836
321.2 0.810177
321.3 0.813657
321.4 0.816597
321.5 0.814764
321.6 0.811646
321.7 0.815148
321.8 0.824914
321.9 0.815531
322 0.812013
322.1 0.810183
322.2 0.817872
322.3 0.800858
322.4 0.796071
322.5 0.798139
322.6 0.80134
322.7 0.808783
322.8 0.806786
322.9 0.800621
323 0.797883
323.1 0.804831
323.2 0.804803
323.3 0.808962
323.4 0.821382
323.5 0.820496
323.6 0.816904
323.7 0.819113
323.8 0.816017
323.9 0.820142
324 0.825319
324.1 0.817267
324.2 0.822661
324.3 0.821114
324.4 0.818896
324.5 0.809427
324.6 0.808592
324.7 0.800505
324.8 0.811139
324.9 0.815389
325 0.811551
325.1 0.814439
325.2 0.822601
325.3 0.819765
325.4 0.820317
325.5 0.821041
325.6 0.816426
325.7 0.805803
325.8 0.804042
325.9 0.817146
326 0.815886
326.1 0.809036
326.2 0.800867
326.3 0.80336
326.4 0.801404
326.5 0.796196
326.6 0.803409
326.7 0.789399
326.8 0.782971
326.9 0.785855
327 0.786586
327.1 0.7823
327.2 0.775873
327.3 0.767412
327.4 0.765991
327.5 0.766933
327.6 0.761505
327.7 0.752391
327.8 0.765238
327.9 0.763808
328 0.754047
328.1 0.756617
328.2 0.767467
328.3 0.767831
328.4 0.775333
328.5 0.771868
328.6 0.770795
328.7 0.763567
328.8 0.769542
328.9 0.772253
329 0.776791
329.1 0.773106
329.2 0.774698
329.3 0.766437
329.4 0.764313
329.5 0.769745
329.6 0.772477
329.7 0.772608
329.8 0.777921
329.9 0.761288
330 0.757075
330.1 0.751973
330.2 0.736306
330.3 0.736615
330.4 0.742703
330.5 0.74428
330.6 0.750117
330.7 0.778924
330.8 0.783715
330.9 0.785152
331 0.783653
331.1 0.784079
331.2 0.788794
331.3 0.790316
331.4 0.784272
331.5 0.781464
331.6 0.780465
331.7 0.790922
331.8 0.78813
331.9 0.781898
332 0.780692
332.1 0.77592
332.2 0.774467
332.3 0.775047
332.4 0.771924
332.5 0.776027
332.6 0.771988
332.7 0.76358
332.8 0.766026
332.9 0.763891
333 0.752293
333.1 0.751186
333.2 0.753232
333.3 0.742864
333.4 0.748374
333.5 0.754462
333.6 0.747974
333.7 0.754152
333.8 0.757716
333.9 0.766579
334 0.774487
334.1 0.774742
334.2 0.790245
334.3 0.774975
334.4 0.769854
334.5 0.762249
334.6 0.761837
334.7 0.756951
334.8 0.753948
334.9 0.740199
335 0.748816
335.1 0.747918
335.2 0.748258
335.3 0.752338
335.4 0.749213
335.5 0.754724
335.6 0.758461
335.7 0.75976
335.8 0.76006
335.9 0.762026
336 0.776679
336.1 0.780555
336.2 0.784699
336.3 0.785364
336.4 0.780871
336.5 0.780696
336.6 0.78652
336.7 0.782411
336.8 0.785664
336.9 0.790427
337 0.801225
337.1 0.799135
337.2 0.805407
337.3 0.805717
337.4 0.815523
337.5 0.813266
337.6 0.813955
337.7 0.811383
337.8 0.810021
337.9 0.811015
338 0.806447
338.1 0.802588
338.2 0.813414
338.3 0.80474
338.4 0.799475
338.5 0.793509
338.6 0.793033
338.7 0.790016
338.8 0.802322
338.9 0.800088
339 0.7953
339.1 0.790759
339.2 0.791271
339.3 0.788555
339.4 0.793684
339.5 0.7944
339.6 0.79221
339.7 0.790238
339.8 0.780362
339.9 0.783544
340 0.789827
340.1 0.780912
340.2 0.788458
340.3 0.786797
340.4 0.793418
340.5 0.807434
340.6 0.801406
340.7 0.791303
340.8 0.789741
340.9 0.793581
341 0.792643
341.1 0.783836
341.2 0.788715
341.3 0.7886
341.4 0.791763
341.5 0.785319
341.6 0.781911
341.7 0.785471
341.8 0.784958
341.9 0.787837
342 0.774496
342.1 0.762346
342.2 0.75618
342.3 0.754777
342.4 0.754514
342.5 0.754373
342.6 0.752697
342.7 0.754481
342.8 0.74197
342.9 0.75013
343 0.751578
343.1 0.750886
343.2 0.760216
343.3 0.749757
343.4 0.744757
343.5 0.74674
343.6 0.74243
343.7 0.748519
343.8 0.743916
343.9 0.745523
344 0.753274
344.1 0.755819
344.2 0.753649
344.3 0.758775
344.4 0.751447
344.5 0.757762
344.6 0.761606
344.7 0.759175
344.8 0.748434
344.9 0.751646
345 0.760887
345.1 0.753275
345.2 0.756055
345.3 0.760133
345.4 0.75759
345.5 0.754235
345.6 0.746016
345.7 0.743274
345.8 0.743727
345.9 0.731821
346 0.730786
346.1 0.731164
346.2 0.724913
346.3 0.727596
346.4 0.720964
346.5 0.717063
346.6 0.717402
346.7 0.715552
346.8 0.713937
346.9 0.713398
347 0.710385
347.1 0.708198
347.2 0.707036
347.3 0.70917
347.4 0.721645
347.5 0.722227
347.6 0.710365
347.7 0.714921
347.8 0.725519
347.9 0.720047
348 0.71541
348.1 0.72328
348.2 0.729291
348.3 0.727449
348.4 0.726154
348.5 0.726457
348.6 0.722747
348.7 0.718289
348.8 0.713045
348.9 0.709678
349 0.706638
349.1 0.710833
349.2 0.708737
349.3 0.70766
349.4 0.714164
349.5 0.711512
349.6 0.702161
349.7 0.699447
349.8 0.695067
349.9 0.690458
350 0.689637
350.1 0.688754
350.2 0.68941
350.3 0.689287
350.4 0.6864
350.5 0.681654
350.6 0.684955
350.7 0.693155
350.8 0.69931
350.9 0.712179
351 0.715759
351.1 0.71445
351.2 0.71216
351.3 0.715757
351.4 0.717781
351.5 0.724321
351.6 0.709591
351.7 0.708063
351.8 0.706448
351.9 0.707605
352 0.723837
352.1 0.73709
352.2 0.735351
352.3 0.730061
352.4 0.738469
352.5 0.746651
352.6 0.758139
352.7 0.757816
352.8 0.762029
352.9 0.755362
353 0.759618
353.1 0.758666
353.2 0.767035
353.3 0.758509
353.4 0.752593
353.5 0.758702
353.6 0.767201
353.7 0.768104
353.8 0.76798
353.9 0.767437
354 0.764896
354.1 0.770655
354.2 0.778864
354.3 0.777296
354.4 0.78692
354.5 0.788938
354.6 0.794985
354.7 0.791765
354.8 0.787087
354.9 0.780764
355 0.781945
355.1 0.792513
355.2 0.79288
355.3 0.79331
355.4 0.796713
355.5 0.794456
355.6 0.782888
355.7 0.778174
355.8 0.776593
355.9 0.770293
356 0.771136
356.1 0.783047
356.2 0.783513
356.3 0.784218
356.4 0.779857
356.5 0.785351
356.6 0.784027
356.7 0.792175
356.8 0.785326
356.9 0.78383
357 0.786098
357.1 0.799217
357.2 0.795787
357.3 0.807974
357.4 0.815331
357.5 0.824657
357.6 0.825813
357.7 0.819641
357.8 0.817475
357.9 0.807042
358 0.804244
358.1 0.806395
358.2 0.802919
358.3 0.802288
358.4 0.793234
358.5 0.797436
358.6 0.790933
358.7 0.790234
358.8 0.787202
358.9 0.793555
359 0.784525
359.1 0.782779
359.2 0.788326
359.3 0.789348
359.4 0.782759
359.5 0.78877
359.6 0.790838
359.7 0.784499
359.8 0.785254
359.9 0.776942
360 0.774602
360.1 0.771386
360.2 0.767125
360.3 0.759313
360.4 0.751436
360.5 0.749785
360.6 0.748783
360.7 0.753111
360.8 0.752051
360.9 0.76394
361 0.77792
361.1 0.768901
361.2 0.760808
361.3 0.759123
361.4 0.756626
361.5 0.764005
361.6 0.755997
361.7 0.75939
361.8 0.760684
361.9 0.764715
362 0.774658
362.1 0.76255
362.2 0.760533
362.3 0.764421
362.4 0.7602
362.5 0.771062
362.6 0.771062
362.7 0.76508
362.8 0.770829
362.9 0.760876
363 0.756942
363.1 0.761637
363.2 0.758977
363.3 0.753284
363.4 0.751986
363.5 0.750383
363.6 0.746921
363.7 0.756108
363.8 0.748283
363.9 0.740905
364 0.735815
364.1 0.745281
364.2 0.747677
364.3 0.753844
364.4 0.754646
364.5 0.762196
364.6 0.761886
364.7 0.758371
364.8 0.762696
364.9 0.750941
365 0.763419
365.1 0.760588
365.2 0.760273
365.3 0.760638
365.4 0.757826
365.5 0.758627
365.6 0.74898
365.7 0.748264
365.8 0.742087
365.9 0.7464
366 0.759546
366.1 0.75872
366.2 0.762427
366.3 0.761659
366.4 0.769873
366.5 0.767749
366.6 0.774739
366.7 0.780394
366.8 0.778364
366.9 0.771547
367 0.780281
367.1 0.787046
367.2 0.787081
367.3 0.783777
367.4 0.783722
367.5 0.786512
367.6 0.789516
367.7 0.802269
367.8 0.798728
367.9 0.790646
368 0.784977
368.1 0.768829
368.2 0.760041
368.3 0.766344
368.4 0.766711
368.5 0.766695
368.6 0.759885
368.7 0.759299
368.8 0.767386
368.9 0.758375
369 0.757612
369.1 0.755253
369.2 0.752346
369.3 0.748132
369.4 0.7454
369.5 0.74272
369.6 0.750247
369.7 0.75671
369.8 0.75664
369.9 0.756406
370 0.752863
370.1 0.749347
370.2 0.740288
370.3 0.74373
370.4 0.75009
370.5 0.760024
370.6 0.763466
370.7 0.766202
370.8 0.763345
370.9 0.763147
371 0.779246
371.1 0.780348
371.2 0.780115
371.3 0.77427
371.4 0.770576
371.5 0.760593
371.6 0.762969
371.7 0.762178
371.8 0.763995
371.9 0.76336
372 0.76585
372.1 0.765906
372.2 0.763443
372.3 0.764572
372.4 0.767542
372.5 0.761362
372.6 0.764008
372.7 0.767048
372.8 0.777327
372.9 0.780497
373 0.775644
373.1 0.78965
373.2 0.784129
373.3 0.786337
373.4 0.779661
373.5 0.779335
373.6 0.78208
373.7 0.785872
373.8 0.785348
373.9 0.781828
374 0.785401
374.1 0.774475
374.2 0.780758
374.3 0.77321
374.4 0.778798
374.5 0.782429
374.6 0.790826
374.7 0.789426
374.8 0.794954
374.9 0.798361
375 0.797578
375.1 0.801874
375.2 0.801292
375.3 0.803088
375.4 0.804135
375.5 0.797514
375.6 0.796818
375.7 0.803329
375.8 0.805021
375.9 0.806817
376 0.802385
376.1 0.796967
376.2 0.805334
376.3 0.807286
376.4 0.809496
376.5 0.811328
376.6 0.809641
376.7 0.80566
376.8 0.806687
376.9 0.804893
377 0.800628
377.1 0.795391
377.2 0.804107
377.3 0.801538
377.4 0.804118
377.5 0.810124
377.6 0.806484
377.7 0.804888
377.8 0.8165
377.9 0.823926
378 0.826437
378.1 0.826949
378.2 0.823835
378.3 0.816969
378.4 0.80731
378.5 0.798277
378.6 0.796554
378.7 0.800191
378.8 0.802271
378.9 0.796111
379 0.799634
379.1 0.802771
379.2 0.801786
379.3 0.814535
379.4 0.823974
379.5 0.826243
379.6 0.819061
379.7 0.815479
379.8 0.809666
379.9 0.813501
380 0.820167
380.1 0.817127
380.2 0.810435
380.3 0.811446
380.4 0.814729
380.5 0.818668
380.6 0.814226
380.7 0.816587
380.8 0.816068
380.9 0.826725
381 0.825548
381.1 0.821255
381.2 0.826595
381.3 0.821558
381.4 0.818708
381.5 0.815842
381.6 0.798924
381.7 0.788119
381.8 0.793814
381.9 0.795095
382 0.799105
382.1 0.806348
382.2 0.80508
382.3 0.811419
382.4 0.807074
382.5 0.801658
382.6 0.812472
382.7 0.818694
382.8 0.818227
382.9 0.811058
383 0.809311
383.1 0.808232
383.2 0.804494
383.3 0.793633
383.4 0.799254
383.5 0.789662
383.6 0.78474
383.7 0.779517
383.8 0.767556
383.9 0.767606
384 0.77042
384.1 0.787852
384.2 0.797199
384.3 0.807616
384.4 0.810337
384.5 0.810433
384.6 0.824076
384.7 0.826566
384.8 0.828018
384.9 0.832852
385 0.829143
385.1 0.817169
385.2 0.819212
385.3 0.819793
385.4 0.825549
385.5 0.828781
385.6 0.831238
385.7 0.836435
385.8 0.835383
385.9 0.829018
386 0.823667
386.1 0.826892
386.2 0.81882
386.3 0.825079
386.4 0.819288
386.5 0.814651
386.6 0.812092
386.7 0.811638
386.8 0.817591
386.9 0.817428
387 0.812966
387.1 0.813251
387.2 0.810056
387.3 0.811558
387.4 0.81314
387.5 0.806262
387.6 0.806889
387.7 0.811884
387.8 0.804143
387.9 0.804961
388 0.810335
388.1 0.801779
388.2 0.808033
388.3 0.809714
388.4 0.807632
388.5 0.809731
388.6 0.814313
388.7 0.812879
388.8 0.812286
388.9 0.815662
389 0.813641
389.1 0.811388
389.2 0.815105
389.3 0.815461
389.4 0.816379
389.5 0.823598
389.6 0.838249
389.7 0.835185
389.8 0.830452
389.9 0.8319
390 0.837779
390.1 0.835528
390.2 0.838501
390.3 0.843408
390.4 0.839668
390.5 0.837503
390.6 0.842163
390.7 0.835154
390.8 0.832461
390.9 0.828703
391 0.827265
391.1 0.821454
391.2 0.830558
391.3 0.831247
391.4 0.834746
391.5 0.827358
391.6 0.821892
391.7 0.820679
391.8 0.823136
391.9 0.819452
392 0.824475
392.1 0.824692
392.2 0.819331
392.3 0.808069
392.4 0.810234
392.5 0.798776
392.6 0.794324
392.7 0.791323
392.8 0.786878
392.9 0.785825
393 0.793926
393.1 0.802705
393.2 0.795321
393.3 0.796085
393.4 0.80082
393.5 0.797791
393.6 0.801665
393.7 0.797117
393.8 0.7988
393.9 0.7938
394 0.786328
394.1 0.793375
394.2 0.794425
394.3 0.796423
394.4 0.788331
394.5 0.78081
394.6 0.784234
394.7 0.777441
394.8 0.770252
394.9 0.774521
395 0.782469
395.1 0.774332
395.2 0.778113
395.3 0.768098
395.4 0.768323
395.5 0.766399
395.6 0.766281
395.7 0.769843
395.8 0.774788
395.9 0.776542
396 0.778876
396.1 0.778331
396.2 0.78525
396.3 0.786476
396.4 0.78585
396.5 0.781822
396.6 0.784049
396.7 0.782135
396.8 0.783217
396.9 0.794851
397 0.795645
397.1 0.805297
397.2 0.807004
397.3 0.807799
397.4 0.804973
397.5 0.79597
397.6 0.801635
397.7 0.80353
397.8 0.795248
397.9 0.79704
398 0.800831
398.1 0.806337
398.2 0.802359
398.3 0.808234
398.4 0.802666
398.5 0.79928
398.6 0.79693
398.7 0.80424
398.8 0.813756
398.9 0.813127
399 0.817082
399.1 0.818085
399.2 0.822903
399.3 0.823339
399.4 0.822068
399.5 0.822528
399.6 0.823708
399.7 0.823347
399.8 0.815698
399.9 0.818877
400 0.817658
400.1 0.817465
400.2 0.811073
400.3 0.808508
400.4 0.797763
400.5 0.787211
400.6 0.790709
400.7 0.787743
400.8 0.783165
400.9 0.775559
401 0.777288
401.1 0.782442
401.2 0.780766
401.3 0.768828
401.4 0.779296
401.5 0.782495
401.6 0.786747
401.7 0.78635
401.8 0.783723
401.9 0.783912
402 0.774529
402.1 0.77293
402.2 0.782248
402.3 0.786137
402.4 0.782243
402.5 0.787967
402.6 0.786052
402.7 0.784959
402.8 0.793575
402.9 0.807241
403 0.806057
403.1 0.799095
403.2 0.799855
403.3 0.794206
403.4 0.794012
403.5 0.789743
403.6 0.786768
403.7 0.781173
403.8 0.779965
403.9 0.773291
404 0.790044
404.1 0.790073
404.2 0.795444
404.3 0.79504
404.4 0.806796
404.5 0.807672
404.6 0.802225
404.7 0.805611
404.8 0.8009
404.9 0.798725
405 0.793371
405.1 0.796034
405.2 0.794074
405.3 0.791621
405.4 0.796676
405.5 0.784401
405.6 0.781147
405.7 0.783252
405.8 0.776784
405.9 0.778423
406 0.774554
406.1 0.768791
406.2 0.766188
406.3 0.765755
406.4 0.759555
406.5 0.74776
406.6 0.739723
406.7 0.73638
406.8 0.73502
406.9 0.745747
407 0.725477
407.1 0.713124
407.2 0.716249
407.3 0.705943
407.4 0.712454
407.5 0.70643
407.6 0.705194
407.7 0.700372
407.8 0.704872
407.9 0.715204
408 0.732452
408.1 0.735714
408.2 0.732034
408.3 0.751111
408.4 0.76829
408.5 0.770607
408.6 0.77746
408.7 0.790285
408.8 0.787098
408.9 0.788237
409 0.788605
409.1 0.787254
409.2 0.789776
409.3 0.798023
409.4 0.805314
409.5 0.791136
409.6 0.795495
409.7 0.797002
409.8 0.796314
409.9 0.787764
410 0.783044
410.1 0.793006
410.2 0.801537
410.3 0.799541
410.4 0.795552
410.5 0.79989
410.6 0.80773
410.7 0.804806
410.8 0.793396
410.9 0.795219
411 0.804806
411.1 0.805652
411.2 0.791687
411.3 0.784403
411.4 0.78242
411.5 0.788158
411.6 0.777271
411.7 0.778942
411.8 0.77657
411.9 0.769455
412 0.766033
412.1 0.760921
412.2 0.76586
412.3 0.768241
412.4 0.780321
412.5 0.780373
412.6 0.788003
412.7 0.801674
412.8 0.796144
412.9 0.794754
413 0.788409
413.1 0.788817
413.2 0.793588
413.3 0.798449
413.4 0.790891
413.5 0.793248
413.6 0.799635
413.7 0.791855
413.8 0.791108
413.9 0.789231
414 0.780752
414.1 0.77652
414.2 0.784441
414.3 0.783614
414.4 0.785948
414.5 0.804951
414.6 0.804969
414.7 0.809173
414.8 0.807932
414.9 0.804998
415 0.796863
415.1 0.786331
415.2 0.784319
415.3 0.789453
415.4 0.787833
415.5 0.787046
415.6 0.775293
415.7 0.772561
415.8 0.777576
415.9 0.790872
416 0.792809
416.1 0.792932
416.2 0.791211
416.3 0.795681
416.4 0.793465
416.5 0.794173
416.6 0.800073
416.7 0.79909
416.8 0.796374
416.9 0.790528
417 0.798424
417.1 0.812563
417.2 0.813093
417.3 0.803704
417.4 0.809287
417.5 0.814771
417.6 0.811503
417.7 0.81281
417.8 0.805234
417.9 0.820168
418 0.817463
418.1 0.820587
418.2 0.809347
418.3 0.803984
418.4 0.796651
418.5 0.794738
418.6 0.796276
418.7 0.797213
418.8 0.796492
418.9 0.788886
419 0.794171
419.1 0.788761
419.2 0.785575
419.3 0.786233
419.4 0.776064
419.5 0.781396
419.6 0.780798
419.7 0.782485
419.8 0.779093
419.9 0.774556
420 0.776178
420.1 0.769114
420.2 0.76758
420.3 0.775604
420.4 0.774645
420.5 0.773146
420.6 0.77613
420.7 0.777542
420.8 0.776983
420.9 0.789406
421 0.788763
421.1 0.792207
421.2 0.799553
421.3 0.789061
421.4 0.777742
421.5 0.779898
421.6 0.785625
421.7 0.786046
421.8 0.792471
421.9 0.789545
422 0.788569
422.1 0.798129
422.2 0.795884
422.3 0.78817
422.4 0.79907
422.5 0.797404
422.6 0.79109
422.7 0.800239
422.8 0.789672
422.9 0.794675
423 0.790891
423.1 0.783104
423.2 0.779238
423.3 0.782383
423.4 0.787784
423.5 0.779782
423.6 0.772452
423.7 0.773234
423.8 0.777681
423.9 0.78314
424 0.772281
424.1 0.782141
424.2 0.78006
424.3 0.77452
424.4 0.785169
424.5 0.779742
424.6 0.78083
424.7 0.774734
424.8 0.777071
424.9 0.780954
425 0.770504
425.1 0.7703
425.2 0.770609
425.3 0.765004
425.4 0.757365
425.5 0.746958
425.6 0.739734
425.7 0.736165
425.8 0.74418
425.9 0.757621
426 0.764629
426.1 0.75845
426.2 0.76937
426.3 0.767595
426.4 0.768882
426.5 0.760871
426.6 0.759875
426.7 0.755919
426.8 0.75475
426.9 0.757375
427 0.75861
427.1 0.757323
427.2 0.749831
427.3 0.738415
427.4 0.745141
427.5 0.739421
427.6 0.733267
427.7 0.723796
427.8 0.727516
427.9 0.729045
428 0.730615
428.1 0.731637
428.2 0.72608
428.3 0.724317
428.4 0.722107
428.5 0.719845
428.6 0.714197
428.7 0.712311
428.8 0.707962
428.9 0.714545
429 0.724637
429.1 0.730975
429.2 0.732247
429.3 0.738857
429.4 0.745578
429.5 0.743247
429.6 0.743382
429.7 0.739532
429.8 0.742223
429.9 0.740877
430 0.743026
430.1 0.733573
430.2 0.733425
430.3 0.725069
430.4 0.720964
430.5 0.729762
430.6 0.731716
430.7 0.744742
430.8 0.734008
430.9 0.740146
431 0.733513
431.1 0.736375
431.2 0.732889
431.3 0.738885
431.4 0.734334
431.5 0.73725
431.6 0.741002
431.7 0.740812
431.8 0.731153
431.9 0.729694
432 0.735297
432.1 0.720482
432.2 0.712888
432.3 0.706309
432.4 0.71526
432.5 0.716159
432.6 0.716765
432.7 0.703393
432.8 0.711775
432.9 0.70579
433 0.698207
433.1 0.698107
433.2 0.695631
433.3 0.697901
433.4 0.688979
433.5 0.69231
433.6 0.690908
433.7 0.693765
433.8 0.700087
433.9 0.694085
434 0.699948
434.1 0.701291
434.2 0.705119
434.3 0.700577
434.4 0.700802
434.5 0.703302
434.6 0.68964
434.7 0.692524
434.8 0.68187
434.9 0.681823
435 0.673802
435.1 0.664034
435.2 0.653667
435.3 0.65571
435.4 0.662904
435.5 0.662601
435.6 0.671052
435.7 0.671013
435.8 0.682237
435.9 0.67377
436 0.66597
436.1 0.666352
436.2 0.669829
436.3 0.687334
436.4 0.690609
436.5 0.680369
436.6 0.688965
436.7 0.683144
436.8 0.682043
436.9 0.695769
437 0.687506
437.1 0.688968
437.2 0.695709
437.3 0.69826
437.4 0.684789
437.5 0.681733
437.6 0.681079
437.7 0.677408
437.8 0.676576
437.9 0.681375
438 0.696478
438.1 0.70243
438.2 0.6958
438.3 0.699594
438.4 0.696836
438.5 0.691837
438.6 0.705812
438.7 0.719637
438.8 0.737394
438.9 0.74977
439 0.756795
439.1 0.754221
439.2 0.745392
439.3 0.74588
439.4 0.745551
439.5 0.74339
439.6 0.742547
439.7 0.736736
439.8 0.725648
439.9 0.726213
440 0.727159
440.1 0.733486
440.2 0.734612
440.3 0.740248
440.4 0.741243
440.5 0.740619
440.6 0.748579
440.7 0.748252
440.8 0.752042
440.9 0.753954
441 0.755942
441.1 0.768083
441.2 0.763608
441.3 0.764602
441.4 0.763696
441.5 0.764878
441.6 0.751125
441.7 0.748752
441.8 0.740784
441.9 0.747185
442 0.741873
442.1 0.748753
442.2 0.759156
442.3 0.762391
442.4 0.752458
442.5 0.747262
442.6 0.750035
442.7 0.75433
442.8 0.75174
442.9 0.752898
443 0.761003
443.1 0.762687
443.2 0.760567
443.3 0.748495
443.4 0.744024
443.5 0.746639
443.6 0.755539
443.7 0.758664
443.8 0.761673
443.9 0.759561
444 0.768526
444.1 0.768283
444.2 0.766495
444.3 0.761514
444.4 0.759673
444.5 0.77303
444.6 0.784971
444.7 0.78981
444.8 0.782069
444.9 0.787049
445 0.785004
445.1 0.786896
445.2 0.775865
445.3 0.778852
445.4 0.778588
445.5 0.780848
445.6 0.781125
445.7 0.782439
445.8 0.7843
445.9 0.78637
446 0.796887
446.1 0.79931
446.2 0.789824
446.3 0.785626
446.4 0.786906
446.5 0.787593
446.6 0.782586
446.7 0.788394
446.8 0.786413
446.9 0.788516
447 0.792372
447.1 0.802942
447.2 0.810348
447.3 0.811108
447.4 0.819988
447.5 0.813428
447.6 0.810886
447.7 0.805794
447.8 0.800461
447.9 0.789712
448 0.785894
448.1 0.786668
448.2 0.787403
448.3 0.791995
448.4 0.791167
448.5 0.79791
448.6 0.796076
448.7 0.789142
448.8 0.789337
448.9 0.784854
449 0.787252
449.1 0.785237
449.2 0.790924
449.3 0.792012
449.4 0.79205
449.5 0.793587
449.6 0.792177
449.7 0.793224
449.8 0.79074
449.9 0.78824
450 0.783903
450.1 0.778893
450.2 0.776195
450.3 0.77824
450.4 0.771456
450.5 0.77042
450.6 0.770179
450.7 0.771887
450.8 0.783432
450.9 0.787129
451 0.782201
451.1 0.776766
451.2 0.774762
451.3 0.764175
451.4 0.765865
451.5 0.775361
451.6 0.77289
451.7 0.765834
451.8 0.765431
451.9 0.750553
452 0.745878
452.1 0.748973
452.2 0.741496
452.3 0.742989
452.4 0.752595
452.5 0.752665
452.6 0.749837
452.7 0.755776
452.8 0.759141
452.9 0.757651
453 0.7624
453.1 0.769149
453.2 0.778678
453.3 0.776472
453.4 0.776011
453.5 0.780113
453.6 0.782289
453.7 0.78794
453.8 0.777229
453.9 0.786283
454 0.781758
454.1 0.78142
454.2 0.778958
454.3 0.777683
454.4 0.783407
454.5 0.777305
454.6 0.778168
454.7 0.769774
454.8 0.767778
454.9 0.753942
455 0.740947
455.1 0.73561
455.2 0.728423
455.3 0.731182
455.4 0.729424
455.5 0.738594
455.6 0.744415
455.7 0.743115
455.8 0.736119
455.9 0.732837
456 0.732789
456.1 0.739341
456.2 0.737524
456.3 0.730551
456.4 0.723477
456.5 0.712894
456.6 0.721711
456.7 0.714289
456.8 0.713365
456.9 0.716039
457 0.714923
457.1 0.717097
457.2 0.720742
457.3 0.717678
457.4 0.709907
457.5 0.721941
457.6 0.720094
457.7 0.726631
457.8 0.726311
457.9 0.72355
458 0.716911
458.1 0.730164
458.2 0.736143
458.3 0.751267
458.4 0.750614
458.5 0.754724
458.6 0.757875
458.7 0.755374
458.8 0.755952
458.9 0.758354
459 0.761296
459.1 0.755512
459.2 0.754492
459.3 0.745626
459.4 0.751907
459.5 0.758591
459.6 0.75935
459.7 0.76626
459.8 0.761235
459.9 0.76194
460 0.756633
460.1 0.762591
460.2 0.769337
460.3 0.7873
460.4 0.798989
460.5 0.802896
460.6 0.803663
460.7 0.807117
460.8 0.808008
460.9 0.810396
461 0.807975
461.1 0.811118
461.2 0.810623
461.3 0.811899
461.4 0.809197
461.5 0.808182
461.6 0.79392
461.7 0.795429
461.8 0.785333
461.9 0.793299
462 0.798784
462.1 0.807288
462.2 0.796064
462.3 0.79478
462.4 0.799943
462.5 0.796023
462.6 0.803628
462.7 0.797385
462.8 0.798918
462.9 0.805
463 0.808833
463.1 0.807924
463.2 0.806239
463.3 0.797143
463.4 0.799174
463.5 0.798507
463.6 0.798119
463.7 0.798093
463.8 0.78696
463.9 0.792167
464 0.798598
464.1 0.804283
464.2 0.803039
464.3 0.807631
464.4 0.807145
464.5 0.809451
464.6 0.814556
464.7 0.809865
464.8 0.815192
464.9 0.812813
465 0.809441
465.1 0.817886
465.2 0.813976
465.3 0.809418
465.4 0.815641
465.5 0.819997
465.6 0.825926
465.7 0.824843
465.8 0.819307
465.9 0.815226
466 0.819151
466.1 0.820473
466.2 0.819675
466.3 0.815558
466.4 0.814352
466.5 0.827953
466.6 0.828546
466.7 0.826162
466.8 0.833418
466.9 0.845021
467 0.843421
467.1 0.844887
467.2 0.842016
467.3 0.836943
467.4 0.827784
467.5 0.832124
467.6 0.836006
467.7 0.838076
467.8 0.833978
467.9 0.832325
468 0.837276
468.1 0.829055
468.2 0.825584
468.3 0.822558
468.4 0.817764
468.5 0.81764
468.6 0.818913
468.7 0.826004
468.8 0.823548
468.9 0.823137
469 0.818678
469.1 0.822321
469.2 0.821996
469.3 0.824796
469.4 0.819358
469.5 0.814718
469.6 0.815299
469.7 0.819712
469.8 0.817703
469.9 0.821357
470 0.810873
470.1 0.812117
470.2 0.820062
470.3 0.820123
470.4 0.828997
470.5 0.825181
470.6 0.832099
470.7 0.836274
470.8 0.840481
470.9 0.839295
471 0.841619
471.1 0.842472
471.2 0.843585
471.3 0.847051
471.4 0.847062
471.5 0.838469
471.6 0.833152
471.7 0.837689
471.8 0.836227
471.9 0.829348
472 0.833747
472.1 0.840127
472.2 0.846922
472.3 0.843862
472.4 0.842663
472.5 0.844006
472.6 0.83871
472.7 0.835421
472.8 0.848024
472.9 0.834437
473 0.836124
473.1 0.836924
473.2 0.838815
473.3 0.835912
473.4 0.835565
473.5 0.830178
473.6 0.830793
473.7 0.825951
473.8 0.831195
473.9 0.840885
474 0.832674
474.1 0.833003
474.2 0.827628
474.3 0.832317
474.4 0.821637
474.5 0.818643
474.6 0.81961
474.7 0.813877
474.8 0.806718
474.9 0.813183
475 0.807992
475.1 0.811586
475.2 0.814771
475.3 0.8158
475.4 0.814885
475.5 0.813152
475.6 0.801321
475.7 0.790059
475.8 0.783239
475.9 0.78428
476 0.775745
476.1 0.782853
476.2 0.779475
476.3 0.774617
476.4 0.772146
476.5 0.768331
476.6 0.765888
476.7 0.766994
476.8 0.762694
476.9 0.767624
477 0.769294
477.1 0.770773
477.2 0.769135
477.3 0.76802
477.4 0.764939
477.5 0.75616
477.6 0.75949
477.7 0.768274
477.8 0.764629
477.9 0.764883
478 0.776198
478.1 0.780586
478.2 0.767292
478.3 0.763031
478.4 0.76656
478.5 0.770388
478.6 0.767662
478.7 0.770559
478.8 0.760894
478.9 0.754953
479 0.758826
479.1 0.771984
479.2 0.778692
479.3 0.771414
479.4 0.771802
479.5 0.758744
479.6 0.760333
479.7 0.764221
479.8 0.764154
479.9 0.770973
480 0.769922
480.1 0.763813
480.2 0.760673
480.3 0.760986
480.4 0.760919
480.5 0.760242
480.6 0.760563
480.7 0.772568
480.8 0.772746
480.9 0.773323
481 0.773268
481.1 0.778067
481.2 0.777585
481.3 0.768162
481.4 0.752284
481.5 0.757396
481.6 0.756661
481.7 0.757895
481.8 0.775752
481.9 0.772397
482 0.770083
482.1 0.768911
482.2 0.774187
482.3 0.76709
482.4 0.766137
482.5 0.759666
482.6 0.759968
482.7 0.762949
482.8 0.762638
482.9 0.754173
483 0.761703
483.1 0.763846
483.2 0.762104
483.3 0.764957
483.4 0.764373
483.5 0.752821
483.6 0.752102
483.7 0.756188
483.8 0.755223
483.9 0.75383
484 0.74475
484.1 0.745737
484.2 0.74766
484.3 0.747879
484.4 0.740107
484.5 0.733159
484.6 0.732308
484.7 0.745923
484.8 0.743096
484.9 0.73759
485 0.735366
485.1 0.737714
485.2 0.733178
485.3 0.738251
485.4 0.738242
485.5 0.738196
485.6 0.737203
485.7 0.73824
485.8 0.728093
485.9 0.724211
486 0.718319
486.1 0.714279
486.2 0.717823
486.3 0.720967
486.4 0.717673
486.5 0.719126
486.6 0.728582
486.7 0.723859
486.8 0.721802
486.9 0.722593
487 0.718181
487.1 0.7201
487.2 0.723243
487.3 0.714385
487.4 0.709046
487.5 0.698839
487.6 0.695199
487.7 0.691618
487.8 0.699786
487.9 0.707916
488 0.70628
488.1 0.716464
488.2 0.721429
488.3 0.717224
488.4 0.724545
488.5 0.729368
488.6 0.72052
488.7 0.7199
488.8 0.714622
488.9 0.706947
489 0.707293
489.1 0.710282
489.2 0.717095
489.3 0.715417
489.4 0.716323
489.5 0.713535
489.6 0.713548
489.7 0.706035
489.8 0.706662
489.9 0.699542
490 0.685639
490.1 0.687841
490.2 0.68011
490.3 0.671212
490.4 0.681255
490.5 0.680062
490.6 0.679475
490.7 0.689317
490.8 0.681964
490.9 0.686702
491 0.689811
491.1 0.687281
491.2 0.690823
491.3 0.701241
491.4 0.702864
491.5 0.715062
491.6 0.726366
491.7 0.720903
491.8 0.719091
491.9 0.718676
492 0.731424
492.1 0.72971
492.2 0.71861
492.3 0.715912
492.4 0.713344
492.5 0.710889
492.6 0.713511
492.7 0.718537
492.8 0.7172
492.9 0.723402
493 0.734842
493.1 0.729298
493.2 0.720605
493.3 0.706556
493.4 0.710549
493.5 0.707896
493.6 0.708297
493.7 0.712022
493.8 0.714754
493.9 0.715595
494 0.726878
494.1 0.73994
494.2 0.740173
494.3 0.742772
494.4 0.746498
494.5 0.73989
494.6 0.738702
494.7 0.741268
494.8 0.738975
494.9 0.734853
495 0.732941
495.1 0.732181
495.2 0.732561
495.3 0.718248
495.4 0.732938
495.5 0.741982
495.6 0.735756
495.7 0.742775
495.8 0.73343
495.9 0.745828
496 0.738978
496.1 0.737338
496.2 0.74369
496.3 0.74533
496.4 0.737175
496.5 0.741617
496.6 0.755456
496.7 0.748332
496.8 0.761292
496.9 0.770763
497 0.78398
497.1 0.784013
497.2 0.787229
497.3 0.779596
497.4 0.779083
497.5 0.778735
497.6 0.77737
497.7 0.769128
497.8 0.754685
497.9 0.752323
498 0.749661
498.1 0.755154
498.2 0.749264
498.3 0.746783
498.4 0.744676
498.5 0.745815
498.6 0.743852
498.7 0.749616
498.8 0.737102
498.9 0.738515
499 0.74256
499.1 0.74985
499.2 0.739371
499.3 0.736506
499.4 0.735942
499.5 0.733064
499.6 0.728747
499.7 0.736874
499.8 0.74013
499.9 0.727873
