0 0.0413727
0.1 0.0387067
0.2 0.0412215
0.3 0.0399895
0.4 0.0294757
0.5 0.0256113
0.6 0.0347216
0.7 0.034302
0.8 0.0220569
0.9 0.0244193
1 0.0223219
1.1 0.023939
1.2 0.03418
1.3 0.0320205
1.4 0.0399257
1.5 0.0440514
1.6 0.0518635
1.7 0.0490204
1.8 0.0570295
1.9 0.0601124
2 0.0560544
2.1 0.0692591
2.2 0.0665981
2.3 0.0672961
2.4 0.0659907
2.5 0.0761814
2.6 0.0783466
2.7 0.0874789
2.8 0.0846224
2.9 0.0901878
3 0.0828712
3.1 0.0729235
3.2 0.070895
3.3 0.0719835
3.4 0.068862
3.5 0.0844332
3.6 0.0744487
3.7 0.0809891
3.8 0.0771598
3.9 0.0663319
4 0.0616898
4.1 0.0599941
4.2 0.05497
4.3 0.0467543
4.4 0.0343282
4.5 0.0380819
4.6 0.0323387
4.7 0.0348363
4.8 0.0365652
4.9 0.0449125
5 0.0462812
5.1 0.0518534
5.2 0.0545158
5.3 0.0603128
5.4 0.0609624
5.5 0.0615673
5.6 0.0551653
5.7 0.060144
5.8 0.055209
5.9 0.053457
6 0.0527025
6.1 0.0571335
6.2 0.0664538
6.3 0.0634946
6.4 0.0667832
6.5 0.0595889
6.6 0.0592848
6.7 0.0635617
6.8 0.074643
6.9 0.0829472
7 0.0814774
7.1 0.0753119
7.2 0.0899683
7.3 0.0879957
7.4 0.0832445
7.5 0.0922242
7.6 0.0900759
7.7 0.0854475
7.8 0.0824755
7.9 0.0827404
8 0.0796864
8.1 0.0863682
8.2 0.0729236
8.3 0.0736935
8.4 0.0788581
8.5 0.0751229
8.6 0.0782476
8.7 0.0788928
8.8 0.0767416
8.9 0.0843939
9 0.0878146
9.1 0.0879489
9.2 0.0787809
9.3 0.0710372
9.4 0.0748216
9.5 0.078342
9.6 0.0754142
9.7 0.0743033
9.8 0.077039
9.9 0.0733915
10 0.0722933
10.1 0.0715302
10.2 0.0689286
10.3 0.0725755
10.4 0.0740832
10.5 0.0784678
10.6 0.0783408
10.7 0.0810853
10.8 0.0951734
10.9 0.0996235
11 0.115201
11.1 0.10384
11.2 0.114927
11.3 0.109543
11.4 0.10403
11.5 0.104068
11.6 0.105236
11.7 0.0967537
11.8 0.0845577
11.9 0.0883642
12 0.0848292
12.1 0.0950071
12.2 0.0927288
12.3 0.0842817
12.4 0.0923995
12.5 0.079387
12.6 0.0793443
12.7 0.0788977
12.8 0.0816829
12.9 0.0859016
13 0.0924168
13.1 0.0972977
13.2 0.0932361
13.3 0.0969486
13.4 0.0867012
13.5 0.0790202
13.6 0.0794923
13.7 0.0882393
13.8 0.0883556
13.9 0.0881577
14 0.0972416
14.1 0.100641
14.2 0.0911182
14.3 0.0899883
14.4 0.0877438
14.5 0.0805335
14.6 0.0895874
14.7 0.100204
14.8 0.10697
14.9 0.108137
15 0.103155
15.1 0.10768
15.2 0.114611
15.3 0.127946
15.4 0.135912
15.5 0.130294
15.6 0.139611
15.7 0.144827
15.8 0.146195
15.9 0.139987
16 0.141183
16.1 0.142639
16.2 0.148673
16.3 0.146436
16.4 0.129873
16.5 0.135656
16.6 0.139641
16.7 0.143543
16.8 0.15094
16.9 0.140029
17 0.130931
17.1 0.135319
17.2 0.139715
17.3 0.135684
17.4 0.142666
17.5 0.145574
17.6 0.14919
17.7 0.149836
17.8 0.147257
17.9 0.159385
18 0.157893
18.1 0.156343
18.2 0.15199
18.3 0.145254
18.4 0.14509
18.5 0.153561
18.6 0.155326
18.7 0.16488
18.8 0.159688
18.9 0.164197
19 0.164796
19.1 0.161683
19.2 0.168267
19.3 0.160393
19.4 0.158584
19.5 0.164447
19.6 0.169696
19.7 0.176522
19.8 0.17667
19.9 0.175717
20 0.176167
20.1 0.176181
20.2 0.176328
20.3 0.178533
20.4 0.176247
20.5 0.173828
20.6 0.172988
20.7 0.177416
20.8 0.174128
20.9 0.176319
21 0.177744
21.1 0.173933
21.2 0.174596
21.3 0.179388
21.4 0.188027
21.5 0.193872
21.6 0.19894
21.7 0.198936
21.8 0.194744
21.9 0.201174
22 0.199918
22.1 0.201965
22.2 0.206294
22.3 0.208679
22.4 0.20322
22.5 0.205251
22.6 0.203026
22.7 0.217281
22.8 0.209496
22.9 0.202527
23 0.205562
23.1 0.202279
23.2 0.197541
23.3 0.192743
23.4 0.196783
23.5 0.209578
23.6 0.212228
23.7 0.212672
23.8 0.207151
23.9 0.217442
24 0.22191
24.1 0.225012
24.2 0.232663
24.3 0.224364
24.4 0.222096
24.5 0.225924
24.6 0.230268
24.7 0.228752
24.8 0.231541
24.9 0.244505
25 0.24921
25.1 0.250653
25.2 0.24607
25.3 0.252655
25.4 0.259656
25.5 0.263987
25.6 0.269045
25.7 0.269506
25.8 0.268838
25.9 0.277418
26 0.283543
26.1 0.291193
26.2 0.289567
26.3 0.292401
26.4 0.293554
26.5 0.297737
26.6 0.299646
26.7 0.297734
26.8 0.291448
26.9 0.282681
27 0.273602
27.1 0.277791
27.2 0.278393
27.3 0.273791
27.4 0.277193
27.5 0.286049
27.6 0.277255
27.7 0.277023
27.8 0.274703
27.9 0.278476
28 0.286557
28.1 0.284093
28.2 0.289056
28.3 0.287168
28.4 0.281507
28.5 0.28173
28.6 0.277579
28.7 0.28433
28.8 0.284433
28.9 0.289403
29 0.285115
29.1 0.285711
29.2 0.286592
29.3 0.295568
29.4 0.297472
29.5 0.29722
29.6 0.303418
29.7 0.310455
29.8 0.307955
29.9 0.309993
30 0.306683
30.1 0.304507
30.2 0.310233
30.3 0.314412
30.4 0.309159
30.5 0.304024
30.6 0.309242
30.7 0.313534
30.8 0.309592
30.9 0.308123
31 0.311896
31.1 0.310359
31.2 0.317247
31.3 0.327966
31.4 0.329316
31.5 0.327548
31.6 0.330442
31.7 0.333309
31.8 0.341288
31.9 0.350504
32 0.34333
32.1 0.343117
32.2 0.35293
32.3 0.349899
32.4 0.357593
32.5 0.356875
32.6 0.348648
32.7 0.361149
32.8 0.364367
32.9 0.364138
33 0.354427
33.1 0.352752
33.2 0.360599
33.3 0.363496
33.4 0.362928
33.5 0.358412
33.6 0.359192
33.7 0.36528
33.8 0.365498
33.9 0.359735
34 0.35367
34.1 0.355547
34.2 0.360127
34.3 0.359452
34.4 0.365227
34.5 0.369499
34.6 0.374151
34.7 0.379263
34.8 0.389097
34.9 0.381357
35 0.383667
35.1 0.382692
35.2 0.380752
35.3 0.382107
35.4 0.377858
35.5 0.382526
35.6 0.376846
35.7 0.373163
35.8 0.382086
35.9 0.392226
36 0.386958
36.1 0.391811
36.2 0.397261
36.3 0.404542
36.4 0.395939
36.5 0.396973
36.6 0.398075
36.7 0.399959
36.8 0.410441
36.9 0.409801
37 0.420705
37.1 0.413151
37.2 0.406787
37.3 0.411226
37.4 0.413181
37.5 0.413837
37.6 0.40646
37.7 0.403985
37.8 0.395667
37.9 0.397134
38 0.392107
38.1 0.395204
38.2 0.390606
38.3 0.383707
38.4 0.383765
38.5 0.39311
38.6 0.388328
38.7 0.386416
38.8 0.381259
38.9 0.387093
39 0.382536
39.1 0.378465
39.2 0.37463
39.3 0.382897
39.4 0.367762
39.5 0.364342
39.6 0.363105
39.7 0.352396
39.8 0.364523
39.9 0.362862
40 0.357728
40.1 0.361163
40.2 0.364761
40.3 0.368374
40.4 0.375395
40.5 0.381256
40.6 0.376853
40.7 0.373313
40.8 0.371734
40.9 0.365519
41 0.371233
41.1 0.372829
41.2 0.378304
41.3 0.378989
41.4 0.3708
41.5 0.37392
41.6 0.370524
41.7 0.37601
41.8 0.366944
41.9 0.377993
42 0.38042
42.1 0.374887
42.2 0.372707
42.3 0.373942
42.4 0.374287
42.5 0.364287
42.6 0.360989
42.7 0.348493
42.8 0.355765
42.9 0.355678
43 0.347258
43.1 0.356923
43.2 0.376679
43.3 0.382006
43.4 0.393523
43.5 0.411261
43.6 0.412867
43.7 0.415362
43.8 0.42324
43.9 0.417796
44 0.409669
44.1 0.417981
44.2 0.415549
44.3 0.414321
44.4 0.420471
44.5 0.420912
44.6 0.418163
44.7 0.410431
44.8 0.403386
44.9 0.404116
45 0.408208
45.1 0.41359
45.2 0.409067
45.3 0.410833
45.4 0.414489
45.5 0.422385
45.6 0.435407
45.7 0.450242
45.8 0.449461
45.9 0.455148
46 0.455972
46.1 0.454414
46.2 0.464376
46.3 0.47199
46.4 0.479155
46.5 0.475788
46.6 0.472733
46.7 0.471324
46.8 0.471678
46.9 0.470316
47 0.479123
47.1 0.468376
47.2 0.46526
47.3 0.459437
47.4 0.465911
47.5 0.45684
47.6 0.458859
47.7 0.454652
47.8 0.453731
47.9 0.45513
48 0.452091
48.1 0.458167
48.2 0.46083
48.3 0.464474
48.4 0.475194
48.5 0.480298
48.6 0.48006
48.7 0.486427
48.8 0.48998
48.9 0.484551
49 0.483346
49.1 0.481472
49.2 0.479516
49.3 0.481385
49.4 0.484503
49.5 0.488901
49.6 0.488275
49.7 0.492246
49.8 0.490341
49.9 0.491687
50 0.498142
50.1 0.502921
50.2 0.50128
50.3 0.498969
50.4 0.499749
50.5 0.508099
50.6 0.511011
50.7 0.508126
50.8 0.504601
50.9 0.514868
51 0.524165
51.1 0.524015
51.2 0.533085
51.3 0.533475
51.4 0.535203
51.5 0.543021
51.6 0.550937
51.7 0.559518
51.8 0.561194
51.9 0.565576
52 0.566105
52.1 0.57124
52.2 0.566219
52.3 0.572973
52.4 0.5749
52.5 0.576581
52.6 0.578209
52.7 0.578123
52.8 0.579064
52.9 0.58031
53 0.568692
53.1 0.581716
53.2 0.585733
53.3 0.586805
53.4 0.591485
53.5 0.593231
53.6 0.600261
53.7 0.605618
53.8 0.606794
53.9 0.608788
54 0.609524
54.1 0.6135
54.2 0.614155
54.3 0.6089
54.4 0.603268
54.5 0.603206
54.6 0.601102
54.7 0.602767
54.8 0.611216
54.9 0.603445
55 0.599605
55.1 0.594408
55.2 0.593544
55.3 0.601675
55.4 0.59352
55.5 0.5914
55.6 0.597712
55.7 0.601703
55.8 0.602057
55.9 0.611729
56 0.607177
56.1 0.611588
56.2 0.611376
56.3 0.621713
56.4 0.617962
56.5 0.626776
56.6 0.635681
56.7 0.642348
56.8 0.651546
56.9 0.643144
57 0.650363
57.1 0.653378
57.2 0.66795
57.3 0.667153
57.4 0.672411
57.5 0.678927
57.6 0.680137
57.7 0.686748
57.8 0.698235
57.9 0.702921
58 0.696611
58.1 0.709231
58.2 0.697421
58.3 0.69691
58.4 0.690957
58.5 0.686734
58.6 0.686448
58.7 0.684877
58.8 0.686588
58.9 0.687595
59 0.689092
59.1 0.680794
59.2 0.681061
59.3 0.685217
59.4 0.676874
59.5 0.683491
59.6 0.690447
59.7 0.695857
59.8 0.692168
59.9 0.702748
60 0.706164
60.1 0.707287
60.2 0.711223
60.3 0.707626
60.4 0.707001
60.5 0.705947
60.6 0.710591
60.7 0.710016
60.8 0.706736
60.9 0.705179
61 0.699572
61.1 0.705896
61.2 0.697546
61.3 0.694036
61.4 0.698548
61.5 0.701167
61.6 0.705919
61.7 0.709616
61.8 0.714127
61.9 0.711344
62 0.713305
62.1 0.714997
62.2 0.714832
62.3 0.709627
62.4 0.707845
62.5 0.705518
62.6 0.706136
62.7 0.705592
62.8 0.699927
62.9 0.705365
63 0.703619
63.1 0.707121
63.2 0.704421
63.3 0.71128
63.4 0.717232
63.5 0.71533
63.6 0.725959
63.7 0.726355
63.8 0.726069
63.9 0.719074
64 0.720536
64.1 0.712945
64.2 0.716508
64.3 0.713046
64.4 0.70612
64.5 0.706061
64.6 0.69802
64.7 0.706025
64.8 0.706752
64.9 0.696115
65 0.699519
65.1 0.699624
65.2 0.710746
65.3 0.700483
65.4 0.700817
65.5 0.701415
65.6 0.694389
65.7 0.684526
65.8 0.671914
65.9 0.678175
66 0.679675
66.1 0.682776
66.2 0.695284
66.3 0.702199
66.4 0.695335
66.5 0.692893
66.6 0.697423
66.7 0.706624
66.8 0.71244
66.9 0.709819
67 0.705979
67.1 0.700209
67.2 0.706416
67.3 0.703605
67.4 0.712122
67.5 0.716417
67.6 0.713724
67.7 0.712128
67.8 0.713166
67.9 0.717379
68 0.717612
68.1 0.723215
68.2 0.721924
68.3 0.732732
68.4 0.738008
68.5 0.741883
68.6 0.737876
68.7 0.732151
68.8 0.734085
68.9 0.737407
69 0.740462
69.1 0.738778
69.2 0.737915
69.3 0.742281
69.4 0.744167
69.5 0.73908
69.6 0.730993
69.7 0.73005
69.8 0.734384
69.9 0.73191
70 0.734109
70.1 0.728381
70.2 0.725004
70.3 0.720129
70.4 0.7162
70.5 0.722869
70.6 0.725705
70.7 0.722579
70.8 0.724116
70.9 0.723676
71 0.721212
71.1 0.726194
71.2 0.720971
71.3 0.717426
71.4 0.725507
71.5 0.729732
71.6 0.720553
71.7 0.724038
71.8 0.719638
71.9 0.707842
72 0.716561
72.1 0.713282
72.2 0.705699
72.3 0.70898
72.4 0.711955
72.5 0.710583
72.6 0.705655
72.7 0.708801
72.8 0.715793
72.9 0.724682
73 0.73752
73.1 0.747276
73.2 0.746467
73.3 0.754922
73.4 0.753963
73.5 0.755438
73.6 0.751255
73.7 0.748248
73.8 0.739209
73.9 0.729946
74 0.731317
74.1 0.730432
74.2 0.727284
74.3 0.720882
74.4 0.724023
74.5 0.721887
74.6 0.724522
74.7 0.724269
74.8 0.722834
74.9 0.716322
75 0.715758
75.1 0.719662
75.2 0.716923
75.3 0.712636
75.4 0.711258
75.5 0.71806
75.6 0.724969
75.7 0.728959
75.8 0.726433
75.9 0.735521
76 0.737337
76.1 0.730311
76.2 0.735634
76.3 0.733821
76.4 0.729901
76.5 0.730601
76.6 0.734538
76.7 0.731766
76.8 0.726774
76.9 0.724609
77 0.717563
77.1 0.720462
77.2 0.718003
77.3 0.711133
77.4 0.712695
77.5 0.717499
77.6 0.717486
77.7 0.719151
77.8 0.720481
77.9 0.7187
78 0.7133
78.1 0.718105
78.2 0.721119
78.3 0.73291
78.4 0.738089
78.5 0.738417
78.6 0.741216
78.7 0.733917
78.8 0.73635
78.9 0.748881
79 0.74904
79.1 0.751652
79.2 0.757413
79.3 0.754636
79.4 0.752702
79.5 0.74438
79.6 0.752317
79.7 0.754295
79.8 0.752639
79.9 0.745957
80 0.746608
80.1 0.745373
80.2 0.741333
80.3 0.744472
80.4 0.73971
80.5 0.742828
80.6 0.738696
80.7 0.744414
80.8 0.750593
80.9 0.759223
81 0.754974
81.1 0.75897
81.2 0.7562
81.3 0.757125
81.4 0.750789
81.5 0.761279
81.6 0.759754
81.7 0.761304
81.8 0.766258
81.9 0.76485
82 0.764648
82.1 0.76221
82.2 0.750709
82.3 0.75576
82.4 0.760119
82.5 0.761457
82.6 0.767307
82.7 0.764418
82.8 0.768124
82.9 0.771088
83 0.770546
83.1 0.769774
83.2 0.772942
83.3 0.768908
83.4 0.768969
83.5 0.76841
83.6 0.764291
83.7 0.768061
83.8 0.765877
83.9 0.770254
84 0.768906
84.1 0.759007
84.2 0.759914
84.3 0.747562
84.4 0.759375
84.5 0.761638
84.6 0.76277
84.7 0.755114
84.8 0.764712
84.9 0.766467
85 0.763264
85.1 0.764666
85.2 0.763613
85.3 0.759262
85.4 0.76329
85.5 0.759521
85.6 0.760055
85.7 0.752029
85.8 0.757215
85.9 0.751771
86 0.748433
86.1 0.746669
86.2 0.746672
86.3 0.75237
86.4 0.74852
86.5 0.751029
86.6 0.750079
86.7 0.750188
86.8 0.754816
86.9 0.75408
87 0.754597
87.1 0.749409
87.2 0.760569
87.3 0.761179
87.4 0.764782
87.5 0.758986
87.6 0.749252
87.7 0.746118
87.8 0.748483
87.9 0.746663
88 0.755834
88.1 0.751006
88.2 0.744503
88.3 0.74705
88.4 0.74808
88.5 0.745599
88.6 0.741797
88.7 0.736984
88.8 0.734417
88.9 0.735615
89 0.746581
89.1 0.748372
89.2 0.742238
89.3 0.745444
89.4 0.746543
89.5 0.757778
89.6 0.75604
89.7 0.752017
89.8 0.751981
89.9 0.753867
90 0.753635
90.1 0.753475
90.2 0.759292
90.3 0.761879
90.4 0.767799
90.5 0.756765
90.6 0.74329
90.7 0.75457
90.8 0.74536
90.9 0.751652
91 0.755871
91.1 0.75117
91.2 0.75863
91.3 0.754266
91.4 0.756036
91.5 0.761085
91.6 0.759165
91.7 0.762739
91.8 0.763125
91.9 0.76005
92 0.760422
92.1 0.759324
92.2 0.757412
92.3 0.758423
92.4 0.756042
92.5 0.754167
92.6 0.74739
92.7 0.752921
92.8 0.748612
92.9 0.740942
93 0.738237
93.1 0.735304
93.2 0.744628
93.3 0.751253
93.4 0.749356
93.5 0.751246
93.6 0.746904
93.7 0.745053
93.8 0.738039
93.9 0.730212
94 0.724388
94.1 0.725889
94.2 0.723733
94.3 0.713354
94.4 0.723013
94.5 0.720065
94.6 0.720912
94.7 0.713417
94.8 0.713535
94.9 0.703282
95 0.701581
95.1 0.693335
95.2 0.700576
95.3 0.703045
95.4 0.702634
95.5 0.69655
95.6 0.692233
95.7 0.692433
95.8 0.70094
95.9 0.711386
96 0.708381
96.1 0.705147
96.2 0.706167
96.3 0.710987
96.4 0.713795
96.5 0.713861
96.6 0.722319
96.7 0.715366
96.8 0.708117
96.9 0.712795
97 0.715591
97.1 0.708313
97.2 0.706454
97.3 0.70285
97.4 0.70534
97.5 0.71128
97.6 0.71494
97.7 0.717434
97.8 0.726018
97.9 0.732334
98 0.727949
98.1 0.728017
98.2 0.722905
98.3 0.718192
98.4 0.715061
98.5 0.714698
98.6 0.719454
98.7 0.717235
98.8 0.723897
98.9 0.724887
99 0.724815
99.1 0.729905
99.2 0.728866
99.3 0.73239
99.4 0.732849
99.5 0.730746
99.6 0.738311
99.7 0.736418
99.8 0.734365
99.9 0.729278
100 0.734518
100.1 0.729252
100.2 0.732079
100.3 0.731383
100.4 0.72964
100.5 0.73429
100.6 0.737338
100.7 0.733268
100.8 0.730179
100.9 0.74032
101 0.749734
101.1 0.748569
101.2 0.745326
101.3 0.746274
101.4 0.750152
101.5 0.743761
101.6 0.749771
101.7 0.755817
101.8 0.753775
101.9 0.752529
102 0.750047
102.1 0.741038
102.2 0.740907
102.3 0.741901
102.4 0.734235
102.5 0.73528
102.6 0.739186
102.7 0.739571
102.8 0.74222
102.9 0.738194
103 0.734439
103.1 0.736063
103.2 0.738774
103.3 0.735736
103.4 0.73808
103.5 0.7318
103.6 0.733976
103.7 0.723858
103.8 0.718841
103.9 0.726948
104 0.731911
104.1 0.732528
104.2 0.732879
104.3 0.731016
104.4 0.731152
104.5 0.736952
104.6 0.738793
104.7 0.732357
104.8 0.735291
104.9 0.737457
105 0.727974
105.1 0.733124
105.2 0.736596
105.3 0.742126
105.4 0.739486
105.5 0.741676
105.6 0.741639
105.7 0.739661
105.8 0.742523
105.9 0.742913
106 0.738518
106.1 0.740361
106.2 0.730872
106.3 0.721215
106.4 0.718373
106.5 0.716989
106.6 0.715471
106.7 0.708973
106.8 0.709924
106.9 0.708407
107 0.703795
107.1 0.707571
107.2 0.710125
107.3 0.702885
107.4 0.704578
107.5 0.694099
107.6 0.700526
107.7 0.699708
107.8 0.699097
107.9 0.703399
108 0.700761
108.1 0.699853
108.2 0.703379
108.3 0.696863
108.4 0.698956
108.5 0.706231
108.6 0.70491
108.7 0.704299
108.8 0.705652
108.9 0.704529
109 0.70377
109.1 0.698725
109.2 0.691655
109.3 0.693883
109.4 0.696485
109.5 0.702172
109.6 0.698223
109.7 0.6909
109.8 0.697508
109.9 0.699464
110 0.695027
110.1 0.700497
110.2 0.709283
110.3 0.707767
110.4 0.712159
110.5 0.710896
110.6 0.705446
110.7 0.712352
110.8 0.714586
110.9 0.718968
111 0.720781
111.1 0.724339
111.2 0.720849
111.3 0.730099
111.4 0.735459
111.5 0.735711
111.6 0.733293
111.7 0.731274
111.8 0.726117
111.9 0.730543
112 0.729268
112.1 0.727775
112.2 0.731129
112.3 0.726339
112.4 0.732273
112.5 0.723783
112.6 0.731879
112.7 0.729024
112.8 0.733963
112.9 0.742856
113 0.738259
113.1 0.733877
113.2 0.736437
113.3 0.736951
113.4 0.735705
113.5 0.737609
113.6 0.743951
113.7 0.754051
113.8 0.755238
113.9 0.75363
114 0.758367
114.1 0.759636
114.2 0.755088
114.3 0.753269
114.4 0.754209
114.5 0.747085
114.6 0.742262
114.7 0.743859
114.8 0.758766
114.9 0.763425
115 0.775213
115.1 0.779309
115.2 0.778255
115.3 0.773291
115.4 0.769413
115.5 0.77004
115.6 0.773381
115.7 0.771361
115.8 0.770886
115.9 0.769667
116 0.762233
116.1 0.757304
116.2 0.74859
116.3 0.745197
116.4 0.749987
116.5 0.752323
116.6 0.757594
116.7 0.75497
116.8 0.757263
116.9 0.751506
117 0.743894
117.1 0.742173
117.2 0.744786
117.3 0.74645
117.4 0.753277
117.5 0.753078
117.6 0.753425
117.7 0.748584
117.8 0.754133
117.9 0.747695
118 0.745152
118.1 0.749618
118.2 0.751294
118.3 0.753171
118.4 0.752688
118.5 0.755337
118.6 0.754103
118.7 0.747727
118.8 0.74609
118.9 0.756619
119 0.762758
119.1 0.764092
119.2 0.765349
119.3 0.76998
119.4 0.765391
119.5 0.758748
119.6 0.761524
119.7 0.769381
119.8 0.764322
119.9 0.764734
120 0.760516
120.1 0.759774
120.2 0.763179
120.3 0.764631
120.4 0.764157
120.5 0.76278
120.6 0.767389
120.7 0.766407
120.8 0.770562
120.9 0.773601
121 0.777599
121.1 0.775023
121.2 0.772244
121.3 0.770336
121.4 0.773643
121.5 0.771798
121.6 0.758234
121.7 0.756832
121.8 0.759009
121.9 0.765641
122 0.772606
122.1 0.774829
122.2 0.778038
122.3 0.777484
122.4 0.77378
122.5 0.76988
122.6 0.770275
122.7 0.772288
122.8 0.763535
122.9 0.766047
123 0.765992
123.1 0.760565
123.2 0.763301
123.3 0.764866
123.4 0.769924
123.5 0.769658
123.6 0.768811
123.7 0.770391
123.8 0.764195
123.9 0.758331
124 0.757908
124.1 0.757504
124.2 0.754966
124.3 0.755106
124.4 0.759071
124.5 0.759017
124.6 0.749134
124.7 0.742616
124.8 0.741767
124.9 0.743224
125 0.740115
125.1 0.748299
125.2 0.747637
125.3 0.747705
125.4 0.751802
125.5 0.748372
125.6 0.754417
125.7 0.753732
125.8 0.75956
125.9 0.754822
126 0.755185
126.1 0.757855
126.2 0.761446
126.3 0.76463
126.4 0.763734
126.5 0.779092
126.6 0.777849
126.7 0.77393
126.8 0.766137
126.9 0.768882
127 0.762393
127.1 0.765768
127.2 0.763086
127.3 0.771212
127.4 0.77497
127.5 0.772384
127.6 0.770145
127.7 0.752376
127.8 0.749698
127.9 0.749616
128 0.753512
128.1 0.753706
128.2 0.754403
128.3 0.757702
128.4 0.760492
128.5 0.760702
128.6 0.752022
128.7 0.742688
128.8 0.743003
128.9 0.734552
129 0.738537
129.1 0.738101
129.2 0.743695
129.3 0.747389
129.4 0.749551
129.5 0.750355
129.6 0.751947
129.7 0.755169
129.8 0.750097
129.9 0.749241
130 0.750088
130.1 0.750569
130.2 0.751832
130.3 0.752336
130.4 0.747997
130.5 0.746811
130.6 0.739131
130.7 0.755136
130.8 0.762135
130.9 0.761044
131 0.755727
131.1 0.747913
131.2 0.752033
131.3 0.750212
131.4 0.744126
131.5 0.745192
131.6 0.747859
131.7 0.750895
131.8 0.747653
131.9 0.749703
132 0.757017
132.1 0.75459
132.2 0.749225
132.3 0.753246
132.4 0.762821
132.5 0.757428
132.6 0.754977
132.7 0.749762
132.8 0.745214
132.9 0.738752
133 0.740712
133.1 0.740114
133.2 0.738763
133.3 0.747157
133.4 0.749988
133.5 0.747025
133.6 0.743694
133.7 0.752262
133.8 0.75525
133.9 0.758881
134 0.757948
134.1 0.754521
134.2 0.759567
134.3 0.762406
134.4 0.764341
134.5 0.763183
134.6 0.762536
134.7 0.764158
134.8 0.756987
134.9 0.757679
135 0.752158
135.1 0.746049
135.2 0.738369
135.3 0.736185
135.4 0.7355
135.5 0.737737
135.6 0.73419
135.7 0.729941
135.8 0.72639
135.9 0.715497
136 0.724703
136.1 0.729819
136.2 0.739691
136.3 0.746932
136.4 0.744592
136.5 0.741048
136.6 0.744055
136.7 0.742939
136.8 0.741691
136.9 0.74557
137 0.74677
137.1 0.751863
137.2 0.745885
137.3 0.750757
137.4 0.754412
137.5 0.755286
137.6 0.763235
137.7 0.759544
137.8 0.759845
137.9 0.757097
138 0.759813
138.1 0.758432
138.2 0.758321
138.3 0.75163
138.4 0.745234
138.5 0.740567
138.6 0.749644
138.7 0.753519
138.8 0.758176
138.9 0.752874
139 0.748521
139.1 0.751677
139.2 0.758505
139.3 0.754039
139.4 0.75722
139.5 0.757016
139.6 0.75392
139.7 0.742825
139.8 0.748267
139.9 0.759294
140 0.758077
140.1 0.757042
140.2 0.765024
140.3 0.7701
140.4 0.771783
140.5 0.7696
140.6 0.76429
140.7 0.768743
140.8 0.764315
140.9 0.753598
141 0.755538
141.1 0.753344
141.2 0.76214
141.3 0.753437
141.4 0.761733
141.5 0.764004
141.6 0.764279
141.7 0.759361
141.8 0.757343
141.9 0.760999
142 0.757001
142.1 0.757414
142.2 0.756604
142.3 0.764573
142.4 0.766317
142.5 0.75942
142.6 0.762191
142.7 0.758292
142.8 0.756647
142.9 0.76648
143 0.758908
143.1 0.763272
143.2 0.76537
143.3 0.75796
143.4 0.754417
143.5 0.75133
143.6 0.752546
143.7 0.761544
143.8 0.757111
143.9 0.761611
144 0.758891
144.1 0.76205
144.2 0.757561
144.3 0.761641
144.4 0.753171
144.5 0.747427
144.6 0.75078
144.7 0.755675
144.8 0.756472
144.9 0.760595
145 0.760808
145.1 0.754049
145.2 0.758079
145.3 0.756822
145.4 0.760645
145.5 0.762878
145.6 0.76126
145.7 0.766449
145.8 0.765906
145.9 0.770192
146 0.771105
146.1 0.765912
146.2 0.763288
146.3 0.767074
146.4 0.771252
146.5 0.766995
146.6 0.773413
146.7 0.775681
146.8 0.772836
146.9 0.778744
147 0.786334
147.1 0.795214
147.2 0.789387
147.3 0.79333
147.4 0.796734
147.5 0.796188
147.6 0.802885
147.7 0.804189
147.8 0.803185
147.9 0.785413
148 0.78195
148.1 0.783652
148.2 0.789497
148.3 0.791745
148.4 0.794697
148.5 0.79686
148.6 0.789504
148.7 0.788585
148.8 0.77967
148.9 0.775317
149 0.773146
149.1 0.76974
149.2 0.77043
149.3 0.773783
149.4 0.769198
149.5 0.771026
149.6 0.772508
149.7 0.76446
149.8 0.762069
149.9 0.758469
150 0.755349
150.1 0.752916
150.2 0.743981
150.3 0.742112
150.4 0.737282
150.5 0.740545
150.6 0.739559
150.7 0.744519
150.8 0.74633
150.9 0.750559
151 0.752492
151.1 0.739984
151.2 0.739775
151.3 0.744937
151.4 0.737182
151.5 0.740004
151.6 0.742784
151.7 0.734976
151.8 0.730498
151.9 0.738171
152 0.742181
152.1 0.737827
152.2 0.733053
152.3 0.735634
152.4 0.73749
152.5 0.739819
152.6 0.731427
152.7 0.728104
152.8 0.727088
152.9 0.735548
153 0.736688
153.1 0.73754
153.2 0.733034
153.3 0.736557
153.4 0.734787
153.5 0.735541
153.6 0.736596
153.7 0.733137
153.8 0.737147
153.9 0.735261
154 0.742578
154.1 0.738315
154.2 0.737599
154.3 0.739369
154.4 0.73585
154.5 0.725224
154.6 0.721929
154.7 0.717108
154.8 0.720199
154.9 0.715815
155 0.714337
155.1 0.716318
155.2 0.717879
155.3 0.717832
155.4 0.723973
155.5 0.731376
155.6 0.728051
155.7 0.71697
155.8 0.717743
155.9 0.715911
156 0.721145
156.1 0.722598
156.2 0.724478
156.3 0.733839
156.4 0.737176
156.5 0.732848
156.6 0.730576
156.7 0.733645
156.8 0.740206
156.9 0.74172
157 0.745495
157.1 0.748704
157.2 0.740217
157.3 0.738065
157.4 0.742215
157.5 0.746909
157.6 0.742689
157.7 0.738393
157.8 0.738197
157.9 0.732349
158 0.730682
158.1 0.729425
158.2 0.736532
158.3 0.735659
158.4 0.742688
158.5 0.729125
158.6 0.737977
158.7 0.736947
158.8 0.741905
158.9 0.741232
159 0.751833
159.1 0.755195
159.2 0.759764
159.3 0.760988
159.4 0.765161
159.5 0.765635
159.6 0.772844
159.7 0.769396
159.8 0.770314
159.9 0.763444
160 0.760069
160.1 0.759442
160.2 0.759898
160.3 0.758933
160.4 0.753582
160.5 0.750501
160.6 0.744808
160.7 0.750989
160.8 0.753805
160.9 0.758259
161 0.754913
161.1 0.753908
161.2 0.750859
161.3 0.752744
161.4 0.756105
161.5 0.756093
161.6 0.754869
161.7 0.753504
161.8 0.759659
161.9 0.754786
162 0.755866
162.1 0.75953
162.2 0.761609
162.3 0.771335
162.4 0.76616
162.5 0.770133
162.6 0.755961
162.7 0.755801
162.8 0.753034
162.9 0.764772
163 0.749028
163.1 0.74681
163.2 0.747386
163.3 0.746303
163.4 0.745014
163.5 0.747569
163.6 0.750533
163.7 0.752207
163.8 0.758281
163.9 0.757553
164 0.756466
164.1 0.764332
164.2 0.768048
164.3 0.765422
164.4 0.758147
164.5 0.756592
164.6 0.760306
164.7 0.765173
164.8 0.761453
164.9 0.748803
165 0.74785
165.1 0.744802
165.2 0.745837
165.3 0.746251
165.4 0.739578
165.5 0.739053
165.6 0.74108
165.7 0.745071
165.8 0.752338
165.9 0.753637
166 0.750802
166.1 0.745393
166.2 0.747204
166.3 0.755403
166.4 0.757261
166.5 0.754
166.6 0.746513
166.7 0.744674
166.8 0.744839
166.9 0.745113
167 0.755222
167.1 0.763077
167.2 0.759851
167.3 0.757968
167.4 0.751849
167.5 0.754622
167.6 0.761991
167.7 0.763558
167.8 0.763066
167.9 0.763496
168 0.763168
168.1 0.768866
168.2 0.76066
168.3 0.759964
168.4 0.756806
168.5 0.759029
168.6 0.750594
168.7 0.758945
168.8 0.753928
168.9 0.765629
169 0.766652
169.1 0.760983
169.2 0.75839
169.3 0.756484
169.4 0.766066
169.5 0.770733
169.6 0.77072
169.7 0.773976
169.8 0.771735
169.9 0.770573
170 0.762192
170.1 0.764867
170.2 0.757944
170.3 0.757599
170.4 0.757189
170.5 0.754535
170.6 0.745334
170.7 0.750057
170.8 0.746878
170.9 0.746404
171 0.733804
171.1 0.736368
171.2 0.742296
171.3 0.751407
171.4 0.756447
171.5 0.748876
171.6 0.755571
171.7 0.755402
171.8 0.757993
171.9 0.759252
172 0.754504
172.1 0.746724
172.2 0.754165
172.3 0.754135
172.4 0.757889
172.5 0.755714
172.6 0.74775
172.7 0.754065
172.8 0.74867
172.9 0.745546
173 0.742247
173.1 0.739095
173.2 0.73573
173.3 0.735631
173.4 0.736873
173.5 0.736054
173.6 0.73277
173.7 0.729213
173.8 0.736167
173.9 0.743361
174 0.74334
174.1 0.748531
174.2 0.755576
174.3 0.756182
174.4 0.76239
174.5 0.757463
174.6 0.758776
174.7 0.76291
174.8 0.764473
174.9 0.770643
175 0.771933
175.1 0.772541
175.2 0.768121
175.3 0.765084
175.4 0.757871
175.5 0.751182
175.6 0.752113
175.7 0.753572
175.8 0.749878
175.9 0.755088
176 0.753999
176.1 0.754416
176.2 0.747404
176.3 0.756937
176.4 0.752676
176.5 0.755431
176.6 0.757277
176.7 0.75473
176.8 0.75559
176.9 0.765244
177 0.759856
177.1 0.761627
177.2 0.760634
177.3 0.756802
177.4 0.756852
177.5 0.767096
177.6 0.771443
177.7 0.766035
177.8 0.770265
177.9 0.761137
178 0.759758
178.1 0.755455
178.2 0.742427
178.3 0.746358
178.4 0.740871
178.5 0.733838
178.6 0.734383
178.7 0.736535
178.8 0.73757
178.9 0.74569
179 0.744713
179.1 0.743922
179.2 0.746922
179.3 0.74073
179.4 0.735277
179.5 0.739955
179.6 0.741128
179.7 0.740108
179.8 0.734113
179.9 0.728298
180 0.722433
180.1 0.713121
180.2 0.715924
180.3 0.717983
180.4 0.714622
180.5 0.71854
180.6 0.714442
180.7 0.708536
180.8 0.708037
180.9 0.711362
181 0.726067
181.1 0.727516
181.2 0.723564
181.3 0.718277
181.4 0.720021
181.5 0.719506
181.6 0.72071
181.7 0.720698
181.8 0.727015
181.9 0.728282
182 0.729374
182.1 0.720125
182.2 0.723049
182.3 0.732959
182.4 0.733817
182.5 0.74027
182.6 0.744558
182.7 0.742085
182.8 0.740894
182.9 0.737862
183 0.740069
183.1 0.733892
183.2 0.733619
183.3 0.733121
183.4 0.734365
183.5 0.72602
183.6 0.729313
183.7 0.734333
183.8 0.736808
183.9 0.731405
184 0.728576
184.1 0.730541
184.2 0.733551
184.3 0.744459
184.4 0.734794
184.5 0.741731
184.6 0.741268
184.7 0.752323
184.8 0.754712
184.9 0.755469
185 0.754812
185.1 0.751767
185.2 0.753143
185.3 0.748248
185.4 0.742789
185.5 0.739878
185.6 0.742435
185.7 0.741035
185.8 0.740682
185.9 0.748649
186 0.747807
186.1 0.755037
186.2 0.750025
186.3 0.751746
186.4 0.762368
186.5 0.761
186.6 0.75926
186.7 0.749494
186.8 0.749503
186.9 0.747028
187 0.744503
187.1 0.745215
187.2 0.745059
187.3 0.752341
187.4 0.754083
187.5 0.753095
187.6 0.743344
187.7 0.740903
187.8 0.741735
187.9 0.738794
188 0.7434
188.1 0.750271
188.2 0.755849
188.3 0.759857
188.4 0.751308
188.5 0.750726
188.6 0.750205
188.7 0.754088
188.8 0.754038
188.9 0.75319
189 0.74802
189.1 0.755584
189.2 0.758791
189.3 0.756787
189.4 0.759595
189.5 0.757041
189.6 0.756235
189.7 0.752038
189.8 0.754464
189.9 0.757447
190 0.758175
190.1 0.762343
190.2 0.760082
190.3 0.760027
190.4 0.757434
190.5 0.751256
190.6 0.754368
190.7 0.754339
190.8 0.762455
190.9 0.760377
191 0.75735
191.1 0.759622
191.2 0.757377
191.3 0.765879
191.4 0.769402
191.5 0.768193
191.6 0.77245
191.7 0.781941
191.8 0.774585
191.9 0.776121
192 0.773256
192.1 0.775546
192.2 0.777012
192.3 0.781574
192.4 0.780761
192.5 0.781672
192.6 0.781123
192.7 0.775704
192.8 0.770579
192.9 0.771728
193 0.770221
193.1 0.773402
193.2 0.768116
193.3 0.761829
193.4 0.76604
193.5 0.761963
193.6 0.758287
193.7 0.762757
193.8 0.771874
193.9 0.77421
194 0.766842
194.1 0.767278
194.2 0.763754
194.3 0.764539
194.4 0.76448
194.5 0.758727
194.6 0.760831
194.7 0.755998
194.8 0.747015
194.9 0.762789
195 0.760926
195.1 0.764957
195.2 0.766301
195.3 0.768544
195.4 0.768942
195.5 0.766296
195.6 0.773088
195.7 0.76529
195.8 0.754702
195.9 0.752386
196 0.749734
196.1 0.747664
196.2 0.749813
196.3 0.751506
196.4 0.751709
196.5 0.745846
196.6 0.744366
196.7 0.7465
196.8 0.747622
196.9 0.747254
197 0.742379
197.1 0.742615
197.2 0.742373
197.3 0.736004
197.4 0.738339
197.5 0.73033
197.6 0.732803
197.7 0.749977
197.8 0.744785
197.9 0.744712
198 0.738827
198.1 0.737838
198.2 0.733631
198.3 0.733886
198.4 0.735845
198.5 0.741342
198.6 0.740724
198.7 0.732454
198.8 0.735044
198.9 0.730974
199 0.726216
199.1 0.733316
199.2 0.729015
199.3 0.726537
199.4 0.732242
199.5 0.733662
199.6 0.727109
199.7 0.731388
199.8 0.741037
199.9 0.744906
200 0.732137
200.1 0.730022
200.2 0.733261
200.3 0.731555
200.4 0.73065
200.5 0.728568
200.6 0.720928
200.7 0.726576
200.8 0.734312
200.9 0.729838
201 0.72907
201.1 0.72694
201.2 0.721489
201.3 0.722419
201.4 0.72689
201.5 0.724651
201.6 0.716121
201.7 0.714737
201.8 0.712517
201.9 0.714582
202 0.709842
202.1 0.712511
202.2 0.710346
202.3 0.712299
202.4 0.714374
202.5 0.710784
202.6 0.71853
202.7 0.72485
202.8 0.714631
202.9 0.716756
203 0.714942
203.1 0.713665
203.2 0.700718
203.3 0.701968
203.4 0.70612
203.5 0.713752
203.6 0.712867
203.7 0.71607
203.8 0.714029
203.9 0.713737
204 0.716776
204.1 0.71448
204.2 0.710233
204.3 0.706493
204.4 0.707775
204.5 0.70938
204.6 0.709137
204.7 0.716168
204.8 0.721618
204.9 0.722008
205 0.711223
205.1 0.704758
205.2 0.710995
205.3 0.705362
205.4 0.707246
205.5 0.706079
205.6 0.713416
205.7 0.711907
205.8 0.711842
205.9 0.712823
206 0.718472
206.1 0.71635
206.2 0.716756
206.3 0.711372
206.4 0.714509
206.5 0.708398
206.6 0.713157
206.7 0.704826
206.8 0.704699
206.9 0.702523
207 0.70211
207.1 0.702683
207.2 0.710002
207.3 0.714902
207.4 0.714634
207.5 0.708532
207.6 0.722106
207.7 0.72553
207.8 0.727609
207.9 0.731523
208 0.729538
208.1 0.731635
208.2 0.730294
208.3 0.734227
208.4 0.7345
208.5 0.739892
208.6 0.739595
208.7 0.742939
208.8 0.739621
208.9 0.738053
209 0.735296
209.1 0.738053
209.2 0.739942
209.3 0.735946
209.4 0.746927
209.5 0.744411
209.6 0.751686
209.7 0.762846
209.8 0.764611
209.9 0.769228
210 0.769243
210.1 0.760489
210.2 0.760643
210.3 0.760442
210.4 0.753446
210.5 0.748845
210.6 0.753676
210.7 0.756999
210.8 0.759644
210.9 0.765097
211 0.76424
211.1 0.756303
211.2 0.765604
211.3 0.763629
211.4 0.762593
211.5 0.760496
211.6 0.757056
211.7 0.756896
211.8 0.75598
211.9 0.763664
212 0.767488
212.1 0.76876
212.2 0.764529
212.3 0.762659
212.4 0.767415
212.5 0.778204
212.6 0.772449
212.7 0.78096
212.8 0.783742
212.9 0.782883
213 0.778836
213.1 0.776476
213.2 0.769152
213.3 0.765397
213.4 0.766458
213.5 0.76588
213.6 0.764824
213.7 0.764917
213.8 0.765106
213.9 0.760716
214 0.760487
214.1 0.755673
214.2 0.757956
214.3 0.75471
214.4 0.751921
214.5 0.761388
214.6 0.764393
214.7 0.758936
214.8 0.754931
214.9 0.757175
215 0.758424
215.1 0.754067
215.2 0.753511
215.3 0.758315
215.4 0.763011
215.5 0.759936
215.6 0.752074
215.7 0.755524
215.8 0.746855
215.9 0.744285
216 0.746193
216.1 0.750998
216.2 0.74826
216.3 0.743801
216.4 0.74087
216.5 0.726719
216.6 0.730687
216.7 0.725439
216.8 0.723816
216.9 0.726279
217 0.723436
217.1 0.717186
217.2 0.714936
217.3 0.71322
217.4 0.714389
217.5 0.717273
217.6 0.720113
217.7 0.719092
217.8 0.71491
217.9 0.712434
218 0.708507
218.1 0.708699
218.2 0.708938
218.3 0.70577
218.4 0.704082
218.5 0.703236
218.6 0.703587
218.7 0.695561
218.8 0.698999
218.9 0.696306
219 0.700234
219.1 0.700319
219.2 0.695384
219.3 0.699468
219.4 0.699984
219.5 0.694765
219.6 0.700882
219.7 0.69407
219.8 0.699505
219.9 0.70948
220 0.702885
220.1 0.698989
220.2 0.700534
220.3 0.701931
220.4 0.697374
220.5 0.693816
220.6 0.694033
220.7 0.69809
220.8 0.693091
220.9 0.702124
221 0.697258
221.1 0.693257
221.2 0.691716
221.3 0.692609
221.4 0.699025
221.5 0.696647
221.6 0.706925
221.7 0.704196
221.8 0.707742
221.9 0.710703
222 0.719493
222.1 0.711875
222.2 0.710104
222.3 0.713141
222.4 0.709951
222.5 0.709512
222.6 0.712967
222.7 0.707936
222.8 0.710581
222.9 0.717809
223 0.721737
223.1 0.728794
223.2 0.720333
223.3 0.718222
223.4 0.723414
223.5 0.727495
223.6 0.726588
223.7 0.727158
223.8 0.723043
223.9 0.719878
224 0.715102
224.1 0.717858
224.2 0.725108
224.3 0.730824
224.4 0.727887
224.5 0.7242
224.6 0.728717
224.7 0.722697
224.8 0.720406
224.9 0.721772
225 0.725608
225.1 0.719589
225.2 0.71631
225.3 0.714303
225.4 0.71034
225.5 0.710697
225.6 0.714099
225.7 0.716956
225.8 0.717425
225.9 0.722409
226 0.719579
226.1 0.721217
226.2 0.724622
226.3 0.722789
226.4 0.716503
226.5 0.70904
226.6 0.702391
226.7 0.698629
226.8 0.698813
226.9 0.692144
227 0.68647
227.1 0.684324
227.2 0.676459
227.3 0.675393
227.4 0.682025
227.5 0.688394
227.6 0.68335
227.7 0.693271
227.8 0.691469
227.9 0.695071
228 0.706346
228.1 0.710127
228.2 0.708815
228.3 0.708864
228.4 0.696587
228.5 0.698534
228.6 0.699193
228.7 0.709034
228.8 0.71267
228.9 0.71969
229 0.715896
229.1 0.714759
229.2 0.727012
229.3 0.729773
229.4 0.734783
229.5 0.7349
229.6 0.73035
229.7 0.730121
229.8 0.734901
229.9 0.729866
230 0.726869
230.1 0.733637
230.2 0.733949
230.3 0.732045
230.4 0.731047
230.5 0.728087
230.6 0.735664
230.7 0.728614
230.8 0.722375
230.9 0.724422
231 0.726265
231.1 0.725569
231.2 0.731257
231.3 0.732539
231.4 0.734908
231.5 0.738514
231.6 0.74805
231.7 0.74365
231.8 0.747366
231.9 0.747952
232 0.755086
232.1 0.753987
232.2 0.754225
232.3 0.751979
232.4 0.751397
232.5 0.744329
232.6 0.736866
232.7 0.742503
232.8 0.737373
232.9 0.735332
233 0.735436
233.1 0.731164
233.2 0.735428
233.3 0.737338
233.4 0.73887
233.5 0.735279
233.6 0.739513
233.7 0.739737
233.8 0.736921
233.9 0.742531
234 0.741617
234.1 0.742395
234.2 0.744885
234.3 0.746384
234.4 0.747386
234.5 0.749841
234.6 0.747004
234.7 0.746823
234.8 0.73415
234.9 0.735983
235 0.730417
235.1 0.736839
235.2 0.738936
235.3 0.739036
235.4 0.745273
235.5 0.746868
235.6 0.748196
235.7 0.742887
235.8 0.737906
235.9 0.735621
236 0.730946
236.1 0.728358
236.2 0.729269
236.3 0.722182
236.4 0.724311
236.5 0.714352
236.6 0.709068
236.7 0.709779
236.8 0.699355
236.9 0.701781
237 0.702477
237.1 0.706948
237.2 0.700243
237.3 0.704096
237.4 0.707308
237.5 0.706435
237.6 0.706966
237.7 0.708964
237.8 0.71875
237.9 0.726001
238 0.726079
238.1 0.727509
238.2 0.72548
238.3 0.714286
238.4 0.720515
238.5 0.719547
238.6 0.716966
238.7 0.726202
238.8 0.722883
238.9 0.71931
239 0.715753
239.1 0.716293
239.2 0.720885
239.3 0.719448
239.4 0.72263
239.5 0.718787
239.6 0.721277
239.7 0.725859
239.8 0.733914
239.9 0.733592
240 0.736835
240.1 0.731318
240.2 0.727585
240.3 0.725552
240.4 0.719404
240.5 0.721239
240.6 0.721956
240.7 0.726325
240.8 0.727886
240.9 0.731324
241 0.716518
241.1 0.718413
241.2 0.726746
241.3 0.724402
241.4 0.726998
241.5 0.734225
241.6 0.722808
241.7 0.727391
241.8 0.72679
241.9 0.730114
242 0.726361
242.1 0.720482
242.2 0.720744
242.3 0.712196
242.4 0.712834
242.5 0.706738
242.6 0.707577
242.7 0.70482
242.8 0.705687
242.9 0.712364
243 0.716146
243.1 0.709306
243.2 0.713597
243.3 0.717704
243.4 0.723035
243.5 0.718714
243.6 0.722932
243.7 0.722898
243.8 0.739902
243.9 0.745724
244 0.746443
244.1 0.752907
244.2 0.754161
244.3 0.756791
244.4 0.765468
244.5 0.760273
244.6 0.757877
244.7 0.758378
244.8 0.759461
244.9 0.75733
245 0.759352
245.1 0.756675
245.2 0.754817
245.3 0.755165
245.4 0.756669
245.5 0.755932
245.6 0.758692
245.7 0.758568
245.8 0.757281
245.9 0.754794
246 0.764229
246.1 0.759126
246.2 0.758263
246.3 0.759116
246.4 0.762122
246.5 0.774147
246.6 0.777626
246.7 0.772308
246.8 0.765388
246.9 0.770309
247 0.765713
247.1 0.761718
247.2 0.768005
247.3 0.76768
247.4 0.772365
247.5 0.76973
247.6 0.775092
247.7 0.775894
247.8 0.775289
247.9 0.782784
248 0.786068
248.1 0.782237
248.2 0.771791
248.3 0.775685
248.4 0.775206
248.5 0.765228
248.6 0.761685
248.7 0.761277
248.8 0.758703
248.9 0.763422
249 0.765633
249.1 0.762039
249.2 0.759678
249.3 0.760686
249.4 0.756137
249.5 0.759516
249.6 0.760171
249.7 0.763416
249.8 0.765892
249.9 0.764598
250 0.767587
250.1 0.758472
250.2 0.754376
250.3 0.75131
250.4 0.754748
250.5 0.756837
250.6 0.756556
250.7 0.754277
250.8 0.748123
250.9 0.748627
251 0.745187
251.1 0.750228
251.2 0.741651
251.3 0.737391
251.4 0.737995
251.5 0.737354
251.6 0.738552
251.7 0.731091
251.8 0.735357
251.9 0.737623
252 0.731492
252.1 0.732244
252.2 0.734076
252.3 0.727767
252.4 0.733664
252.5 0.734784
252.6 0.725328
252.7 0.727973
252.8 0.72999
252.9 0.737916
253 0.734563
253.1 0.728639
253.2 0.725609
253.3 0.73418
253.4 0.73313
253.5 0.736677
253.6 0.737012
253.7 0.73699
253.8 0.730486
253.9 0.729419
254 0.728373
254.1 0.721043
254.2 0.726696
254.3 0.729414
254.4 0.728668
254.5 0.727313
254.6 0.731176
254.7 0.735997
254.8 0.74122
254.9 0.744993
255 0.74685
255.1 0.747788
255.2 0.75152
255.3 0.749945
255.4 0.751963
255.5 0.751427
255.6 0.749973
255.7 0.756112
255.8 0.753081
255.9 0.748159
256 0.746635
256.1 0.741276
256.2 0.740765
256.3 0.736926
256.4 0.737943
256.5 0.745878
256.6 0.751881
256.7 0.747048
256.8 0.74497
256.9 0.74191
257 0.738439
257.1 0.740635
257.2 0.740054
257.3 0.73826
257.4 0.732085
257.5 0.726482
257.6 0.733367
257.7 0.737147
257.8 0.738838
257.9 0.740551
258 0.725873
258.1 0.732952
258.2 0.732021
258.3 0.739633
258.4 0.737372
258.5 0.735024
258.6 0.728376
258.7 0.733737
258.8 0.736482
258.9 0.73847
259 0.738224
259.1 0.733478
259.2 0.739473
259.3 0.738566
259.4 0.736166
259.5 0.732616
259.6 0.735905
259.7 0.739562
259.8 0.734905
259.9 0.726158
260 0.723601
260.1 0.720678
260.2 0.718615
260.3 0.716932
260.4 0.720296
260.5 0.724377
260.6 0.725678
260.7 0.72423
260.8 0.729222
260.9 0.724709
261 0.719912
261.1 0.716911
261.2 0.713794
261.3 0.716216
261.4 0.723264
261.5 0.737459
261.6 0.743977
261.7 0.750524
261.8 0.749237
261.9 0.743877
262 0.738559
262.1 0.742387
262.2 0.730472
262.3 0.723985
262.4 0.719336
262.5 0.713861
262.6 0.711697
262.7 0.711169
262.8 0.710827
262.9 0.707784
263 0.704696
263.1 0.69761
263.2 0.698039
263.3 0.701483
263.4 0.693778
263.5 0.69247
263.6 0.690276
263.7 0.683119
263.8 0.68298
263.9 0.679502
264 0.675263
264.1 0.680505
264.2 0.680624
264.3 0.686711
264.4 0.676149
264.5 0.678235
264.6 0.676739
264.7 0.686729
264.8 0.690079
264.9 0.689559
265 0.686543
265.1 0.689893
265.2 0.694269
265.3 0.70081
265.4 0.701822
265.5 0.704296
265.6 0.715896
265.7 0.716795
265.8 0.714345
265.9 0.712639
266 0.724416
266.1 0.71648
266.2 0.716764
266.3 0.714206
266.4 0.717482
266.5 0.718554
266.6 0.711355
266.7 0.715317
266.8 0.715605
266.9 0.724401
267 0.728127
267.1 0.73171
267.2 0.734502
267.3 0.741166
267.4 0.745611
267.5 0.743868
267.6 0.747129
267.7 0.748472
267.8 0.746455
267.9 0.752554
268 0.750279
268.1 0.752695
268.2 0.753674
268.3 0.746861
268.4 0.749224
268.5 0.747409
268.6 0.74953
268.7 0.745286
268.8 0.736394
268.9 0.73112
269 0.727945
269.1 0.724999
269.2 0.722899
269.3 0.727894
269.4 0.728684
269.5 0.726522
269.6 0.723611
269.7 0.72529
269.8 0.729878
269.9 0.721654
270 0.727004
270.1 0.720297
270.2 0.719913
270.3 0.721623
270.4 0.720873
270.5 0.719118
270.6 0.726397
270.7 0.73148
270.8 0.739892
270.9 0.736163
271 0.730087
271.1 0.731397
271.2 0.728957
271.3 0.734083
271.4 0.734993
271.5 0.737091
271.6 0.741072
271.7 0.732027
271.8 0.734497
271.9 0.736627
272 0.731685
272.1 0.72433
272.2 0.72371
272.3 0.732822
272.4 0.737754
272.5 0.745461
272.6 0.743605
272.7 0.750095
272.8 0.743116
272.9 0.73612
273 0.74451
273.1 0.734717
273.2 0.729925
273.3 0.735989
273.4 0.73089
273.5 0.735977
273.6 0.733375
273.7 0.723027
273.8 0.717153
273.9 0.712398
274 0.714084
274.1 0.720644
274.2 0.724204
274.3 0.718852
274.4 0.715888
274.5 0.719323
274.6 0.720554
274.7 0.733429
274.8 0.739896
274.9 0.742357
275 0.73934
275.1 0.73396
275.2 0.731046
275.3 0.730594
275.4 0.725554
275.5 0.733558
275.6 0.745537
275.7 0.745441
275.8 0.752801
275.9 0.754973
276 0.749979
276.1 0.752378
276.2 0.751209
276.3 0.74595
276.4 0.737019
276.5 0.743956
276.6 0.742951
276.7 0.739676
276.8 0.731441
276.9 0.739575
277 0.735628
277.1 0.731988
277.2 0.737569
277.3 0.740163
277.4 0.738941
277.5 0.739468
277.6 0.736581
277.7 0.734432
277.8 0.735027
277.9 0.732101
278 0.732906
278.1 0.727206
278.2 0.72872
278.3 0.727516
278.4 0.730965
278.5 0.729971
278.6 0.732105
278.7 0.733015
278.8 0.727341
278.9 0.724169
279 0.718296
279.1 0.71777
279.2 0.710609
279.3 0.716356
279.4 0.719715
279.5 0.728008
279.6 0.729541
279.7 0.730514
279.8 0.732795
279.9 0.735651
280 0.732707
280.1 0.734864
280.2 0.735473
280.3 0.734075
280.4 0.731581
280.5 0.732324
280.6 0.739946
280.7 0.747161
280.8 0.743508
280.9 0.73632
281 0.731983
281.1 0.728947
281.2 0.720135
281.3 0.714742
281.4 0.72323
281.5 0.730303
281.6 0.738693
281.7 0.741625
281.8 0.735612
281.9 0.739642
282 0.734369
282.1 0.728966
282.2 0.734248
282.3 0.734473
282.4 0.743221
282.5 0.745207
282.6 0.747741
282.7 0.745833
282.8 0.750417
282.9 0.750292
283 0.744308
283.1 0.740719
283.2 0.735718
283.3 0.731116
283.4 0.72904
283.5 0.733396
283.6 0.730459
283.7 0.728204
283.8 0.729046
283.9 0.71918
284 0.726136
284.1 0.721567
284.2 0.721628
284.3 0.720072
284.4 0.716902
284.5 0.721771
284.6 0.725979
284.7 0.718932
284.8 0.729427
284.9 0.726609
285 0.731787
285.1 0.731194
285.2 0.729241
285.3 0.724051
285.4 0.718548
285.5 0.718345
285.6 0.724182
285.7 0.720751
285.8 0.727351
285.9 0.716862
286 0.725777
286.1 0.724963
286.2 0.732364
286.3 0.733807
286.4 0.731536
286.5 0.738862
286.6 0.736993
286.7 0.740095
286.8 0.740356
286.9 0.736883
287 0.737909
287.1 0.73527
287.2 0.732011
287.3 0.736333
287.4 0.73567
287.5 0.744081
287.6 0.739417
287.7 0.740543
287.8 0.74162
287.9 0.739938
288 0.736671
288.1 0.743675
288.2 0.755745
288.3 0.745367
288.4 0.7409
288.5 0.747538
288.6 0.742612
288.7 0.750438
288.8 0.746664
288.9 0.751528
289 0.762226
289.1 0.75547
289.2 0.754063
289.3 0.755925
289.4 0.753635
289.5 0.744426
289.6 0.735138
289.7 0.73243
289.8 0.733785
289.9 0.736192
290 0.734277
290.1 0.732046
290.2 0.730056
290.3 0.730636
290.4 0.726914
290.5 0.72437
290.6 0.728105
290.7 0.721418
290.8 0.717811
290.9 0.718762
291 0.714348
291.1 0.712615
291.2 0.714589
291.3 0.710442
291.4 0.707779
291.5 0.702894
291.6 0.701799
291.7 0.707002
291.8 0.708833
291.9 0.717126
292 0.722966
292.1 0.721742
292.2 0.72311
292.3 0.723064
292.4 0.723603
292.5 0.722441
292.6 0.723655
292.7 0.728471
292.8 0.72661
292.9 0.729567
293 0.729845
293.1 0.727608
293.2 0.734487
293.3 0.746782
293.4 0.745237
293.5 0.751285
293.6 0.750344
293.7 0.752042
293.8 0.748197
293.9 0.7415
294 0.742476
294.1 0.734363
294.2 0.729502
294.3 0.726903
294.4 0.726569
294.5 0.723382
294.6 0.723342
294.7 0.721466
294.8 0.715035
294.9 0.716968
295 0.714897
295.1 0.719016
295.2 0.724991
295.3 0.720962
295.4 0.715789
295.5 0.720878
295.6 0.723073
295.7 0.719776
295.8 0.715675
295.9 0.717058
296 0.716862
296.1 0.715273
296.2 0.718181
296.3 0.711703
296.4 0.712673
296.5 0.713752
296.6 0.715587
296.7 0.720812
296.8 0.708742
296.9 0.702392
297 0.700448
297.1 0.700468
297.2 0.702469
297.3 0.709066
297.4 0.710169
297.5 0.70291
297.6 0.705067
297.7 0.702374
297.8 0.700633
297.9 0.697195
298 0.698263
298.1 0.697244
298.2 0.691919
298.3 0.697939
298.4 0.69958
298.5 0.691255
298.6 0.697183
298.7 0.703101
298.8 0.69675
298.9 0.698468
299 0.698268
299.1 0.691772
299.2 0.691907
299.3 0.695849
299.4 0.694031
299.5 0.692121
299.6 0.692083
299.7 0.692723
299.8 0.701505
299.9 0.705797
300 0.70607
300.1 0.710504
300.2 0.715125
300.3 0.720999
300.4 0.723049
300.5 0.726367
300.6 0.724799
300.7 0.729943
300.8 0.728124
300.9 0.730437
301 0.734317
301.1 0.735959
301.2 0.73431
301.3 0.735217
301.4 0.74171
301.5 0.741162
301.6 0.740313
301.7 0.742005
301.8 0.748046
301.9 0.756611
302 0.749444
302.1 0.738936
302.2 0.736007
302.3 0.732435
302.4 0.729985
302.5 0.730784
302.6 0.726462
302.7 0.722766
302.8 0.721421
302.9 0.723544
303 0.71841
303.1 0.721222
303.2 0.72084
303.3 0.726608
303.4 0.729908
303.5 0.729836
303.6 0.739545
303.7 0.741329
303.8 0.743975
303.9 0.740434
304 0.742363
304.1 0.74633
304.2 0.74705
304.3 0.738482
304.4 0.742984
304.5 0.745458
304.6 0.746594
304.7 0.744896
304.8 0.741895
304.9 0.734767
305 0.741983
305.1 0.740603
305.2 0.737692
305.3 0.732977
305.4 0.736609
305.5 0.741032
305.6 0.738286
305.7 0.734233
305.8 0.736654
305.9 0.741121
306 0.743599
306.1 0.736278
306.2 0.735905
306.3 0.734403
306.4 0.737591
306.5 0.738314
306.6 0.738186
306.7 0.737795
306.8 0.743029
306.9 0.744735
307 0.738051
307.1 0.735003
307.2 0.741323
307.3 0.742664
307.4 0.748579
307.5 0.743966
307.6 0.745326
307.7 0.747018
307.8 0.737783
307.9 0.741471
308 0.733414
308.1 0.73498
308.2 0.72395
308.3 0.727414
308.4 0.727413
308.5 0.735435
308.6 0.73146
308.7 0.732651
308.8 0.745424
308.9 0.745712
309 0.751869
309.1 0.752892
309.2 0.756907
309.3 0.75707
309.4 0.756567
309.5 0.74989
309.6 0.754414
309.7 0.751863
309.8 0.752865
309.9 0.756454
310 0.753516
310.1 0.754004
310.2 0.755356
310.3 0.747499
310.4 0.756416
310.5 0.758496
310.6 0.752059
310.7 0.759372
310.8 0.763199
310.9 0.760641
311 0.757031
311.1 0.760466
311.2 0.762477
311.3 0.764362
311.4 0.755652
311.5 0.760254
311.6 0.7584
311.7 0.757582
311.8 0.762177
311.9 0.765368
312 0.768077
312.1 0.759986
312.2 0.762206
312.3 0.757144
312.4 0.763136
312.5 0.761424
312.6 0.765705
312.7 0.769982
312.8 0.773968
312.9 0.778688
313 0.787173
313.1 0.786036
313.2 0.789451
313.3 0.787039
313.4 0.788213
313.5 0.789485
313.6 0.790896
313.7 0.786389
313.8 0.791254
313.9 0.793631
314 0.791196
314.1 0.786091
314.2 0.785121
314.3 0.785659
314.4 0.786388
314.5 0.786072
314.6 0.78455
314.7 0.791185
314.8 0.7816
314.9 0.778901
315 0.783036
315.1 0.781157
315.2 0.788189
315.3 0.781022
315.4 0.779354
315.5 0.779271
315.6 0.773213
315.7 0.763746
315.8 0.764674
315.9 0.774424
316 0.774077
316.1 0.769027
316.2 0.760075
316.3 0.770352
316.4 0.764245
316.5 0.760681
316.6 0.762279
316.7 0.764945
316.8 0.767458
316.9 0.771508
317 0.77949
317.1 0.781352
317.2 0.782397
317.3 0.788469
317.4 0.790961
317.5 0.786215
317.6 0.781258
317.7 0.783283
317.8 0.776493
317.9 0.777915
318 0.780494
318.1 0.770365
318.2 0.76056
318.3 0.760718
318.4 0.758266
318.5 0.756635
318.6 0.748677
318.7 0.743988
318.8 0.748239
318.9 0.75166
319 0.753492
319.1 0.759075
319.2 0.758494
319.3 0.764968
319.4 0.766466
319.5 0.760694
319.6 0.764366
319.7 0.760901
319.8 0.765098
319.9 0.763208
320 0.760018
320.1 0.759852
320.2 0.757073
320.3 0.756311
320.4 0.752494
320.5 0.753233
320.6 0.75172
320.7 0.748174
320.8 0.737611
320.9 0.734492
321 0.735343
321.1 0.734274
321.2 0.729985
321.3 0.738356
321.4 0.733348
321.5 0.730393
321.6 0.725362
321.7 0.724421
321.8 0.725712
321.9 0.722783
322 0.711052
322.1 0.717853
322.2 0.723282
322.3 0.729811
322.4 0.730311
322.5 0.735149
322.6 0.729036
322.7 0.726617
322.8 0.724431
322.9 0.725723
323 0.722549
323.1 0.720716
323.2 0.714885
323.3 0.711609
323.4 0.704012
323.5 0.696516
323.6 0.697217
323.7 0.688209
323.8 0.693519
323.9 0.693525
324 0.696355
324.1 0.692698
324.2 0.693043
324.3 0.692654
324.4 0.688568
324.5 0.689544
324.6 0.690233
324.7 0.691149
324.8 0.68618
324.9 0.691201
325 0.690025
325.1 0.685231
325.2 0.68963
325.3 0.686257
325.4 0.688019
325.5 0.689285
325.6 0.68699
325.7 0.688188
325.8 0.681691
325.9 0.684895
326 0.680296
326.1 0.69048
326.2 0.692932
326.3 0.705278
326.4 0.709244
326.5 0.710722
326.6 0.720547
326.7 0.715608
326.8 0.720082
326.9 0.726791
327 0.733093
327.1 0.732533
327.2 0.72954
327.3 0.736989
327.4 0.726563
327.5 0.726253
327.6 0.725115
327.7 0.727414
327.8 0.730408
327.9 0.732398
328 0.736196
328.1 0.732193
328.2 0.72888
328.3 0.724495
328.4 0.729239
328.5 0.735002
328.6 0.735854
328.7 0.727932
328.8 0.728843
328.9 0.735874
329 0.732644
329.1 0.734243
329.2 0.736034
329.3 0.729755
329.4 0.732953
329.5 0.738137
329.6 0.735598
329.7 0.734468
329.8 0.722869
329.9 0.729643
330 0.73811
330.1 0.743857
330.2 0.747051
330.3 0.751111
330.4 0.746982
330.5 0.744998
330.6 0.74117
330.7 0.743632
330.8 0.749304
330.9 0.756329
331 0.756179
331.1 0.748272
331.2 0.750107
331.3 0.747809
331.4 0.753066
331.5 0.755387
331.6 0.753499
331.7 0.751269
331.8 0.7384
331.9 0.731172
332 0.727681
332.1 0.724459
332.2 0.727057
332.3 0.730453
332.4 0.726176
332.5 0.724962
332.6 0.73047
332.7 0.745541
332.8 0.745444
332.9 0.749594
333 0.752498
333.1 0.745921
333.2 0.753748
333.3 0.756522
333.4 0.760512
333.5 0.757738
333.6 0.753865
333.7 0.757912
333.8 0.757117
333.9 0.754999
334 0.758395
334.1 0.756796
334.2 0.75058
334.3 0.752522
334.4 0.754024
334.5 0.758055
334.6 0.757171
334.7 0.757161
334.8 0.762084
334.9 0.760259
335 0.76398
335.1 0.765407
335.2 0.763777
335.3 0.763143
335.4 0.766066
335.5 0.765055
335.6 0.767514
335.7 0.756722
335.8 0.76303
335.9 0.758513
336 0.765724
336.1 0.76648
336.2 0.768508
336.3 0.775468
336.4 0.770917
336.5 0.779529
336.6 0.773209
336.7 0.776691
336.8 0.779784
336.9 0.787492
337 0.792624
337.1 0.790174
337.2 0.787526
337.3 0.78083
337.4 0.783076
337.5 0.789802
337.6 0.787121
337.7 0.784014
337.8 0.791277
337.9 0.791882
338 0.793588
338.1 0.792462
338.2 0.792777
338.3 0.799358
338.4 0.794244
338.5 0.789669
338.6 0.794776
338.7 0.788533
338.8 0.795007
338.9 0.796545
339 0.797062
339.1 0.793687
339.2 0.798443
339.3 0.798795
339.4 0.801256
339.5 0.794158
339.6 0.794713
339.7 0.791084
339.8 0.788094
339.9 0.793511
340 0.793264
340.1 0.786564
340.2 0.78858
340.3 0.792052
340.4 0.794861
340.5 0.798465
340.6 0.79834
340.7 0.792939
340.8 0.78939
340.9 0.789734
341 0.788354
341.1 0.788599
341.2 0.794961
341.3 0.789852
341.4 0.792934
341.5 0.791244
341.6 0.78811
341.7 0.792727
341.8 0.785676
341.9 0.782054
342 0.782328
342.1 0.782818
342.2 0.782334
342.3 0.788619
342.4 0.791536
342.5 0.791063
342.6 0.793719
342.7 0.797843
342.8 0.798914
342.9 0.799527
343 0.801997
343.1 0.799748
343.2 0.794079
343.3 0.786868
343.4 0.788079
343.5 0.786372
343.6 0.785877
343.7 0.781594
343.8 0.786843
343.9 0.782136
344 0.780799
344.1 0.780923
344.2 0.779552
344.3 0.776939
344.4 0.779584
344.5 0.771582
344.6 0.771785
344.7 0.771625
344.8 0.774163
344.9 0.776403
345 0.782247
345.1 0.79128
345.2 0.798973
345.3 0.790517
345.4 0.782676
345.5 0.784153
345.6 0.78894
345.7 0.794146
345.8 0.800046
345.9 0.791653
346 0.787595
346.1 0.782867
346.2 0.779712
346.3 0.781688
346.4 0.781221
346.5 0.775999
346.6 0.779497
346.7 0.784627
346.8 0.788849
346.9 0.785132
347 0.793899
347.1 0.805051
347.2 0.801201
347.3 0.788618
347.4 0.78455
347.5 0.78084
347.6 0.784498
347.7 0.786231
347.8 0.790833
347.9 0.784777
348 0.781203
348.1 0.773631
348.2 0.769569
348.3 0.767084
348.4 0.761554
348.5 0.761862
348.6 0.759118
348.7 0.753109
348.8 0.75409
348.9 0.756134
349 0.755971
349.1 0.77142
349.2 0.775653
349.3 0.772021
349.4 0.780466
349.5 0.782623
349.6 0.786761
349.7 0.781426
349.8 0.781884
349.9 0.78449
350 0.7866
350.1 0.787245
350.2 0.78605
350.3 0.781476
350.4 0.782992
350.5 0.784122
350.6 0.787966
350.7 0.774986
350.8 0.769159
350.9 0.761757
351 0.76708
351.1 0.769827
351.2 0.774458
351.3 0.778477
351.4 0.779562
351.5 0.782768
351.6 0.778347
351.7 0.77086
351.8 0.768495
351.9 0.771865
352 0.772001
352.1 0.77341
352.2 0.760897
352.3 0.753759
352.4 0.74774
352.5 0.746569
352.6 0.74673
352.7 0.745925
352.8 0.750039
352.9 0.748008
353 0.750167
353.1 0.743499
353.2 0.73827
353.3 0.738907
353.4 0.734488
353.5 0.738303
353.6 0.73747
353.7 0.738647
353.8 0.731679
353.9 0.731508
354 0.729945
354.1 0.729375
354.2 0.728443
354.3 0.73436
354.4 0.725382
354.5 0.729859
354.6 0.723758
354.7 0.718724
354.8 0.708843
354.9 0.699955
355 0.702589
355.1 0.704033
355.2 0.709849
355.3 0.707622
355.4 0.70321
355.5 0.707592
355.6 0.714356
355.7 0.716527
355.8 0.716979
355.9 0.717364
356 0.722468
356.1 0.717157
356.2 0.724833
356.3 0.72887
356.4 0.727227
356.5 0.730242
356.6 0.72733
356.7 0.723315
356.8 0.726972
356.9 0.723475
357 0.719372
357.1 0.719611
357.2 0.726593
357.3 0.726966
357.4 0.721362
357.5 0.717838
357.6 0.71659
357.7 0.714255
357.8 0.727644
357.9 0.728389
358 0.721769
358.1 0.718001
358.2 0.718172
358.3 0.73253
358.4 0.743182
358.5 0.740359
358.6 0.740251
358.7 0.739051
358.8 0.73476
358.9 0.742945
359 0.74164
359.1 0.737826
359.2 0.749619
359.3 0.749863
359.4 0.74755
359.5 0.742899
359.6 0.739575
359.7 0.73654
359.8 0.732752
359.9 0.735315
360 0.732427
360.1 0.72591
360.2 0.729734
360.3 0.737361
360.4 0.743033
360.5 0.748585
360.6 0.753569
360.7 0.755395
360.8 0.75876
360.9 0.758587
361 0.758798
361.1 0.756653
361.2 0.760157
361.3 0.760127
361.4 0.755547
361.5 0.75029
361.6 0.755365
361.7 0.754827
361.8 0.756336
361.9 0.75574
362 0.755943
362.1 0.752738
362.2 0.746149
362.3 0.73507
362.4 0.730559
362.5 0.733042
362.6 0.73326
362.7 0.729227
362.8 0.726148
362.9 0.722342
363 0.716553
363.1 0.721681
363.2 0.726035
363.3 0.736178
363.4 0.75048
363.5 0.752285
363.6 0.754864
363.7 0.753446
363.8 0.750395
363.9 0.751785
364 0.741176
364.1 0.735189
364.2 0.74511
364.3 0.7498
364.4 0.752337
364.5 0.749408
364.6 0.744521
364.7 0.739493
364.8 0.746
364.9 0.744699
365 0.738793
365.1 0.740096
365.2 0.734589
365.3 0.739253
365.4 0.741858
365.5 0.738789
365.6 0.736704
365.7 0.733107
365.8 0.734747
365.9 0.740778
366 0.742787
366.1 0.739272
366.2 0.736966
366.3 0.735179
366.4 0.737365
366.5 0.741424
366.6 0.741291
366.7 0.745276
366.8 0.741446
366.9 0.747021
367 0.745657
367.1 0.749263
367.2 0.747819
367.3 0.747554
367.4 0.748973
367.5 0.756786
367.6 0.761886
367.7 0.766201
367.8 0.775152
367.9 0.769673
368 0.769901
368.1 0.763581
368.2 0.764169
368.3 0.762717
368.4 0.765319
368.5 0.765629
368.6 0.768053
368.7 0.768933
368.8 0.765643
368.9 0.766986
369 0.759813
369.1 0.758785
369.2 0.75778
369.3 0.754684
369.4 0.749792
369.5 0.745979
369.6 0.75164
369.7 0.753513
369.8 0.758389
369.9 0.757211
370 0.756572
370.1 0.75451
370.2 0.761122
370.3 0.769308
370.4 0.772489
370.5 0.770055
370.6 0.773838
370.7 0.772288
370.8 0.773211
370.9 0.772658
371 0.773839
371.1 0.771923
371.2 0.777078
371.3 0.773192
371.4 0.767946
371.5 0.770733
371.6 0.764871
371.7 0.759341
371.8 0.759202
371.9 0.759162
372 0.754175
372.1 0.758971
372.2 0.761326
372.3 0.764349
372.4 0.764247
372.5 0.76458
372.6 0.759208
372.7 0.764484
372.8 0.772145
372.9 0.764846
373 0.764832
373.1 0.762605
373.2 0.765391
373.3 0.769731
373.4 0.771584
373.5 0.768612
373.6 0.770893
373.7 0.767102
373.8 0.767023
373.9 0.766341
374 0.765975
374.1 0.773123
374.2 0.769173
374.3 0.770098
374.4 0.768045
374.5 0.759515
374.6 0.758635
374.7 0.756537
374.8 0.758947
374.9 0.764948
375 0.764322
375.1 0.769123
375.2 0.768812
375.3 0.766259
375.4 0.76446
375.5 0.761241
375.6 0.759783
375.7 0.753873
375.8 0.757239
375.9 0.750284
376 0.74834
376.1 0.748541
376.2 0.750849
376.3 0.743828
376.4 0.745013
376.5 0.746155
376.6 0.748202
376.7 0.745419
376.8 0.749238
376.9 0.744821
377 0.747228
377.1 0.74902
377.2 0.743826
377.3 0.748822
377.4 0.74617
377.5 0.748631
377.6 0.750878
377.7 0.752695
377.8 0.750349
377.9 0.740291
378 0.737497
378.1 0.730706
378.2 0.729116
378.3 0.725712
378.4 0.718109
378.5 0.720792
378.6 0.724229
378.7 0.723943
378.8 0.724855
378.9 0.733495
379 0.734545
379.1 0.727908
379.2 0.729425
379.3 0.721436
379.4 0.711692
379.5 0.718628
379.6 0.721769
379.7 0.719708
379.8 0.720699
379.9 0.712021
380 0.703933
380.1 0.69941
380.2 0.707264
380.3 0.70686
380.4 0.708713
380.5 0.719496
380.6 0.722726
380.7 0.720882
380.8 0.72678
380.9 0.733733
381 0.733006
381.1 0.736006
381.2 0.741053
381.3 0.747042
381.4 0.741795
381.5 0.737861
381.6 0.738571
381.7 0.74316
381.8 0.739373
381.9 0.74308
382 0.733706
382.1 0.741658
382.2 0.744092
382.3 0.741227
382.4 0.741559
382.5 0.7479
382.6 0.749866
382.7 0.745767
382.8 0.739566
382.9 0.73762
383 0.742146
383.1 0.755397
383.2 0.747376
383.3 0.754007
383.4 0.755228
383.5 0.7535
383.6 0.754827
383.7 0.753809
383.8 0.753979
383.9 0.754688
384 0.75477
384.1 0.759473
384.2 0.762988
384.3 0.76246
384.4 0.764465
384.5 0.763018
384.6 0.756943
384.7 0.756958
384.8 0.757184
384.9 0.751119
385 0.757348
385.1 0.762095
385.2 0.756571
385.3 0.757074
385.4 0.756758
385.5 0.762248
385.6 0.760313
385.7 0.753606
385.8 0.750852
385.9 0.760378
386 0.752942
386.1 0.753303
386.2 0.76094
386.3 0.759798
386.4 0.763133
386.5 0.751855
386.6 0.754493
386.7 0.754348
386.8 0.750598
386.9 0.751408
387 0.758447
387.1 0.757907
387.2 0.757418
387.3 0.755586
387.4 0.754975
387.5 0.753324
387.6 0.748108
387.7 0.746642
387.8 0.738646
387.9 0.734951
388 0.736198
388.1 0.731292
388.2 0.733137
388.3 0.734774
388.4 0.726016
388.5 0.728855
388.6 0.726548
388.7 0.737183
388.8 0.739175
388.9 0.744658
389 0.751612
389.1 0.741868
389.2 0.750532
389.3 0.744143
389.4 0.749745
389.5 0.754064
389.6 0.750164
389.7 0.751651
389.8 0.750925
389.9 0.745355
390 0.743737
390.1 0.746682
390.2 0.744913
390.3 0.745966
390.4 0.750363
390.5 0.743051
390.6 0.741454
390.7 0.736054
390.8 0.745571
390.9 0.751592
391 0.752349
391.1 0.746982
391.2 0.751719
391.3 0.757017
391.4 0.757969
391.5 0.765302
391.6 0.764634
391.7 0.753653
391.8 0.755898
391.9 0.757254
392 0.750242
392.1 0.753219
392.2 0.751189
392.3 0.750829
392.4 0.749079
392.5 0.751363
392.6 0.749407
392.7 0.749491
392.8 0.751562
392.9 0.752196
393 0.740401
393.1 0.741747
393.2 0.740907
393.3 0.747138
393.4 0.747868
393.5 0.753233
393.6 0.755471
393.7 0.754623
393.8 0.753019
393.9 0.756489
394 0.75841
394.1 0.757805
394.2 0.763518
394.3 0.767679
394.4 0.764533
394.5 0.751455
394.6 0.754248
394.7 0.751354
394.8 0.750062
394.9 0.744714
395 0.73396
395.1 0.731225
395.2 0.732963
395.3 0.73463
395.4 0.7304
395.5 0.731966
395.6 0.736499
395.7 0.742013
395.8 0.746748
395.9 0.749282
396 0.739581
396.1 0.727186
396.2 0.726672
396.3 0.719431
396.4 0.723447
396.5 0.719462
396.6 0.725857
396.7 0.723666
396.8 0.7254
396.9 0.723714
397 0.728213
397.1 0.726017
397.2 0.724924
397.3 0.718423
397.4 0.721078
397.5 0.715525
397.6 0.719646
397.7 0.718905
397.8 0.713333
397.9 0.702991
398 0.696839
398.1 0.700788
398.2 0.703331
398.3 0.693128
398.4 0.692647
398.5 0.699026
398.6 0.695957
398.7 0.701344
398.8 0.703342
398.9 0.703067
399 0.697485
399.1 0.702318
399.2 0.699855
399.3 0.699353
399.4 0.705928
399.5 0.70552
399.6 0.711571
399.7 0.706506
399.8 0.710842
399.9 0.712051
400 0.713403
400.1 0.7042
400.2 0.693881
400.3 0.693715
400.4 0.6943
400.5 0.694948
400.6 0.694386
400.7 0.692894
400.8 0.69246
400.9 0.696613
401 0.701771
401.1 0.703881
401.2 0.705366
401.3 0.690341
401.4 0.697474
401.5 0.69779
401.6 0.698161
401.7 0.693185
401.8 0.685625
401.9 0.686152
402 0.676752
402.1 0.676253
402.2 0.669705
402.3 0.668763
402.4 0.663739
402.5 0.664814
402.6 0.663771
402.7 0.665331
402.8 0.669001
402.9 0.667181
403 0.671636
403.1 0.676659
403.2 0.677871
403.3 0.674211
403.4 0.679032
403.5 0.688464
403.6 0.691404
403.7 0.689723
403.8 0.693175
403.9 0.68452
404 0.690633
404.1 0.698978
404.2 0.704134
404.3 0.702553
404.4 0.708519
404.5 0.709417
404.6 0.704916
404.7 0.703616
404.8 0.699233
404.9 0.697281
405 0.70086
405.1 0.710258
405.2 0.702566
405.3 0.698481
405.4 0.704318
405.5 0.70745
405.6 0.69784
405.7 0.696773
405.8 0.701096
405.9 0.694965
406 0.698311
406.1 0.699817
406.2 0.69613
406.3 0.70035
406.4 0.693465
406.5 0.69509
406.6 0.69718
406.7 0.695785
406.8 0.698216
406.9 0.695495
407 0.69253
407.1 0.693625
407.2 0.691048
407.3 0.69276
407.4 0.691113
407.5 0.68238
407.6 0.681613
407.7 0.673484
407.8 0.685256
407.9 0.683821
408 0.694955
408.1 0.689116
408.2 0.68837
408.3 0.687008
408.4 0.682268
408.5 0.682689
408.6 0.686373
408.7 0.692182
408.8 0.689722
408.9 0.688346
409 0.686842
409.1 0.683501
409.2 0.681936
409.3 0.690433
409.4 0.691633
409.5 0.692968
409.6 0.701904
409.7 0.696892
409.8 0.700619
409.9 0.703062
410 0.696914
410.1 0.689065
410.2 0.692596
410.3 0.69303
410.4 0.696639
410.5 0.700665
410.6 0.702611
410.7 0.706579
410.8 0.711746
410.9 0.715344
411 0.724046
411.1 0.72518
411.2 0.724704
411.3 0.730329
411.4 0.727735
411.5 0.725113
411.6 0.72711
411.7 0.728451
411.8 0.725958
411.9 0.729606
412 0.73141
412.1 0.737828
412.2 0.735723
412.3 0.741408
412.4 0.728494
412.5 0.727339
412.6 0.72383
412.7 0.716484
412.8 0.721896
412.9 0.725065
413 0.722462
413.1 0.724548
413.2 0.722267
413.3 0.724924
413.4 0.736872
413.5 0.728268
413.6 0.731515
413.7 0.731892
413.8 0.734953
413.9 0.733536
414 0.729179
414.1 0.72597
414.2 0.732538
414.3 0.728084
414.4 0.721519
414.5 0.721108
414.6 0.715942
414.7 0.724679
414.8 0.718451
414.9 0.721547
415 0.718906
415.1 0.717129
415.2 0.712162
415.3 0.716683
415.4 0.718365
415.5 0.708361
415.6 0.710508
415.7 0.702804
415.8 0.709776
415.9 0.712496
416 0.71551
416.1 0.720208
416.2 0.716716
416.3 0.72374
416.4 0.717772
416.5 0.71324
416.6 0.715347
416.7 0.708466
416.8 0.703451
416.9 0.704724
417 0.712732
417.1 0.71525
417.2 0.713607
417.3 0.713906
417.4 0.722236
417.5 0.727503
417.6 0.732053
417.7 0.735435
417.8 0.73312
417.9 0.729657
418 0.733929
418.1 0.733072
418.2 0.726094
418.3 0.72978
418.4 0.731877
418.5 0.737362
418.6 0.743914
418.7 0.742985
418.8 0.735161
418.9 0.739678
419 0.733105
419.1 0.731322
419.2 0.729282
419.3 0.728005
419.4 0.732389
419.5 0.737657
419.6 0.738275
419.7 0.735948
419.8 0.736617
419.9 0.746788
420 0.748821
420.1 0.747724
420.2 0.741672
420.3 0.744511
420.4 0.752108
420.5 0.760308
420.6 0.754
420.7 0.741987
420.8 0.737589
420.9 0.73934
421 0.746839
421.1 0.747552
421.2 0.754067
421.3 0.756271
421.4 0.754424
421.5 0.752719
421.6 0.751274
421.7 0.751233
421.8 0.744495
421.9 0.74212
422 0.743569
422.1 0.752294
422.2 0.743528
422.3 0.732344
422.4 0.727474
422.5 0.735906
422.6 0.738899
422.7 0.736267
422.8 0.734567
422.9 0.72828
423 0.722334
423.1 0.725142
423.2 0.729261
423.3 0.729048
423.4 0.735928
423.5 0.742475
423.6 0.748054
423.7 0.759494
423.8 0.759797
423.9 0.758664
424 0.756403
424.1 0.750683
424.2 0.741904
424.3 0.744776
424.4 0.743324
424.5 0.751446
424.6 0.746871
424.7 0.753109
424.8 0.755904
424.9 0.752839
425 0.747367
425.1 0.749647
425.2 0.752572
425.3 0.753604
425.4 0.753299
425.5 0.753059
425.6 0.74873
425.7 0.741654
425.8 0.741894
425.9 0.751001
426 0.752178
426.1 0.743753
426.2 0.744352
426.3 0.747529
426.4 0.751185
426.5 0.748511
426.6 0.755586
426.7 0.758576
426.8 0.752544
426.9 0.753152
427 0.756012
427.1 0.750231
427.2 0.750134
427.3 0.742502
427.4 0.739699
427.5 0.74226
427.6 0.732833
427.7 0.740975
427.8 0.735924
427.9 0.736386
428 0.739344
428.1 0.747841
428.2 0.746413
428.3 0.743878
428.4 0.735119
428.5 0.734524
428.6 0.732483
428.7 0.734676
428.8 0.729064
428.9 0.728642
429 0.728534
429.1 0.725938
429.2 0.725181
429.3 0.726721
429.4 0.727187
429.5 0.719072
429.6 0.726649
429.7 0.720445
429.8 0.723473
429.9 0.717741
430 0.70627
430.1 0.708713
430.2 0.706228
430.3 0.707826
430.4 0.707333
430.5 0.710979
430.6 0.705167
430.7 0.712448
430.8 0.708563
430.9 0.707192
431 0.710184
431.1 0.706367
431.2 0.709614
431.3 0.714828
431.4 0.716795
431.5 0.706082
431.6 0.711884
431.7 0.71214
431.8 0.714462
431.9 0.714355
432 0.713492
432.1 0.71762
432.2 0.714282
432.3 0.716576
432.4 0.719922
432.5 0.724441
432.6 0.724949
432.7 0.722213
432.8 0.730223
432.9 0.737087
433 0.738632
433.1 0.733526
433.2 0.732907
433.3 0.732518
433.4 0.725661
433.5 0.718705
433.6 0.711981
433.7 0.711729
433.8 0.715315
433.9 0.717122
434 0.717418
434.1 0.718944
434.2 0.726972
434.3 0.741067
434.4 0.737406
434.5 0.748788
434.6 0.748272
434.7 0.752286
434.8 0.750283
434.9 0.746932
435 0.749035
435.1 0.747531
435.2 0.751397
435.3 0.74472
435.4 0.741968
435.5 0.744962
435.6 0.741752
435.7 0.741705
435.8 0.749561
435.9 0.750161
436 0.743989
436.1 0.73077
436.2 0.736794
436.3 0.744232
436.4 0.746728
436.5 0.746045
436.6 0.745019
436.7 0.741159
436.8 0.74841
436.9 0.744993
437 0.746309
437.1 0.740471
437.2 0.745003
437.3 0.745511
437.4 0.746404
437.5 0.750953
437.6 0.751596
437.7 0.748886
437.8 0.753929
437.9 0.758185
438 0.750063
438.1 0.743358
438.2 0.745847
438.3 0.734004
438.4 0.724682
438.5 0.728659
438.6 0.734872
438.7 0.740704
438.8 0.739637
438.9 0.735202
439 0.743342
439.1 0.74625
439.2 0.746482
439.3 0.743551
439.4 0.743695
439.5 0.733391
439.6 0.727075
439.7 0.731619
439.8 0.730341
439.9 0.734026
440 0.736102
440.1 0.733472
440.2 0.737166
440.3 0.73423
440.4 0.738964
440.5 0.735911
440.6 0.736935
440.7 0.737858
440.8 0.74207
440.9 0.745283
441 0.747829
441.1 0.746674
441.2 0.747264
441.3 0.74587
441.4 0.744841
441.5 0.737756
441.6 0.74052
441.7 0.744245
441.8 0.746069
441.9 0.745592
442 0.750863
442.1 0.7455
442.2 0.743757
442.3 0.745843
442.4 0.747418
442.5 0.74626
442.6 0.738381
442.7 0.737571
442.8 0.743262
442.9 0.747961
443 0.750338
443.1 0.75531
443.2 0.742436
443.3 0.732099
443.4 0.733542
443.5 0.725246
443.6 0.724034
443.7 0.725946
443.8 0.729195
443.9 0.73233
444 0.728117
444.1 0.718546
444.2 0.71469
444.3 0.715926
444.4 0.71257
444.5 0.703129
444.6 0.704012
444.7 0.706527
444.8 0.703622
444.9 0.696215
445 0.700449
445.1 0.697726
445.2 0.698835
445.3 0.708127
445.4 0.716279
445.5 0.713581
445.6 0.703981
445.7 0.70613
445.8 0.706294
445.9 0.704201
446 0.705477
446.1 0.708785
446.2 0.715663
446.3 0.717514
446.4 0.719894
446.5 0.716902
446.6 0.725401
446.7 0.720123
446.8 0.722887
446.9 0.723488
447 0.731811
447.1 0.728729
447.2 0.727199
447.3 0.721008
447.4 0.729683
447.5 0.730757
447.6 0.730019
447.7 0.737541
447.8 0.741861
447.9 0.748585
448 0.750425
448.1 0.734125
448.2 0.733253
448.3 0.736002
448.4 0.747549
448.5 0.74386
448.6 0.742121
448.7 0.740636
448.8 0.731304
448.9 0.732106
449 0.727559
449.1 0.731404
449.2 0.732413
449.3 0.730022
449.4 0.728917
449.5 0.732019
449.6 0.731172
449.7 0.737543
449.8 0.752391
449.9 0.749456
450 0.750954
450.1 0.74819
450.2 0.752875
450.3 0.755062
450.4 0.763428
450.5 0.763943
450.6 0.766704
450.7 0.772758
450.8 0.773698
450.9 0.775302
451 0.766067
451.1 0.76134
451.2 0.769005
451.3 0.768397
451.4 0.765375
451.5 0.761544
451.6 0.771855
451.7 0.772368
451.8 0.784246
451.9 0.781568
452 0.783807
452.1 0.777092
452.2 0.776906
452.3 0.781072
452.4 0.77773
452.5 0.77637
452.6 0.786195
452.7 0.78307
452.8 0.780289
452.9 0.776585
453 0.771063
453.1 0.764982
453.2 0.770811
453.3 0.764098
453.4 0.758379
453.5 0.754661
453.6 0.75656
453.7 0.757174
453.8 0.751406
453.9 0.750232
454 0.745514
454.1 0.740071
454.2 0.74135
454.3 0.743857
454.4 0.742512
454.5 0.747555
454.6 0.753649
454.7 0.749872
454.8 0.73303
454.9 0.726596
455 0.720331
455.1 0.714335
455.2 0.709553
455.3 0.711127
455.4 0.716036
455.5 0.705116
455.6 0.708656
455.7 0.7023
455.8 0.706316
455.9 0.70946
456 0.705367
456.1 0.712215
456.2 0.714704
456.3 0.717376
456.4 0.713945
456.5 0.712966
456.6 0.713719
456.7 0.724365
456.8 0.721123
456.9 0.724776
457 0.728398
457.1 0.735705
457.2 0.738067
457.3 0.736172
457.4 0.735986
457.5 0.734956
457.6 0.73651
457.7 0.735492
457.8 0.733206
457.9 0.729646
458 0.734869
458.1 0.735049
458.2 0.729689
458.3 0.736154
458.4 0.737419
458.5 0.738984
458.6 0.741251
458.7 0.740333
458.8 0.740193
458.9 0.736977
459 0.735276
459.1 0.731199
459.2 0.744625
459.3 0.742435
459.4 0.738233
459.5 0.73238
459.6 0.732606
459.7 0.741148
459.8 0.736091
459.9 0.742595
460 0.745536
460.1 0.739259
460.2 0.733365
460.3 0.742331
460.4 0.745531
460.5 0.741454
460.6 0.751855
460.7 0.749588
460.8 0.748259
460.9 0.750193
461 0.743685
461.1 0.752052
461.2 0.744834
461.3 0.746398
461.4 0.746226
461.5 0.750202
461.6 0.743339
461.7 0.745132
461.8 0.746471
461.9 0.736344
462 0.733627
462.1 0.723553
462.2 0.720318
462.3 0.72117
462.4 0.722289
462.5 0.71727
462.6 0.728724
462.7 0.733459
462.8 0.73702
462.9 0.736575
463 0.742784
463.1 0.73541
463.2 0.733142
463.3 0.733842
463.4 0.736194
463.5 0.732168
463.6 0.731457
463.7 0.729304
463.8 0.731832
463.9 0.732824
464 0.739699
464.1 0.744052
464.2 0.743382
464.3 0.750186
464.4 0.74451
464.5 0.747686
464.6 0.755992
464.7 0.754868
464.8 0.755931
464.9 0.766447
465 0.76715
465.1 0.764332
465.2 0.762027
465.3 0.757547
465.4 0.763892
465.5 0.763794
465.6 0.760608
465.7 0.753692
465.8 0.762519
465.9 0.765517
466 0.76452
466.1 0.765853
466.2 0.758779
466.3 0.765225
466.4 0.767568
466.5 0.772383
466.6 0.767693
466.7 0.76635
466.8 0.766382
466.9 0.760411
467 0.751698
467.1 0.741596
467.2 0.733285
467.3 0.737296
467.4 0.744813
467.5 0.741909
467.6 0.733606
467.7 0.735413
467.8 0.736806
467.9 0.73789
468 0.740717
468.1 0.738649
468.2 0.732013
468.3 0.732963
468.4 0.726011
468.5 0.718891
468.6 0.719877
468.7 0.717167
468.8 0.720259
468.9 0.715347
469 0.709661
469.1 0.706846
469.2 0.710459
469.3 0.700402
469.4 0.714948
469.5 0.711753
469.6 0.707429
469.7 0.702781
469.8 0.698811
469.9 0.708895
470 0.716187
470.1 0.711082
470.2 0.704958
470.3 0.699591
470.4 0.704259
470.5 0.701563
470.6 0.697878
470.7 0.708215
470.8 0.714141
470.9 0.712284
471 0.712531
471.1 0.712384
471.2 0.706976
471.3 0.702277
471.4 0.700903
471.5 0.695749
471.6 0.701872
471.7 0.707001
471.8 0.705206
471.9 0.703644
472 0.705926
472.1 0.710064
472.2 0.72067
472.3 0.716857
472.4 0.718323
472.5 0.721842
472.6 0.715905
472.7 0.712328
472.8 0.708624
472.9 0.701801
473 0.706649
473.1 0.708603
473.2 0.711889
473.3 0.71442
473.4 0.714189
473.5 0.711381
473.6 0.713025
473.7 0.702438
473.8 0.69333
473.9 0.695963
474 0.695558
474.1 0.688823
474.2 0.68439
474.3 0.690022
474.4 0.686954
474.5 0.685657
474.6 0.699822
474.7 0.694864
474.8 0.692491
474.9 0.687198
475 0.694996
475.1 0.692956
475.2 0.693884
475.3 0.693742
475.4 0.693274
475.5 0.69588
475.6 0.69795
475.7 0.6892
475.8 0.696866
475.9 0.697672
476 0.69815
476.1 0.702501
476.2 0.694669
476.3 0.694335
476.4 0.696198
476.5 0.696616
476.6 0.692147
476.7 0.690099
476.8 0.688231
476.9 0.682649
477 0.689193
477.1 0.686301
477.2 0.686307
477.3 0.678964
477.4 0.678556
477.5 0.675071
477.6 0.680634
477.7 0.68281
477.8 0.67879
477.9 0.675963
478 0.680789
478.1 0.686337
478.2 0.697727
478.3 0.695701
478.4 0.691663
478.5 0.687502
478.6 0.681167
478.7 0.687083
478.8 0.686573
478.9 0.683879
479 0.677486
479.1 0.675884
479.2 0.673273
479.3 0.672931
479.4 0.681228
479.5 0.681083
479.6 0.682601
479.7 0.68238
479.8 0.691565
479.9 0.696124
480 0.695045
480.1 0.702838
480.2 0.709596
480.3 0.714288
480.4 0.713677
480.5 0.712704
480.6 0.706399
480.7 0.704987
480.8 0.709977
480.9 0.713293
481 0.711283
481.1 0.708055
481.2 0.709761
481.3 0.709557
481.4 0.707108
481.5 0.702534
481.6 0.707096
481.7 0.704212
481.8 0.700749
481.9 0.708059
482 0.701967
482.1 0.699573
482.2 0.697672
482.3 0.702919
482.4 0.699762
482.5 0.690544
482.6 0.694417
482.7 0.699122
482.8 0.696295
482.9 0.696762
483 0.700273
483.1 0.70287
483.2 0.710661
483.3 0.704557
483.4 0.701769
483.5 0.701752
483.6 0.71432
483.7 0.717278
483.8 0.725937
483.9 0.724923
484 0.735161
484.1 0.734018
484.2 0.738355
484.3 0.731221
484.4 0.741071
484.5 0.730512
484.6 0.735043
484.7 0.737412
484.8 0.735398
484.9 0.734922
485 0.733252
485.1 0.735243
485.2 0.724251
485.3 0.722085
485.4 0.724099
485.5 0.714619
485.6 0.704392
485.7 0.696525
485.8 0.695725
485.9 0.691545
486 0.692894
486.1 0.687208
486.2 0.684355
486.3 0.691223
486.4 0.687646
486.5 0.687175
486.6 0.681349
486.7 0.68556
486.8 0.67668
486.9 0.67052
487 0.667422
487.1 0.670746
487.2 0.673488
487.3 0.679895
487.4 0.676754
487.5 0.671981
487.6 0.668507
487.7 0.673866
487.8 0.67125
487.9 0.674626
488 0.674964
488.1 0.676775
488.2 0.666471
488.3 0.67503
488.4 0.683502
488.5 0.685723
488.6 0.682483
488.7 0.679847
488.8 0.679618
488.9 0.682979
489 0.685238
489.1 0.684439
489.2 0.690644
489.3 0.689679
489.4 0.696512
489.5 0.694094
489.6 0.703947
489.7 0.702973
489.8 0.700365
489.9 0.7001
490 0.705397
490.1 0.698986
490.2 0.693938
490.3 0.696633
490.4 0.697963
490.5 0.691601
490.6 0.700986
490.7 0.699617
490.8 0.698034
490.9 0.699747
491 0.706048
491.1 0.713256
491.2 0.714547
491.3 0.717877
491.4 0.724693
491.5 0.71348
491.6 0.714689
491.7 0.716978
491.8 0.709085
491.9 0.702609
492 0.710764
492.1 0.706604
492.2 0.701803
492.3 0.700508
492.4 0.703773
492.5 0.696819
492.6 0.702508
492.7 0.697828
492.8 0.702592
492.9 0.711818
493 0.717797
493.1 0.719856
493.2 0.723318
493.3 0.722329
493.4 0.724027
493.5 0.71263
493.6 0.717894
493.7 0.711681
493.8 0.701281
493.9 0.693132
494 0.698532
494.1 0.687046
494.2 0.689519
494.3 0.700563
494.4 0.703861
494.5 0.708987
494.6 0.717395
494.7 0.712534
494.8 0.716231
494.9 0.709759
495 0.720747
495.1 0.720219
495.2 0.718602
495.3 0.71492
495.4 0.718154
495.5 0.71394
495.6 0.717632
495.7 0.709168
495.8 0.710521
495.9 0.71392
496 0.716433
496.1 0.724404
496.2 0.716197
496.3 0.717671
496.4 0.713462
496.5 0.715398
496.6 0.705761
496.7 0.70469
496.8 0.700834
496.9 0.699388
497 0.694426
497.1 0.692377
497.2 0.702094
497.3 0.70153
497.4 0.699327
497.5 0.692675
497.6 0.694074
497.7 0.695898
497.8 0.698269
497.9 0.709516
498 0.708461
498.1 0.714293
498.2 0.708576
498.3 0.712789
498.4 0.705784
498.5 0.700475
498.6 0.693414
498.7 0.685686
498.8 0.685657
498.9 0.691736
499 0.694592
499.1 0.686542
499.2 0.683166
499.3 0.687182
499.4 0.682908
499.5 0.690272
499.6 0.68463
499.7 0.677999
499.8 0.671476
499.9 0.671202
