0 0.0270375
0.1 0.0199342
0.2 0.0407967
0.3 0.0409059
0.4 0.0577636
0.5 0.0598191
0.6 0.0712762
0.7 0.0765081
0.8 0.0644539
0.9 0.0596204
1 0.067473
1.1 0.067931
1.2 0.0585214
1.3 0.0547634
1.4 0.0549972
1.5 0.0468951
1.6 0.0556834
1.7 0.0738991
1.8 0.0734189
1.9 0.0893338
2 0.0760409
2.1 0.0966265
2.2 0.110622
2.3 0.121497
2.4 0.115254
2.5 0.117309
2.6 0.117861
2.7 0.129747
2.8 0.137084
2.9 0.128062
3 0.123097
3.1 0.145238
3.2 0.152636
3.3 0.16195
3.4 0.162038
3.5 0.164125
3.6 0.163436
3.7 0.162967
3.8 0.163251
3.9 0.16739
4 0.177741
4.1 0.176045
4.2 0.172855
4.3 0.164219
4.4 0.146486
4.5 0.147364
4.6 0.14329
4.7 0.130312
4.8 0.13035
4.9 0.123362
5 0.113617
5.1 0.119228
5.2 0.122396
5.3 0.106574
5.4 0.113563
5.5 0.0966807
5.6 0.0829299
5.7 0.0838767
5.8 0.0784882
5.9 0.0976261
6 0.0841998
6.1 0.0822611
6.2 0.0806072
6.3 0.0667806
6.4 0.0641221
6.5 0.0685788
6.6 0.0780667
6.7 0.0645343
6.8 0.0622292
6.9 0.0657096
7 0.0575296
7.1 0.0661206
7.2 0.0650012
7.3 0.0790014
7.4 0.0725359
7.5 0.0829135
7.6 0.0843199
7.7 0.0783639
7.8 0.0696618
7.9 0.0701659
8 0.0627751
8.1 0.057
8.2 0.0564695
8.3 0.0357286
8.4 0.0236872
8.5 0.0114329
8.6 0.0182189
8.7 0.00661962
8.8 0.00517722
8.9 0.0163609
9 0.00768072
9.1 0.00721278
9.2 0.0137939
9.3 0.0249423
9.4 0.0265381
9.5 0.0214693
9.6 0.0266106
9.7 0.0341811
9.8 0.0573856
9.9 0.043442
10 0.0367504
10.1 0.0487166
10.2 0.0585964
10.3 0.0659925
10.4 0.0771276
10.5 0.07193
10.6 0.0760701
10.7 0.0800484
10.8 0.079054
10.9 0.0805875
11 0.074245
11.1 0.077381
11.2 0.0695491
11.3 0.0675243
11.4 0.0752131
11.5 0.086839
11.6 0.0968891
11.7 0.0794744
11.8 0.0859956
11.9 0.0931346
12 0.0927258
12.1 0.107065
12.2 0.104168
12.3 0.108638
12.4 0.11028
12.5 0.117462
12.6 0.125149
12.7 0.118735
12.8 0.10105
12.9 0.0962527
13 0.087936
13.1 0.0859573
13.2 0.0862324
13.3 0.101712
13.4 0.0882216
13.5 0.0931055
13.6 0.0925463
13.7 0.0898132
13.8 0.106673
13.9 0.112767
14 0.111458
14.1 0.117502
14.2 0.125549
14.3 0.127093
14.4 0.137176
14.5 0.154827
14.6 0.152502
14.7 0.160695
14.8 0.170077
14.9 0.17002
15 0.173777
15.1 0.172868
15.2 0.170362
15.3 0.187449
15.4 0.191185
15.5 0.205474
15.6 0.201229
15.7 0.198989
15.8 0.201206
15.9 0.209517
16 0.219776
16.1 0.227501
16.2 0.234715
16.3 0.240738
16.4 0.240135
16.5 0.248201
16.6 0.243821
16.7 0.252862
16.8 0.243837
16.9 0.258311
17 0.254967
17.1 0.243878
17.2 0.233038
17.3 0.2345
17.4 0.230639
17.5 0.212981
17.6 0.235639
17.7 0.243076
17.8 0.25254
17.9 0.257324
18 0.252592
18.1 0.252066
18.2 0.246214
18.3 0.256446
18.4 0.253857
18.5 0.26725
18.6 0.287356
18.7 0.280681
18.8 0.275911
18.9 0.279858
19 0.289686
19.1 0.300876
19.2 0.290578
19.3 0.298341
19.4 0.296722
19.5 0.301923
19.6 0.301778
19.7 0.294017
19.8 0.292307
19.9 0.300433
20 0.30166
20.1 0.283166
20.2 0.300371
20.3 0.305983
20.4 0.299857
20.5 0.302558
20.6 0.317909
20.7 0.316159
20.8 0.333488
20.9 0.339427
21 0.346161
21.1 0.351681
21.2 0.344826
21.3 0.364677
21.4 0.359573
21.5 0.362093
21.6 0.370948
21.7 0.378953
21.8 0.380951
21.9 0.371482
22 0.364978
22.1 0.362056
22.2 0.365503
22.3 0.370709
22.4 0.366443
22.5 0.368125
22.6 0.381558
22.7 0.369238
22.8 0.371044
22.9 0.353992
23 0.360108
23.1 0.373714
23.2 0.369631
23.3 0.376488
23.4 0.385877
23.5 0.393
23.6 0.380447
23.7 0.390197
23.8 0.388894
23.9 0.392705
24 0.392876
24.1 0.404672
24.2 0.400707
24.3 0.389847
24.4 0.378968
24.5 0.377142
24.6 0.357646
24.7 0.371324
24.8 0.363298
24.9 0.376795
25 0.386965
25.1 0.386191
25.2 0.41166
25.3 0.403438
25.4 0.418593
25.5 0.421375
25.6 0.414866
25.7 0.413297
25.8 0.414758
25.9 0.412865
26 0.4109
26.1 0.424052
26.2 0.422223
26.3 0.430863
26.4 0.443769
26.5 0.424455
26.6 0.419596
26.7 0.41978
26.8 0.422528
26.9 0.420112
27 0.433893
27.1 0.429185
27.2 0.44162
27.3 0.43801
27.4 0.44975
27.5 0.44993
27.6 0.450841
27.7 0.43687
27.8 0.427923
27.9 0.421275
28 0.435491
28.1 0.443998
28.2 0.45227
28.3 0.459868
28.4 0.465139
28.5 0.478537
28.6 0.48297
28.7 0.494216
28.8 0.48595
28.9 0.493539
29 0.502316
29.1 0.508797
29.2 0.512713
29.3 0.517137
29.4 0.519813
29.5 0.514968
29.6 0.518447
29.7 0.526411
29.8 0.514633
29.9 0.520606
30 0.523369
30.1 0.531864
30.2 0.541304
30.3 0.540007
30.4 0.544915
30.5 0.555793
30.6 0.556041
30.7 0.549221
30.8 0.543317
30.9 0.553962
31 0.551137
31.1 0.552843
31.2 0.549315
31.3 0.551818
31.4 0.555448
31.5 0.558902
31.6 0.571874
31.7 0.578821
31.8 0.576759
31.9 0.580616
32 0.579843
32.1 0.577208
32.2 0.575187
32.3 0.574693
32.4 0.576424
32.5 0.572681
32.6 0.574118
32.7 0.573175
32.8 0.572423
32.9 0.586729
33 0.58471
33.1 0.58921
33.2 0.593257
33.3 0.594344
33.4 0.597893
33.5 0.599005
33.6 0.60928
33.7 0.618649
33.8 0.619118
33.9 0.616543
34 0.615945
34.1 0.603337
34.2 0.608044
34.3 0.608043
34.4 0.610647
34.5 0.604404
34.6 0.610851
34.7 0.610675
34.8 0.621112
34.9 0.621992
35 0.625304
35.1 0.628966
35.2 0.627544
35.3 0.632938
35.4 0.639157
35.5 0.637607
35.6 0.636621
35.7 0.634409
35.8 0.636274
35.9 0.602414
36 0.609869
36.1 0.603568
36.2 0.612798
36.3 0.610011
36.4 0.624907
36.5 0.612483
36.6 0.621513
36.7 0.626059
36.8 0.628992
36.9 0.633489
37 0.627467
37.1 0.626023
37.2 0.623642
37.3 0.624213
37.4 0.628819
37.5 0.637178
37.6 0.643942
37.7 0.636402
37.8 0.642055
37.9 0.62849
38 0.622095
38.1 0.623686
38.2 0.63144
38.3 0.636142
38.4 0.629699
38.5 0.622038
38.6 0.618543
38.7 0.620736
38.8 0.618529
38.9 0.628707
39 0.626166
39.1 0.630979
39.2 0.635444
39.3 0.635443
39.4 0.633702
39.5 0.635787
39.6 0.633819
39.7 0.628508
39.8 0.630332
39.9 0.617214
40 0.621168
40.1 0.599262
40.2 0.609138
40.3 0.612325
40.4 0.602387
40.5 0.60152
40.6 0.605363
40.7 0.602993
40.8 0.600881
40.9 0.59925
41 0.601688
41.1 0.60538
41.2 0.60497
41.3 0.601291
41.4 0.603722
41.5 0.602715
41.6 0.609141
41.7 0.614348
41.8 0.622629
41.9 0.614546
42 0.613741
42.1 0.617761
42.2 0.616074
42.3 0.61922
42.4 0.614109
42.5 0.603252
42.6 0.611411
42.7 0.619769
42.8 0.618195
42.9 0.61253
43 0.609149
43.1 0.621877
43.2 0.625987
43.3 0.626828
43.4 0.625201
43.5 0.623251
43.6 0.629381
43.7 0.627379
43.8 0.624383
43.9 0.623955
44 0.628905
44.1 0.63022
44.2 0.632646
44.3 0.628183
44.4 0.623302
44.5 0.618199
44.6 0.620133
44.7 0.618521
44.8 0.621
44.9 0.619733
45 0.616731
45.1 0.624602
45.2 0.612938
45.3 0.612112
45.4 0.627067
45.5 0.606048
45.6 0.61159
45.7 0.607403
45.8 0.60782
45.9 0.602533
46 0.598558
46.1 0.602412
46.2 0.608365
46.3 0.612445
46.4 0.611738
46.5 0.614998
46.6 0.61644
46.7 0.618823
46.8 0.621252
46.9 0.625951
47 0.612613
47.1 0.610171
47.2 0.590377
47.3 0.592399
47.4 0.594007
47.5 0.604667
47.6 0.598265
47.7 0.608116
47.8 0.604208
47.9 0.604631
48 0.604742
48.1 0.599855
48.2 0.597749
48.3 0.601446
48.4 0.601509
48.5 0.603588
48.6 0.594696
48.7 0.59087
48.8 0.582142
48.9 0.594076
49 0.600164
49.1 0.60431
49.2 0.595757
49.3 0.587317
49.4 0.579507
49.5 0.587866
49.6 0.587962
49.7 0.593471
49.8 0.608731
49.9 0.588376
50 0.591118
50.1 0.578841
50.2 0.56777
50.3 0.579213
50.4 0.560593
50.5 0.575919
50.6 0.574974
50.7 0.57282
50.8 0.570389
50.9 0.566808
51 0.567957
51.1 0.573236
51.2 0.569827
51.3 0.565364
51.4 0.571639
51.5 0.575463
51.6 0.571838
51.7 0.567209
51.8 0.564994
51.9 0.544535
52 0.55073
52.1 0.556025
52.2 0.55047
52.3 0.552415
52.4 0.551175
52.5 0.559452
52.6 0.553671
52.7 0.557149
52.8 0.540988
52.9 0.542991
53 0.536582
53.1 0.539809
53.2 0.538452
53.3 0.550894
53.4 0.55001
53.5 0.559805
53.6 0.55748
53.7 0.563545
53.8 0.566024
53.9 0.564442
54 0.573854
54.1 0.553976
54.2 0.560987
54.3 0.564789
54.4 0.575609
54.5 0.564561
54.6 0.55468
54.7 0.560458
54.8 0.560408
54.9 0.563118
55 0.558086
55.1 0.569744
55.2 0.56916
55.3 0.564627
55.4 0.563632
55.5 0.55431
55.6 0.536005
55.7 0.529875
55.8 0.536819
55.9 0.533303
56 0.539148
56.1 0.541074
56.2 0.54156
56.3 0.534602
56.4 0.542419
56.5 0.555208
56.6 0.551263
56.7 0.547952
56.8 0.549922
56.9 0.554354
57 0.559309
57.1 0.566201
57.2 0.576299
57.3 0.568541
57.4 0.582117
57.5 0.578595
57.6 0.568298
57.7 0.574401
57.8 0.578783
57.9 0.588092
58 0.597184
58.1 0.598903
58.2 0.603424
58.3 0.597067
58.4 0.602007
58.5 0.597065
58.6 0.606194
58.7 0.610079
58.8 0.615372
58.9 0.625538
59 0.625043
59.1 0.622621
59.2 0.618629
59.3 0.615937
59.4 0.618669
59.5 0.612828
59.6 0.614006
59.7 0.61925
59.8 0.628036
59.9 0.631295
60 0.642102
60.1 0.638629
60.2 0.634999
60.3 0.630183
60.4 0.631792
60.5 0.632116
60.6 0.632519
60.7 0.636068
60.8 0.632643
60.9 0.630873
61 0.627286
61.1 0.636132
61.2 0.627182
61.3 0.636955
61.4 0.628977
61.5 0.635453
61.6 0.622286
61.7 0.622464
61.8 0.617391
61.9 0.627421
62 0.631245
62.1 0.634291
62.2 0.632508
62.3 0.631023
62.4 0.635025
62.5 0.629231
62.6 0.627698
62.7 0.621949
62.8 0.630133
62.9 0.641151
63 0.638974
63.1 0.636601
63.2 0.631644
63.3 0.643369
63.4 0.642875
63.5 0.645454
63.6 0.63806
63.7 0.633907
63.8 0.629365
63.9 0.616971
64 0.612047
64.1 0.606996
64.2 0.595273
64.3 0.576884
64.4 0.577229
64.5 0.589864
64.6 0.580503
64.7 0.571761
64.8 0.584765
64.9 0.590359
65 0.600334
65.1 0.59146
65.2 0.592719
65.3 0.595759
65.4 0.583623
65.5 0.579663
65.6 0.589507
65.7 0.59004
65.8 0.603738
65.9 0.607158
66 0.615269
66.1 0.619142
66.2 0.620271
66.3 0.627489
66.4 0.62735
66.5 0.632578
66.6 0.634184
66.7 0.641499
66.8 0.629751
66.9 0.630523
67 0.636061
67.1 0.638885
67.2 0.635851
67.3 0.626757
67.4 0.623396
67.5 0.620981
67.6 0.610707
67.7 0.620684
67.8 0.613659
67.9 0.621511
68 0.620567
68.1 0.626522
68.2 0.611243
68.3 0.619239
68.4 0.613161
68.5 0.621794
68.6 0.614747
68.7 0.596904
68.8 0.597688
68.9 0.593064
69 0.599318
69.1 0.597197
69.2 0.599435
69.3 0.605601
69.4 0.592558
69.5 0.592551
69.6 0.594545
69.7 0.607833
69.8 0.612606
69.9 0.616863
70 0.613582
70.1 0.614388
70.2 0.621094
70.3 0.628434
70.4 0.623771
70.5 0.624404
70.6 0.625979
70.7 0.621464
70.8 0.621118
70.9 0.629785
71 0.614963
71.1 0.620053
71.2 0.60985
71.3 0.612921
71.4 0.614086
71.5 0.619389
71.6 0.62177
71.7 0.623474
71.8 0.628556
71.9 0.631215
72 0.634796
72.1 0.637135
72.2 0.625825
72.3 0.628354
72.4 0.633891
72.5 0.639778
72.6 0.644616
72.7 0.646114
72.8 0.638985
72.9 0.635361
73 0.64656
73.1 0.656874
73.2 0.646189
73.3 0.649305
73.4 0.652279
73.5 0.654846
73.6 0.657834
73.7 0.651454
73.8 0.650037
73.9 0.657146
74 0.651719
74.1 0.647112
74.2 0.643623
74.3 0.630416
74.4 0.64515
74.5 0.646328
74.6 0.643145
74.7 0.639528
74.8 0.643364
74.9 0.644319
75 0.657458
75.1 0.652429
75.2 0.655584
75.3 0.650892
75.4 0.636991
75.5 0.624134
75.6 0.620986
75.7 0.629344
75.8 0.606583
75.9 0.608683
76 0.612296
76.1 0.621912
76.2 0.624997
76.3 0.616359
76.4 0.617979
76.5 0.620926
76.6 0.619841
76.7 0.607701
76.8 0.609637
76.9 0.614477
77 0.618592
77.1 0.629049
77.2 0.625764
77.3 0.612392
77.4 0.608873
77.5 0.615989
77.6 0.606709
77.7 0.611649
77.8 0.609978
77.9 0.598687
78 0.603867
78.1 0.595634
78.2 0.57905
78.3 0.576762
78.4 0.576082
78.5 0.564287
78.6 0.576174
78.7 0.580222
78.8 0.59409
78.9 0.601142
79 0.601857
79.1 0.602585
79.2 0.604545
79.3 0.602114
79.4 0.6047
79.5 0.588671
79.6 0.586601
79.7 0.588757
79.8 0.574511
79.9 0.583083
80 0.585678
80.1 0.597861
80.2 0.596788
80.3 0.592552
80.4 0.586422
80.5 0.584674
80.6 0.584844
80.7 0.594591
80.8 0.591913
80.9 0.575242
81 0.58664
81.1 0.580771
81.2 0.586252
81.3 0.594292
81.4 0.596018
81.5 0.593652
81.6 0.593618
81.7 0.598011
81.8 0.601044
81.9 0.599633
82 0.59427
82.1 0.59804
82.2 0.582534
82.3 0.589966
82.4 0.590295
82.5 0.594246
82.6 0.599766
82.7 0.604744
82.8 0.609945
82.9 0.601544
83 0.589379
83.1 0.564533
83.2 0.579845
83.3 0.575645
83.4 0.574845
83.5 0.569571
83.6 0.570844
83.7 0.571869
83.8 0.555318
83.9 0.543332
84 0.54889
84.1 0.558952
84.2 0.575058
84.3 0.577483
84.4 0.575046
84.5 0.57858
84.6 0.579175
84.7 0.579323
84.8 0.588934
84.9 0.58831
85 0.59513
85.1 0.596542
85.2 0.595928
85.3 0.584473
85.4 0.591886
85.5 0.591546
85.6 0.595002
85.7 0.597402
85.8 0.599657
85.9 0.604487
86 0.595165
86.1 0.595884
86.2 0.604806
86.3 0.601339
86.4 0.611985
86.5 0.615676
86.6 0.617007
86.7 0.61823
86.8 0.595993
86.9 0.606047
87 0.602381
87.1 0.608351
87.2 0.606523
87.3 0.602824
87.4 0.571415
87.5 0.579383
87.6 0.563483
87.7 0.575359
87.8 0.58114
87.9 0.587058
88 0.58674
88.1 0.591599
88.2 0.594238
88.3 0.586543
88.4 0.592862
88.5 0.588992
88.6 0.590266
88.7 0.578974
88.8 0.57569
88.9 0.566754
89 0.559258
89.1 0.567053
89.2 0.575385
89.3 0.576432
89.4 0.583163
89.5 0.576694
89.6 0.563103
89.7 0.558
89.8 0.558295
89.9 0.560465
90 0.565289
90.1 0.565728
90.2 0.559163
90.3 0.564339
90.4 0.558954
90.5 0.560626
90.6 0.569382
90.7 0.553042
90.8 0.568082
90.9 0.575042
91 0.597222
91.1 0.588534
91.2 0.598217
91.3 0.597662
91.4 0.594128
91.5 0.599417
91.6 0.598698
91.7 0.610808
91.8 0.617135
91.9 0.603904
92 0.597805
92.1 0.607063
92.2 0.604432
92.3 0.606323
92.4 0.60715
92.5 0.60809
92.6 0.572226
92.7 0.571462
92.8 0.573245
92.9 0.580703
93 0.592471
93.1 0.604587
93.2 0.598175
93.3 0.610661
93.4 0.620817
93.5 0.624052
93.6 0.628533
93.7 0.623944
93.8 0.635994
93.9 0.627223
94 0.627205
94.1 0.634887
94.2 0.631457
94.3 0.631826
94.4 0.630544
94.5 0.632679
94.6 0.637668
94.7 0.638634
94.8 0.629653
94.9 0.623145
95 0.61325
95.1 0.618382
95.2 0.610197
95.3 0.611293
95.4 0.611764
95.5 0.602288
95.6 0.603699
95.7 0.606135
95.8 0.615128
95.9 0.598983
96 0.598912
96.1 0.601596
96.2 0.59163
96.3 0.592618
96.4 0.602184
96.5 0.602793
96.6 0.594988
96.7 0.60021
96.8 0.593897
96.9 0.611456
97 0.617857
97.1 0.624861
97.2 0.612793
97.3 0.615081
97.4 0.615127
97.5 0.611811
97.6 0.602709
97.7 0.609558
97.8 0.611477
97.9 0.613589
98 0.612454
98.1 0.613189
98.2 0.606521
98.3 0.61729
98.4 0.622825
98.5 0.626081
98.6 0.620232
98.7 0.622872
98.8 0.624935
98.9 0.622901
99 0.616214
99.1 0.608416
99.2 0.608674
99.3 0.605086
99.4 0.608618
99.5 0.613288
99.6 0.600878
99.7 0.612575
99.8 0.622019
99.9 0.620419
100 0.618397
100.1 0.614603
100.2 0.610675
100.3 0.602076
100.4 0.582372
100.5 0.584778
100.6 0.589159
100.7 0.581256
100.8 0.586621
100.9 0.585099
101 0.578808
101.1 0.578471
101.2 0.559573
101.3 0.572969
101.4 0.572706
101.5 0.56692
101.6 0.574084
101.7 0.557213
101.8 0.543842
101.9 0.55496
102 0.538159
102.1 0.544583
102.2 0.543542
102.3 0.548213
102.4 0.545411
102.5 0.5607
102.6 0.572289
102.7 0.560734
102.8 0.547251
102.9 0.55041
103 0.554614
103.1 0.576085
103.2 0.570952
103.3 0.565853
103.4 0.562157
103.5 0.561421
103.6 0.561192
103.7 0.565256
103.8 0.563458
103.9 0.574015
104 0.576418
104.1 0.563532
104.2 0.563328
104.3 0.572788
104.4 0.578105
104.5 0.567584
104.6 0.559294
104.7 0.559023
104.8 0.562996
104.9 0.567657
105 0.574882
105.1 0.580422
105.2 0.561475
105.3 0.560478
105.4 0.575124
105.5 0.583776
105.6 0.580482
105.7 0.577564
105.8 0.579947
105.9 0.572538
106 0.574319
106.1 0.576518
106.2 0.581551
106.3 0.576565
106.4 0.576289
106.5 0.571137
106.6 0.566851
106.7 0.578197
106.8 0.586046
106.9 0.570495
107 0.574646
107.1 0.573282
107.2 0.567403
107.3 0.574099
107.4 0.586211
107.5 0.590364
107.6 0.593312
107.7 0.593286
107.8 0.593976
107.9 0.586419
108 0.579495
108.1 0.582499
108.2 0.569354
108.3 0.571475
108.4 0.56484
108.5 0.56743
108.6 0.581453
108.7 0.591019
108.8 0.590972
108.9 0.597107
109 0.595531
109.1 0.589754
109.2 0.59107
109.3 0.596066
109.4 0.586809
109.5 0.585504
109.6 0.58631
109.7 0.579405
109.8 0.589683
109.9 0.604487
110 0.618888
110.1 0.624929
110.2 0.631163
110.3 0.645428
110.4 0.646975
110.5 0.645969
110.6 0.637348
110.7 0.618091
110.8 0.623093
110.9 0.619592
111 0.606994
111.1 0.600869
111.2 0.607052
111.3 0.610362
111.4 0.608106
111.5 0.610371
111.6 0.617981
111.7 0.615427
111.8 0.596343
111.9 0.596391
112 0.591772
112.1 0.5901
112.2 0.593584
112.3 0.59368
112.4 0.603342
112.5 0.618046
112.6 0.618275
112.7 0.61977
112.8 0.620542
112.9 0.622326
113 0.621038
113.1 0.623006
113.2 0.621906
113.3 0.611238
113.4 0.613469
113.5 0.619412
113.6 0.628383
113.7 0.634185
113.8 0.633008
113.9 0.635375
114 0.623211
114.1 0.623488
114.2 0.616067
114.3 0.623773
114.4 0.625046
114.5 0.629361
114.6 0.629468
114.7 0.632029
114.8 0.631669
114.9 0.634212
115 0.625158
115.1 0.621534
115.2 0.600659
115.3 0.596994
115.4 0.577891
115.5 0.588341
115.6 0.59342
115.7 0.592087
115.8 0.59346
115.9 0.596971
116 0.598515
116.1 0.592416
116.2 0.601395
116.3 0.601418
116.4 0.603206
116.5 0.607774
116.6 0.606032
116.7 0.601976
116.8 0.592308
116.9 0.588226
117 0.585328
117.1 0.588896
117.2 0.596263
117.3 0.597937
117.4 0.606004
117.5 0.597632
117.6 0.606904
117.7 0.609319
117.8 0.616168
117.9 0.619348
118 0.615638
118.1 0.622297
118.2 0.614716
118.3 0.628047
118.4 0.63184
118.5 0.637983
118.6 0.63603
118.7 0.620567
118.8 0.625843
118.9 0.622834
119 0.629125
119.1 0.6277
119.2 0.631771
119.3 0.633654
119.4 0.639027
119.5 0.639255
119.6 0.63891
119.7 0.641078
119.8 0.641039
119.9 0.637188
120 0.62475
120.1 0.629068
120.2 0.635322
120.3 0.634561
120.4 0.63871
120.5 0.646525
120.6 0.652111
120.7 0.645425
120.8 0.65032
120.9 0.652735
121 0.651113
121.1 0.655508
121.2 0.652898
121.3 0.651738
121.4 0.656984
121.5 0.66213
121.6 0.662882
121.7 0.660344
121.8 0.672593
121.9 0.674894
122 0.651618
122.1 0.652082
122.2 0.649048
122.3 0.652074
122.4 0.658952
122.5 0.658798
122.6 0.662982
122.7 0.658099
122.8 0.642778
122.9 0.63917
123 0.638156
123.1 0.642421
123.2 0.646593
123.3 0.646347
123.4 0.654452
123.5 0.651856
123.6 0.65572
123.7 0.642514
123.8 0.641995
123.9 0.638285
124 0.641846
124.1 0.62388
124.2 0.627887
124.3 0.636899
124.4 0.638366
124.5 0.634064
124.6 0.640103
124.7 0.643
124.8 0.648113
124.9 0.642628
125 0.633837
125.1 0.63428
125.2 0.636269
125.3 0.62134
125.4 0.615987
125.5 0.623324
125.6 0.631149
125.7 0.627506
125.8 0.619636
125.9 0.627471
126 0.629082
126.1 0.632025
126.2 0.633299
126.3 0.643548
126.4 0.644115
126.5 0.645521
126.6 0.623293
126.7 0.614257
126.8 0.618782
126.9 0.624251
127 0.633453
127.1 0.621727
127.2 0.603011
127.3 0.607645
127.4 0.627477
127.5 0.599599
127.6 0.582058
127.7 0.574631
127.8 0.572332
127.9 0.560921
128 0.571926
128.1 0.569591
128.2 0.580657
128.3 0.577535
128.4 0.589809
128.5 0.586826
128.6 0.59024
128.7 0.583713
128.8 0.577365
128.9 0.583623
129 0.585216
129.1 0.584379
129.2 0.592564
129.3 0.589468
129.4 0.60098
129.5 0.606076
129.6 0.607167
129.7 0.618446
129.8 0.617011
129.9 0.606749
130 0.605263
130.1 0.60512
130.2 0.611813
130.3 0.60359
130.4 0.608887
130.5 0.604896
130.6 0.602921
130.7 0.595192
130.8 0.59084
130.9 0.59742
131 0.606987
131.1 0.614266
131.2 0.617351
131.3 0.612752
131.4 0.609663
131.5 0.616271
131.6 0.625359
131.7 0.613909
131.8 0.61568
131.9 0.613615
132 0.603584
132.1 0.599473
132.2 0.595416
132.3 0.601037
132.4 0.603107
132.5 0.599087
132.6 0.600379
132.7 0.594108
132.8 0.588034
132.9 0.601338
133 0.606113
133.1 0.612658
133.2 0.598213
133.3 0.588832
133.4 0.593494
133.5 0.604275
133.6 0.606214
133.7 0.612775
133.8 0.612929
133.9 0.600093
134 0.60315
134.1 0.591297
134.2 0.577156
134.3 0.588944
134.4 0.59445
134.5 0.582194
134.6 0.575319
134.7 0.580357
134.8 0.585646
134.9 0.594667
135 0.600184
135.1 0.610055
135.2 0.606941
135.3 0.609047
135.4 0.610051
135.5 0.595392
135.6 0.584654
135.7 0.584099
135.8 0.578304
135.9 0.590228
136 0.583335
136.1 0.577494
136.2 0.567258
136.3 0.566135
136.4 0.548004
136.5 0.561546
136.6 0.56197
136.7 0.552515
136.8 0.551897
136.9 0.561284
137 0.563534
137.1 0.567967
137.2 0.560637
137.3 0.567082
137.4 0.561672
137.5 0.554336
137.6 0.559586
137.7 0.567901
137.8 0.537954
137.9 0.537431
138 0.511246
138.1 0.516189
138.2 0.518163
138.3 0.532628
138.4 0.54094
138.5 0.546733
138.6 0.54704
138.7 0.553615
138.8 0.538138
138.9 0.557859
139 0.569724
139.1 0.566475
139.2 0.575157
139.3 0.586714
139.4 0.591701
139.5 0.593952
139.6 0.599449
139.7 0.587648
139.8 0.586677
139.9 0.583965
140 0.579747
140.1 0.586099
140.2 0.583407
140.3 0.580682
140.4 0.582703
140.5 0.58837
140.6 0.571723
140.7 0.577203
140.8 0.576604
140.9 0.576343
141 0.580601
141.1 0.596672
141.2 0.601576
141.3 0.599375
141.4 0.595875
141.5 0.599019
141.6 0.59528
141.7 0.60475
141.8 0.597977
141.9 0.591327
142 0.587803
142.1 0.585676
142.2 0.594237
142.3 0.60053
142.4 0.597056
142.5 0.605577
142.6 0.6126
142.7 0.606576
142.8 0.619989
142.9 0.62175
143 0.625459
143.1 0.624777
143.2 0.613323
143.3 0.611858
143.4 0.603381
143.5 0.609069
143.6 0.615056
143.7 0.620916
143.8 0.616696
143.9 0.621952
144 0.608542
144.1 0.61375
144.2 0.618087
144.3 0.62671
144.4 0.633751
144.5 0.621532
144.6 0.61442
144.7 0.584567
144.8 0.580447
144.9 0.586765
145 0.582889
145.1 0.583289
145.2 0.580565
145.3 0.583806
145.4 0.592352
145.5 0.599029
145.6 0.593798
145.7 0.599126
145.8 0.600093
145.9 0.588902
146 0.598059
146.1 0.596249
146.2 0.599451
146.3 0.599764
146.4 0.594164
146.5 0.599007
146.6 0.603559
146.7 0.604924
146.8 0.594427
146.9 0.589997
147 0.588158
147.1 0.594603
147.2 0.602114
147.3 0.599063
147.4 0.592665
147.5 0.595767
147.6 0.580575
147.7 0.587548
147.8 0.598011
147.9 0.595141
148 0.593592
148.1 0.587317
148.2 0.594357
148.3 0.60668
148.4 0.601105
148.5 0.599532
148.6 0.589553
148.7 0.589531
148.8 0.593872
148.9 0.594508
149 0.591757
149.1 0.591212
149.2 0.60004
149.3 0.5847
149.4 0.596985
149.5 0.600683
149.6 0.600848
149.7 0.586675
149.8 0.586908
149.9 0.591437
150 0.587586
150.1 0.589376
150.2 0.594282
150.3 0.58974
150.4 0.587667
150.5 0.591729
150.6 0.596797
150.7 0.593508
150.8 0.597919
150.9 0.600762
151 0.585493
151.1 0.603969
151.2 0.604538
151.3 0.60677
151.4 0.608135
151.5 0.596547
151.6 0.602742
151.7 0.597454
151.8 0.593241
151.9 0.591819
152 0.591499
152.1 0.599885
152.2 0.596733
152.3 0.595875
152.4 0.59632
152.5 0.606784
152.6 0.60784
152.7 0.616242
152.8 0.617163
152.9 0.609744
153 0.617359
153.1 0.624055
153.2 0.619
153.3 0.619086
153.4 0.613743
153.5 0.620746
153.6 0.611123
153.7 0.620175
153.8 0.619812
153.9 0.618239
154 0.609545
154.1 0.600911
154.2 0.581228
154.3 0.583733
154.4 0.594781
154.5 0.597458
154.6 0.598117
154.7 0.598177
154.8 0.593394
154.9 0.58519
155 0.57919
155.1 0.574927
155.2 0.586217
155.3 0.59375
155.4 0.593067
155.5 0.60742
155.6 0.611734
155.7 0.612922
155.8 0.616368
155.9 0.626308
156 0.632812
156.1 0.63203
156.2 0.641844
156.3 0.649292
156.4 0.647379
156.5 0.633243
156.6 0.633142
156.7 0.640685
156.8 0.639236
156.9 0.637318
157 0.637368
157.1 0.646832
157.2 0.646636
157.3 0.646153
157.4 0.644301
157.5 0.638376
157.6 0.627707
157.7 0.627885
157.8 0.611317
157.9 0.609802
158 0.610978
158.1 0.61146
158.2 0.618112
158.3 0.622097
158.4 0.623038
158.5 0.628484
158.6 0.633729
158.7 0.635717
158.8 0.626624
158.9 0.617263
159 0.624262
159.1 0.628804
159.2 0.633649
159.3 0.632076
159.4 0.631805
159.5 0.642989
159.6 0.648213
159.7 0.637227
159.8 0.6419
159.9 0.637902
160 0.644967
160.1 0.655305
160.2 0.655258
160.3 0.659978
160.4 0.651259
160.5 0.637267
160.6 0.642987
160.7 0.643187
160.8 0.648798
160.9 0.652099
161 0.65643
161.1 0.648154
161.2 0.648162
161.3 0.644857
161.4 0.643438
161.5 0.630539
161.6 0.637241
161.7 0.635273
161.8 0.637262
161.9 0.641046
162 0.640505
162.1 0.639946
162.2 0.637403
162.3 0.635242
162.4 0.63332
162.5 0.625353
162.6 0.624414
162.7 0.623987
162.8 0.628415
162.9 0.635394
163 0.641504
163.1 0.648244
163.2 0.649544
163.3 0.648771
163.4 0.624574
163.5 0.621629
163.6 0.631982
163.7 0.611828
163.8 0.597724
163.9 0.609918
164 0.623931
164.1 0.628734
164.2 0.630696
164.3 0.629695
164.4 0.635879
164.5 0.632631
164.6 0.635304
164.7 0.629977
164.8 0.626773
164.9 0.612756
165 0.603547
165.1 0.610942
165.2 0.61003
165.3 0.620145
165.4 0.611949
165.5 0.614687
165.6 0.613722
165.7 0.620877
165.8 0.628053
165.9 0.629257
166 0.629479
166.1 0.626575
166.2 0.631609
166.3 0.629302
166.4 0.627516
166.5 0.635412
166.6 0.630462
166.7 0.618299
166.8 0.62489
166.9 0.624878
167 0.622464
167.1 0.61253
167.2 0.622026
167.3 0.606144
167.4 0.598754
167.5 0.597713
167.6 0.602252
167.7 0.59614
167.8 0.596957
167.9 0.603076
168 0.608134
168.1 0.620217
168.2 0.616081
168.3 0.611911
168.4 0.613545
168.5 0.624457
168.6 0.615599
168.7 0.607764
168.8 0.606191
168.9 0.605077
169 0.603511
169.1 0.594051
169.2 0.580318
169.3 0.578779
169.4 0.579386
169.5 0.581554
169.6 0.586224
169.7 0.584003
169.8 0.585215
169.9 0.569247
170 0.575852
170.1 0.573211
170.2 0.578026
170.3 0.586924
170.4 0.570481
170.5 0.579842
170.6 0.581119
170.7 0.581384
170.8 0.577696
170.9 0.582637
171 0.585108
171.1 0.603914
171.2 0.604715
171.3 0.616942
171.4 0.615372
171.5 0.604751
171.6 0.603453
171.7 0.601222
171.8 0.608672
171.9 0.614959
172 0.620354
172.1 0.61624
172.2 0.616408
172.3 0.62059
172.4 0.607825
172.5 0.599314
172.6 0.598172
172.7 0.598063
172.8 0.603779
172.9 0.608514
173 0.604339
173.1 0.604654
173.2 0.607812
173.3 0.607699
173.4 0.603992
173.5 0.611369
173.6 0.620057
173.7 0.619839
173.8 0.630161
173.9 0.62901
174 0.62794
174.1 0.619284
174.2 0.618991
174.3 0.623424
174.4 0.615703
174.5 0.606199
174.6 0.618735
174.7 0.622305
174.8 0.629161
174.9 0.624954
175 0.629369
175.1 0.628273
175.2 0.626559
175.3 0.617884
175.4 0.614619
175.5 0.616177
175.6 0.60852
175.7 0.599887
175.8 0.603587
175.9 0.605178
176 0.608885
176.1 0.611485
176.2 0.608498
176.3 0.601719
176.4 0.595454
176.5 0.602198
176.6 0.617704
176.7 0.607692
176.8 0.602958
176.9 0.595449
177 0.581384
177.1 0.588978
177.2 0.595329
177.3 0.59159
177.4 0.577095
177.5 0.584293
177.6 0.575318
177.7 0.563801
177.8 0.564597
177.9 0.570145
178 0.581939
178.1 0.572377
178.2 0.581289
178.3 0.584276
178.4 0.5851
178.5 0.579458
178.6 0.580277
178.7 0.567373
178.8 0.56645
178.9 0.569258
179 0.578289
179.1 0.587769
179.2 0.579793
179.3 0.583563
179.4 0.574998
179.5 0.568453
179.6 0.539848
179.7 0.545865
179.8 0.546675
179.9 0.55388
180 0.562704
180.1 0.566982
180.2 0.572178
180.3 0.567816
180.4 0.578544
180.5 0.577828
180.6 0.571589
180.7 0.57431
180.8 0.574608
180.9 0.56253
181 0.564509
181.1 0.558981
181.2 0.560291
181.3 0.557905
181.4 0.553932
181.5 0.561963
181.6 0.556681
181.7 0.542613
181.8 0.544046
181.9 0.549293
182 0.560048
182.1 0.557612
182.2 0.557308
182.3 0.558839
182.4 0.558333
182.5 0.562291
182.6 0.57265
182.7 0.577324
182.8 0.566126
182.9 0.577898
183 0.577089
183.1 0.579087
183.2 0.586871
183.3 0.568684
183.4 0.572279
183.5 0.570057
183.6 0.560614
183.7 0.551154
183.8 0.544624
183.9 0.566354
184 0.5613
184.1 0.534278
184.2 0.535917
184.3 0.511825
184.4 0.523975
184.5 0.532721
184.6 0.537924
184.7 0.542606
184.8 0.530131
184.9 0.528503
185 0.521041
185.1 0.521303
185.2 0.534103
185.3 0.531734
185.4 0.524127
185.5 0.52779
185.6 0.528302
185.7 0.530153
185.8 0.538624
185.9 0.510259
186 0.507033
186.1 0.499158
186.2 0.509926
186.3 0.509668
186.4 0.507729
186.5 0.506531
186.6 0.502952
186.7 0.507307
186.8 0.5187
186.9 0.531746
187 0.522289
187.1 0.527908
187.2 0.540367
187.3 0.531448
187.4 0.525953
187.5 0.525129
187.6 0.53282
187.7 0.531505
187.8 0.522839
187.9 0.51677
188 0.520449
188.1 0.516407
188.2 0.517145
188.3 0.52138
188.4 0.52489
188.5 0.527732
188.6 0.538399
188.7 0.543722
188.8 0.545377
188.9 0.552178
189 0.554148
189.1 0.54804
189.2 0.557133
189.3 0.553201
189.4 0.5329
189.5 0.542101
189.6 0.548012
189.7 0.539178
189.8 0.552571
189.9 0.559921
190 0.562706
190.1 0.56683
190.2 0.570673
190.3 0.566557
190.4 0.569361
190.5 0.578184
190.6 0.584313
190.7 0.58305
190.8 0.581663
190.9 0.572771
191 0.574274
191.1 0.587722
191.2 0.591513
191.3 0.57657
191.4 0.565932
191.5 0.576778
191.6 0.575136
191.7 0.561285
191.8 0.574252
191.9 0.57478
192 0.562065
192.1 0.572525
192.2 0.568982
192.3 0.560476
192.4 0.562491
192.5 0.582406
192.6 0.573574
192.7 0.570734
192.8 0.57245
192.9 0.573852
193 0.569247
193.1 0.566215
193.2 0.579741
193.3 0.585603
193.4 0.587433
193.5 0.588514
193.6 0.596483
193.7 0.595252
193.8 0.585116
193.9 0.596771
194 0.606961
194.1 0.616501
194.2 0.612885
194.3 0.622746
194.4 0.621897
194.5 0.627521
194.6 0.617853
194.7 0.619374
194.8 0.619482
194.9 0.61936
195 0.626732
195.1 0.612906
195.2 0.592622
195.3 0.600893
195.4 0.585405
195.5 0.589738
195.6 0.581004
195.7 0.583927
195.8 0.587934
195.9 0.57195
196 0.56347
196.1 0.574805
196.2 0.574042
196.3 0.577377
196.4 0.573484
196.5 0.578976
196.6 0.580304
196.7 0.588761
196.8 0.5885
196.9 0.581108
197 0.569441
197.1 0.561857
197.2 0.563045
197.3 0.550469
197.4 0.545889
197.5 0.535407
197.6 0.539389
197.7 0.529587
197.8 0.524004
197.9 0.520433
198 0.493604
198.1 0.494628
198.2 0.497372
198.3 0.500004
198.4 0.492686
198.5 0.499575
198.6 0.509872
198.7 0.514115
198.8 0.515637
198.9 0.52147
199 0.528985
199.1 0.523968
199.2 0.542991
199.3 0.543986
199.4 0.547735
199.5 0.540829
199.6 0.55009
199.7 0.563107
199.8 0.579741
199.9 0.576943
200 0.579371
200.1 0.587711
200.2 0.591921
200.3 0.58517
200.4 0.578216
200.5 0.580193
200.6 0.588623
200.7 0.588247
200.8 0.579677
200.9 0.56108
201 0.570686
201.1 0.570708
201.2 0.564409
201.3 0.565995
201.4 0.577706
201.5 0.587893
201.6 0.593982
201.7 0.580854
201.8 0.591801
201.9 0.588949
202 0.579593
202.1 0.582464
202.2 0.581403
202.3 0.556679
202.4 0.551913
202.5 0.553308
202.6 0.555209
202.7 0.550138
202.8 0.553184
202.9 0.554799
203 0.560257
203.1 0.561072
203.2 0.571518
203.3 0.572374
203.4 0.570479
203.5 0.571299
203.6 0.559881
203.7 0.556632
203.8 0.565456
203.9 0.555602
204 0.562884
204.1 0.56571
204.2 0.558653
204.3 0.564903
204.4 0.570018
204.5 0.558912
204.6 0.550883
204.7 0.547606
204.8 0.544711
204.9 0.551402
205 0.555338
205.1 0.546817
205.2 0.555637
205.3 0.554739
205.4 0.56722
205.5 0.566773
205.6 0.568227
205.7 0.572758
205.8 0.57612
205.9 0.572496
206 0.57194
206.1 0.579042
206.2 0.581146
206.3 0.58647
206.4 0.573659
206.5 0.590227
206.6 0.596322
206.7 0.595413
206.8 0.601947
206.9 0.603875
207 0.611539
207.1 0.616294
207.2 0.615016
207.3 0.617549
207.4 0.613227
207.5 0.612019
207.6 0.60898
207.7 0.605896
207.8 0.61091
207.9 0.60329
208 0.601371
208.1 0.601754
208.2 0.59382
208.3 0.600324
208.4 0.60349
208.5 0.598332
208.6 0.594782
208.7 0.595928
208.8 0.605097
208.9 0.606525
209 0.610386
209.1 0.617378
209.2 0.621681
209.3 0.625512
209.4 0.629693
209.5 0.624162
209.6 0.613698
209.7 0.616255
209.8 0.619339
209.9 0.619062
210 0.62135
210.1 0.624166
210.2 0.627528
210.3 0.632988
210.4 0.643178
210.5 0.650061
210.6 0.649181
210.7 0.656927
210.8 0.655528
210.9 0.66392
211 0.662512
211.1 0.665898
211.2 0.664796
211.3 0.656855
211.4 0.668575
211.5 0.665953
211.6 0.658718
211.7 0.657842
211.8 0.656629
211.9 0.654947
212 0.663628
212.1 0.669409
212.2 0.675633
212.3 0.666757
212.4 0.672004
212.5 0.673829
212.6 0.673728
212.7 0.670862
212.8 0.681663
212.9 0.67215
213 0.67485
213.1 0.667325
213.2 0.659506
213.3 0.659049
213.4 0.658413
213.5 0.657894
213.6 0.641372
213.7 0.644715
213.8 0.635819
213.9 0.646994
214 0.649851
214.1 0.648869
214.2 0.656606
214.3 0.666012
214.4 0.664184
214.5 0.668811
214.6 0.674285
214.7 0.658708
214.8 0.65171
214.9 0.638444
215 0.623512
215.1 0.627686
215.2 0.619819
215.3 0.617163
215.4 0.623833
215.5 0.629953
215.6 0.627881
215.7 0.632051
215.8 0.633612
215.9 0.631609
216 0.62637
216.1 0.635781
216.2 0.635602
216.3 0.625518
216.4 0.633482
216.5 0.634685
216.6 0.638963
216.7 0.637096
216.8 0.629986
216.9 0.631126
217 0.625159
217.1 0.626138
217.2 0.629011
217.3 0.632276
217.4 0.624821
217.5 0.617215
217.6 0.617241
217.7 0.608312
217.8 0.614283
217.9 0.611494
218 0.599107
218.1 0.589138
218.2 0.588241
218.3 0.584929
218.4 0.581426
218.5 0.586264
218.6 0.568202
218.7 0.566485
218.8 0.544999
218.9 0.544077
219 0.55051
219.1 0.554897
219.2 0.55725
219.3 0.554693
219.4 0.553568
219.5 0.574608
219.6 0.580767
219.7 0.579856
219.8 0.583224
219.9 0.571418
220 0.565367
220.1 0.572106
220.2 0.548022
220.3 0.537023
220.4 0.5247
220.5 0.531996
220.6 0.543941
220.7 0.541562
220.8 0.526794
220.9 0.533095
221 0.541427
221.1 0.556369
221.2 0.548316
221.3 0.545849
221.4 0.552373
221.5 0.557584
221.6 0.567929
221.7 0.564159
221.8 0.563795
221.9 0.569138
222 0.582554
222.1 0.579778
222.2 0.581643
222.3 0.582139
222.4 0.559731
222.5 0.563041
222.6 0.566876
222.7 0.561569
222.8 0.563547
222.9 0.571658
223 0.565909
223.1 0.574511
223.2 0.571033
223.3 0.565123
223.4 0.569333
223.5 0.566443
223.6 0.559411
223.7 0.570765
223.8 0.556128
223.9 0.553384
224 0.560274
224.1 0.549223
224.2 0.551386
224.3 0.564943
224.4 0.567151
224.5 0.572687
224.6 0.553657
224.7 0.554106
224.8 0.5577
224.9 0.568671
225 0.578152
225.1 0.564795
225.2 0.567002
225.3 0.571528
225.4 0.583086
225.5 0.570997
225.6 0.569223
225.7 0.580525
225.8 0.58194
225.9 0.592526
226 0.598714
226.1 0.598218
226.2 0.600848
226.3 0.605827
226.4 0.612653
226.5 0.616205
226.6 0.621894
226.7 0.622227
226.8 0.61823
226.9 0.622698
227 0.625391
227.1 0.644208
227.2 0.64263
227.3 0.638596
227.4 0.642475
227.5 0.649641
227.6 0.644933
227.7 0.653967
227.8 0.651127
227.9 0.640578
228 0.631453
228.1 0.623713
228.2 0.628937
228.3 0.626164
228.4 0.63274
228.5 0.628492
228.6 0.626308
228.7 0.60756
228.8 0.601424
228.9 0.601064
229 0.591558
229.1 0.593191
229.2 0.581324
229.3 0.582528
229.4 0.572022
229.5 0.557064
229.6 0.558733
229.7 0.564638
229.8 0.575667
229.9 0.57753
230 0.572232
230.1 0.582248
230.2 0.587744
230.3 0.601618
230.4 0.610913
230.5 0.598471
230.6 0.608296
230.7 0.603045
230.8 0.607975
230.9 0.599315
231 0.597244
231.1 0.607487
231.2 0.614571
231.3 0.609622
231.4 0.616309
231.5 0.621788
231.6 0.614592
231.7 0.61868
231.8 0.634016
231.9 0.64018
232 0.62836
232.1 0.627538
232.2 0.612091
232.3 0.607705
232.4 0.605336
232.5 0.614942
232.6 0.618953
232.7 0.620702
232.8 0.617196
232.9 0.625618
233 0.617624
233.1 0.614244
233.2 0.602402
233.3 0.605089
233.4 0.59214
233.5 0.586716
233.6 0.587254
233.7 0.589169
233.8 0.599326
233.9 0.607209
234 0.622877
234.1 0.631734
234.2 0.625452
234.3 0.624966
234.4 0.626728
234.5 0.617731
234.6 0.619992
234.7 0.61633
234.8 0.61435
234.9 0.611604
235 0.614319
235.1 0.621264
235.2 0.619951
235.3 0.61683
235.4 0.62368
235.5 0.637966
235.6 0.648388
235.7 0.627807
235.8 0.623065
235.9 0.635583
236 0.631715
236.1 0.638013
236.2 0.631344
236.3 0.627544
236.4 0.625858
236.5 0.632463
236.6 0.640333
236.7 0.62688
236.8 0.617806
236.9 0.611411
237 0.61261
237.1 0.618446
237.2 0.629923
237.3 0.631556
237.4 0.624417
237.5 0.621575
237.6 0.620733
237.7 0.623361
237.8 0.620793
237.9 0.621179
238 0.6314
238.1 0.629809
238.2 0.633622
238.3 0.638379
238.4 0.626707
238.5 0.623726
238.6 0.618698
238.7 0.605733
238.8 0.606918
238.9 0.606527
239 0.613157
239.1 0.616101
239.2 0.62706
239.3 0.624477
239.4 0.624494
239.5 0.63449
239.6 0.64356
239.7 0.639466
239.8 0.639592
239.9 0.648449
240 0.657839
240.1 0.660702
240.2 0.648144
240.3 0.649666
240.4 0.648544
240.5 0.651886
240.6 0.661443
240.7 0.660877
240.8 0.647009
240.9 0.644653
241 0.645826
241.1 0.637779
241.2 0.638596
241.3 0.639866
241.4 0.639265
241.5 0.628951
241.6 0.625771
241.7 0.626455
241.8 0.621176
241.9 0.607803
242 0.62113
242.1 0.617609
242.2 0.62011
242.3 0.622455
242.4 0.638737
242.5 0.636643
242.6 0.627391
242.7 0.630423
242.8 0.625396
242.9 0.609695
243 0.605068
243.1 0.6154
243.2 0.6158
243.3 0.609113
243.4 0.615371
243.5 0.616186
243.6 0.604623
243.7 0.606645
243.8 0.607222
243.9 0.620877
244 0.612796
244.1 0.624736
244.2 0.635813
244.3 0.639487
244.4 0.627574
244.5 0.631461
244.6 0.625985
244.7 0.619929
244.8 0.608455
244.9 0.607256
245 0.603748
245.1 0.608435
245.2 0.612163
245.3 0.618398
245.4 0.616791
245.5 0.622881
245.6 0.638343
245.7 0.643598
245.8 0.643826
245.9 0.646157
246 0.649428
246.1 0.633552
246.2 0.640257
246.3 0.633119
246.4 0.633786
246.5 0.649212
246.6 0.652642
246.7 0.649269
246.8 0.639486
246.9 0.637472
247 0.643498
247.1 0.645981
247.2 0.634989
247.3 0.63516
247.4 0.609449
247.5 0.629528
247.6 0.639718
247.7 0.636662
247.8 0.628688
247.9 0.634809
248 0.638469
248.1 0.621191
248.2 0.622462
248.3 0.627384
248.4 0.631984
248.5 0.635979
248.6 0.645342
248.7 0.646733
248.8 0.647029
248.9 0.647402
249 0.645064
249.1 0.636077
249.2 0.637733
249.3 0.634632
249.4 0.641009
249.5 0.648676
249.6 0.653119
249.7 0.644234
249.8 0.6275
249.9 0.61868
250 0.626563
250.1 0.621364
250.2 0.622489
250.3 0.608376
250.4 0.614884
250.5 0.615028
250.6 0.614326
250.7 0.625006
250.8 0.631452
250.9 0.631632
251 0.623347
251.1 0.629599
251.2 0.632213
251.3 0.63088
251.4 0.634497
251.5 0.640068
251.6 0.621413
251.7 0.632838
251.8 0.625749
251.9 0.633069
252 0.632754
252.1 0.638233
252.2 0.622314
252.3 0.624983
252.4 0.630447
252.5 0.633486
252.6 0.616122
252.7 0.624642
252.8 0.620007
252.9 0.619506
253 0.623996
253.1 0.621163
253.2 0.630053
253.3 0.627941
253.4 0.619607
253.5 0.614101
253.6 0.614136
253.7 0.608309
253.8 0.621983
253.9 0.623636
254 0.622839
254.1 0.63845
254.2 0.626851
254.3 0.637841
254.4 0.646365
254.5 0.653497
254.6 0.649345
254.7 0.642757
254.8 0.63566
254.9 0.635863
255 0.637809
255.1 0.641974
255.2 0.645748
255.3 0.648867
255.4 0.642987
255.5 0.637334
255.6 0.639801
255.7 0.64948
255.8 0.657136
255.9 0.670602
256 0.668776
256.1 0.670332
256.2 0.669226
256.3 0.677467
256.4 0.672302
256.5 0.680221
256.6 0.670611
256.7 0.667577
256.8 0.65786
256.9 0.662249
257 0.657266
257.1 0.649593
257.2 0.637367
257.3 0.631925
257.4 0.634995
257.5 0.636189
257.6 0.618649
257.7 0.622134
257.8 0.612293
257.9 0.592957
258 0.597206
258.1 0.595068
258.2 0.601743
258.3 0.621134
258.4 0.630932
258.5 0.621967
258.6 0.631585
258.7 0.628856
258.8 0.619828
258.9 0.629161
259 0.632241
259.1 0.636604
259.2 0.63933
259.3 0.648705
259.4 0.63041
259.5 0.628661
259.6 0.618312
259.7 0.621976
259.8 0.633086
259.9 0.621451
260 0.636983
260.1 0.637636
260.2 0.652393
260.3 0.647676
260.4 0.635777
260.5 0.636371
260.6 0.652567
260.7 0.653767
260.8 0.642462
260.9 0.637456
261 0.636613
261.1 0.633121
261.2 0.629567
261.3 0.621355
261.4 0.626206
261.5 0.63268
261.6 0.644257
261.7 0.644803
261.8 0.626001
261.9 0.628954
262 0.636776
262.1 0.638163
262.2 0.641406
262.3 0.644141
262.4 0.638741
262.5 0.631773
262.6 0.641439
262.7 0.638098
262.8 0.638891
262.9 0.645495
263 0.636345
263.1 0.639538
263.2 0.636488
263.3 0.637531
263.4 0.643861
263.5 0.636098
263.6 0.632252
263.7 0.626959
263.8 0.61972
263.9 0.612872
264 0.611262
264.1 0.612229
264.2 0.628581
264.3 0.635971
264.4 0.641485
264.5 0.641844
264.6 0.646494
264.7 0.650897
264.8 0.641264
264.9 0.645188
265 0.647942
265.1 0.635675
265.2 0.634474
265.3 0.626569
265.4 0.634198
265.5 0.639433
265.6 0.633679
265.7 0.627112
265.8 0.632816
265.9 0.630539
266 0.632034
266.1 0.632928
266.2 0.631132
266.3 0.628344
266.4 0.620129
266.5 0.611045
266.6 0.619649
266.7 0.619132
266.8 0.62676
266.9 0.633584
267 0.634324
267.1 0.630101
267.2 0.621864
267.3 0.624183
267.4 0.628969
267.5 0.632782
267.6 0.628966
267.7 0.611861
267.8 0.619215
267.9 0.610457
268 0.592673
268.1 0.604278
268.2 0.598749
268.3 0.586189
268.4 0.596841
268.5 0.591945
268.6 0.583885
268.7 0.583185
268.8 0.583724
268.9 0.575798
269 0.58764
269.1 0.589856
269.2 0.589628
269.3 0.594293
269.4 0.598614
269.5 0.594785
269.6 0.596812
269.7 0.595985
269.8 0.60092
269.9 0.604076
270 0.586026
270.1 0.593872
270.2 0.605887
270.3 0.601763
270.4 0.585997
270.5 0.588426
270.6 0.594244
270.7 0.593407
270.8 0.602226
270.9 0.598894
271 0.591496
271.1 0.589594
271.2 0.59342
271.3 0.590952
271.4 0.604813
271.5 0.615171
271.6 0.61879
271.7 0.623933
271.8 0.610345
271.9 0.609426
272 0.59597
272.1 0.594382
272.2 0.59439
272.3 0.588354
272.4 0.588137
272.5 0.597231
272.6 0.611259
272.7 0.615785
272.8 0.617668
272.9 0.608595
273 0.58928
273.1 0.589922
273.2 0.59337
273.3 0.594873
273.4 0.602372
273.5 0.605204
273.6 0.608986
273.7 0.612571
273.8 0.614171
273.9 0.622801
274 0.624646
274.1 0.624047
274.2 0.616037
274.3 0.623002
274.4 0.626909
274.5 0.615178
274.6 0.615339
274.7 0.61913
274.8 0.615222
274.9 0.626087
275 0.631441
275.1 0.64009
275.2 0.642725
275.3 0.638996
275.4 0.636449
275.5 0.6278
275.6 0.637437
275.7 0.639224
275.8 0.632994
275.9 0.629062
276 0.630765
276.1 0.637269
276.2 0.633589
276.3 0.634134
276.4 0.639217
276.5 0.638327
276.6 0.637896
276.7 0.626424
276.8 0.632612
276.9 0.622802
277 0.614611
277.1 0.612186
277.2 0.609489
277.3 0.624665
277.4 0.62483
277.5 0.6299
277.6 0.628244
277.7 0.633059
277.8 0.624381
277.9 0.62823
278 0.633449
278.1 0.628926
278.2 0.611657
278.3 0.618144
278.4 0.630594
278.5 0.639816
278.6 0.644072
278.7 0.643307
278.8 0.650281
278.9 0.64592
279 0.656773
279.1 0.657691
279.2 0.644681
279.3 0.64242
279.4 0.637994
279.5 0.631199
279.6 0.643066
279.7 0.641514
279.8 0.644016
279.9 0.642415
280 0.649744
280.1 0.652614
280.2 0.665091
280.3 0.659399
280.4 0.661481
280.5 0.6571
280.6 0.64593
280.7 0.645031
280.8 0.638029
280.9 0.637331
281 0.638633
281.1 0.633761
281.2 0.616505
281.3 0.610648
281.4 0.610448
281.5 0.615374
281.6 0.61806
281.7 0.620073
281.8 0.625892
281.9 0.629824
282 0.636525
282.1 0.644684
282.2 0.629189
282.3 0.623097
282.4 0.620381
282.5 0.606696
282.6 0.600816
282.7 0.606705
282.8 0.603835
282.9 0.600366
283 0.602522
283.1 0.603278
283.2 0.59724
283.3 0.594971
283.4 0.596498
283.5 0.587632
283.6 0.595731
283.7 0.596294
283.8 0.594501
283.9 0.583512
284 0.590741
284.1 0.569815
284.2 0.565495
284.3 0.56936
284.4 0.568469
284.5 0.575578
284.6 0.582424
284.7 0.583896
284.8 0.59201
284.9 0.599053
285 0.598401
285.1 0.594357
285.2 0.597223
285.3 0.588761
285.4 0.592916
285.5 0.59098
285.6 0.587031
285.7 0.585276
285.8 0.585306
285.9 0.589088
286 0.590304
286.1 0.589714
286.2 0.594032
286.3 0.593036
286.4 0.598032
286.5 0.594754
286.6 0.596129
286.7 0.607156
286.8 0.611614
286.9 0.601695
287 0.606217
287.1 0.611547
287.2 0.605915
287.3 0.605416
287.4 0.606647
287.5 0.594993
287.6 0.590514
287.7 0.592279
287.8 0.60573
287.9 0.590565
288 0.587495
288.1 0.578769
288.2 0.576909
288.3 0.5853
288.4 0.596543
288.5 0.607815
288.6 0.619341
288.7 0.631267
288.8 0.623304
288.9 0.621171
289 0.611176
289.1 0.610213
289.2 0.607268
289.3 0.610758
289.4 0.604994
289.5 0.59871
289.6 0.613369
289.7 0.604825
289.8 0.601456
289.9 0.605898
290 0.608203
290.1 0.599925
290.2 0.592798
290.3 0.598879
290.4 0.605289
290.5 0.607471
290.6 0.610954
290.7 0.617956
290.8 0.605802
290.9 0.617025
291 0.626164
291.1 0.635219
291.2 0.632578
291.3 0.639206
291.4 0.638905
291.5 0.63981
291.6 0.644186
291.7 0.65138
291.8 0.646549
291.9 0.653889
292 0.658939
292.1 0.670355
292.2 0.663885
292.3 0.658358
292.4 0.663446
292.5 0.652184
292.6 0.655371
292.7 0.652974
292.8 0.641269
292.9 0.646431
293 0.653432
293.1 0.649153
293.2 0.649621
293.3 0.649356
293.4 0.651572
293.5 0.662851
293.6 0.652649
293.7 0.647289
293.8 0.651065
293.9 0.638268
294 0.632295
294.1 0.6286
294.2 0.635819
294.3 0.642252
294.4 0.651516
294.5 0.654585
294.6 0.65253
294.7 0.639933
294.8 0.627675
294.9 0.638882
295 0.644374
295.1 0.648638
295.2 0.647431
295.3 0.645328
295.4 0.658169
295.5 0.649832
295.6 0.650422
295.7 0.655393
295.8 0.64655
295.9 0.647545
296 0.63792
296.1 0.64481
296.2 0.640481
296.3 0.646944
296.4 0.63777
296.5 0.63373
296.6 0.639558
296.7 0.640693
296.8 0.648986
296.9 0.636378
297 0.63964
297.1 0.640823
297.2 0.631175
297.3 0.633711
297.4 0.635489
297.5 0.630657
297.6 0.635521
297.7 0.631354
297.8 0.635535
297.9 0.63231
298 0.639873
298.1 0.644414
298.2 0.652075
298.3 0.647555
298.4 0.655584
298.5 0.635206
298.6 0.615785
298.7 0.627345
298.8 0.622381
298.9 0.605407
299 0.595796
299.1 0.595688
299.2 0.599082
299.3 0.591463
299.4 0.594299
299.5 0.609944
299.6 0.597403
299.7 0.588976
299.8 0.588147
299.9 0.591122
300 0.584507
300.1 0.590879
300.2 0.58235
300.3 0.58536
300.4 0.581246
300.5 0.579331
300.6 0.585836
300.7 0.59186
300.8 0.587617
300.9 0.579625
301 0.573743
301.1 0.580044
301.2 0.59144
301.3 0.58557
301.4 0.593715
301.5 0.583972
301.6 0.582041
301.7 0.585086
301.8 0.592085
301.9 0.593406
302 0.588683
302.1 0.59328
302.2 0.59572
302.3 0.600394
302.4 0.59985
302.5 0.600264
302.6 0.601367
302.7 0.599367
302.8 0.58729
302.9 0.591504
303 0.594076
303.1 0.597615
303.2 0.579546
303.3 0.578132
303.4 0.570956
303.5 0.559381
303.6 0.563959
303.7 0.570788
303.8 0.574677
303.9 0.55675
304 0.548385
304.1 0.556744
304.2 0.567888
304.3 0.569923
304.4 0.570449
304.5 0.571968
304.6 0.585872
304.7 0.590364
304.8 0.586599
304.9 0.594015
305 0.595223
305.1 0.588086
305.2 0.59387
305.3 0.591101
305.4 0.597649
305.5 0.604711
305.6 0.603212
305.7 0.613711
305.8 0.617285
305.9 0.627636
306 0.633469
306.1 0.634733
306.2 0.64024
306.3 0.641945
306.4 0.635233
306.5 0.640764
306.6 0.64515
306.7 0.646609
306.8 0.664757
306.9 0.664448
307 0.650673
307.1 0.656599
307.2 0.652545
307.3 0.664279
307.4 0.661929
307.5 0.659667
307.6 0.666431
307.7 0.66602
307.8 0.661003
307.9 0.656587
308 0.661286
308.1 0.668954
308.2 0.666902
308.3 0.663715
308.4 0.664727
308.5 0.669282
308.6 0.664895
308.7 0.660866
308.8 0.671412
308.9 0.67114
309 0.665989
309.1 0.666044
309.2 0.664916
309.3 0.662864
309.4 0.644427
309.5 0.634712
309.6 0.634659
309.7 0.638396
309.8 0.641552
309.9 0.649453
310 0.644653
310.1 0.63355
310.2 0.6369
310.3 0.641363
310.4 0.634763
310.5 0.62958
310.6 0.635906
310.7 0.638301
310.8 0.645459
310.9 0.643363
311 0.63816
311.1 0.65169
311.2 0.656853
311.3 0.66243
311.4 0.658727
311.5 0.661385
311.6 0.660684
311.7 0.658562
311.8 0.661402
311.9 0.661554
312 0.66224
312.1 0.665451
312.2 0.654086
312.3 0.660278
312.4 0.653592
312.5 0.655617
312.6 0.650701
312.7 0.65511
312.8 0.650496
312.9 0.652571
313 0.642545
313.1 0.646811
313.2 0.651731
313.3 0.656733
313.4 0.643554
313.5 0.646264
313.6 0.64093
313.7 0.63953
313.8 0.644826
313.9 0.640174
314 0.639312
314.1 0.645389
314.2 0.649058
314.3 0.650224
314.4 0.645871
314.5 0.637798
314.6 0.645009
314.7 0.634642
314.8 0.634072
314.9 0.61939
315 0.613002
315.1 0.619902
315.2 0.60555
315.3 0.616737
315.4 0.616022
315.5 0.622883
315.6 0.634512
315.7 0.635891
315.8 0.636633
315.9 0.635542
316 0.631973
316.1 0.631888
316.2 0.622985
316.3 0.628652
316.4 0.632931
316.5 0.637298
316.6 0.630662
316.7 0.632888
316.8 0.637652
316.9 0.621512
317 0.627122
317.1 0.618378
317.2 0.616271
317.3 0.620195
317.4 0.625295
317.5 0.636103
317.6 0.646337
317.7 0.648266
317.8 0.637368
317.9 0.630217
318 0.63137
318.1 0.626875
318.2 0.629128
318.3 0.625615
318.4 0.623774
318.5 0.631927
318.6 0.626247
318.7 0.623334
318.8 0.620631
318.9 0.625959
319 0.634189
319.1 0.632234
319.2 0.635272
319.3 0.637912
319.4 0.631378
319.5 0.634526
319.6 0.629689
319.7 0.633608
319.8 0.640426
319.9 0.633317
320 0.624524
320.1 0.612992
320.2 0.606042
320.3 0.602052
320.4 0.604756
320.5 0.60026
320.6 0.600648
320.7 0.595239
320.8 0.596111
320.9 0.598218
321 0.59861
321.1 0.600109
321.2 0.60817
321.3 0.603494
321.4 0.597464
321.5 0.602201
321.6 0.600715
321.7 0.608635
321.8 0.613875
321.9 0.603562
322 0.608696
322.1 0.613672
322.2 0.614232
322.3 0.620811
322.4 0.622344
322.5 0.604851
322.6 0.60311
322.7 0.598206
322.8 0.586401
322.9 0.598098
323 0.604861
323.1 0.59374
323.2 0.596578
323.3 0.59008
323.4 0.589222
323.5 0.590408
323.6 0.592347
323.7 0.588429
323.8 0.596435
323.9 0.600684
324 0.594056
324.1 0.591249
324.2 0.595959
324.3 0.604103
324.4 0.59911
324.5 0.60687
324.6 0.586122
324.7 0.584175
324.8 0.584995
324.9 0.579932
325 0.580404
325.1 0.578323
325.2 0.579923
325.3 0.58639
325.4 0.569896
325.5 0.566224
325.6 0.558073
325.7 0.554606
325.8 0.559135
325.9 0.555659
326 0.558252
326.1 0.542304
326.2 0.545044
326.3 0.555834
326.4 0.56168
326.5 0.566922
326.6 0.551008
326.7 0.540215
326.8 0.553966
326.9 0.54855
327 0.546459
327.1 0.556781
327.2 0.561652
327.3 0.552793
327.4 0.552616
327.5 0.55949
327.6 0.56512
327.7 0.576484
327.8 0.585991
327.9 0.586267
328 0.586724
328.1 0.581315
328.2 0.573267
328.3 0.56364
328.4 0.566932
328.5 0.568079
328.6 0.568293
328.7 0.57046
328.8 0.581534
328.9 0.584617
329 0.592517
329.1 0.591998
329.2 0.596729
329.3 0.597013
329.4 0.58605
329.5 0.58204
329.6 0.579228
329.7 0.595689
329.8 0.586358
329.9 0.596363
330 0.589141
330.1 0.584247
330.2 0.593195
330.3 0.601091
330.4 0.60036
330.5 0.595309
330.6 0.604287
330.7 0.610093
330.8 0.583552
330.9 0.588028
331 0.589699
331.1 0.591302
331.2 0.59123
331.3 0.593823
331.4 0.593347
331.5 0.593748
331.6 0.590967
331.7 0.58809
331.8 0.601126
331.9 0.579934
332 0.584628
332.1 0.575355
332.2 0.587877
332.3 0.566399
332.4 0.56441
332.5 0.565686
332.6 0.548001
332.7 0.550627
332.8 0.560883
332.9 0.566836
333 0.572361
333.1 0.571061
333.2 0.564382
333.3 0.567853
333.4 0.575569
333.5 0.580662
333.6 0.584015
333.7 0.57957
333.8 0.583524
333.9 0.574227
334 0.567741
334.1 0.578856
334.2 0.582847
334.3 0.561015
334.4 0.566392
334.5 0.544394
334.6 0.532198
334.7 0.54405
334.8 0.524364
334.9 0.541158
335 0.554007
335.1 0.551174
335.2 0.547619
335.3 0.551503
335.4 0.555143
335.5 0.562458
335.6 0.562996
335.7 0.568899
335.8 0.557288
335.9 0.568486
336 0.571939
336.1 0.574144
336.2 0.580721
336.3 0.580963
336.4 0.587135
336.5 0.58018
336.6 0.584067
336.7 0.574858
336.8 0.589236
336.9 0.594947
337 0.605396
337.1 0.588337
337.2 0.595279
337.3 0.587167
337.4 0.583703
337.5 0.594862
337.6 0.599896
337.7 0.595412
337.8 0.608413
337.9 0.614836
338 0.61544
338.1 0.624391
338.2 0.621641
338.3 0.618706
338.4 0.606964
338.5 0.603178
338.6 0.611584
338.7 0.602303
338.8 0.599281
338.9 0.586966
339 0.586946
339.1 0.594548
339.2 0.593225
339.3 0.588439
339.4 0.596661
339.5 0.595514
339.6 0.591033
339.7 0.597351
339.8 0.601654
339.9 0.604816
340 0.606484
340.1 0.614025
340.2 0.61239
340.3 0.610787
340.4 0.603778
340.5 0.597874
340.6 0.590309
340.7 0.578802
340.8 0.586991
340.9 0.590292
341 0.594209
341.1 0.606972
341.2 0.602461
341.3 0.605138
341.4 0.608941
341.5 0.61561
341.6 0.611847
341.7 0.619017
341.8 0.622392
341.9 0.627649
342 0.628645
342.1 0.643134
342.2 0.638073
342.3 0.634972
342.4 0.640563
342.5 0.610696
342.6 0.61727
342.7 0.617477
342.8 0.615398
342.9 0.613673
343 0.616032
343.1 0.605812
343.2 0.60951
343.3 0.618086
343.4 0.616042
343.5 0.620404
343.6 0.613483
343.7 0.610875
343.8 0.620326
343.9 0.626264
344 0.621796
344.1 0.626592
344.2 0.640133
344.3 0.646795
344.4 0.652182
344.5 0.646494
344.6 0.652074
344.7 0.653256
344.8 0.649409
344.9 0.642758
345 0.640161
345.1 0.642085
345.2 0.640354
345.3 0.642056
345.4 0.645788
345.5 0.644532
345.6 0.645918
345.7 0.646391
345.8 0.647412
345.9 0.651366
346 0.648523
346.1 0.653109
346.2 0.648903
346.3 0.651624
346.4 0.655541
346.5 0.659741
346.6 0.655501
346.7 0.652425
346.8 0.660036
346.9 0.651945
347 0.649181
347.1 0.642949
347.2 0.646213
347.3 0.643911
347.4 0.643906
347.5 0.643203
347.6 0.640917
347.7 0.644251
347.8 0.649445
347.9 0.654143
348 0.649786
348.1 0.631249
348.2 0.623309
348.3 0.619105
348.4 0.623679
348.5 0.62828
348.6 0.630472
348.7 0.625469
348.8 0.617872
348.9 0.624247
349 0.618239
349.1 0.6278
349.2 0.635135
349.3 0.642221
349.4 0.636863
349.5 0.647692
349.6 0.652706
349.7 0.648361
349.8 0.650024
349.9 0.656754
350 0.649429
350.1 0.64224
350.2 0.635324
350.3 0.620606
350.4 0.621849
350.5 0.624295
350.6 0.624794
350.7 0.620852
350.8 0.607062
350.9 0.612022
351 0.606978
351.1 0.603151
351.2 0.605748
351.3 0.60078
351.4 0.587419
351.5 0.594348
351.6 0.595031
351.7 0.595018
351.8 0.594533
351.9 0.598138
352 0.595951
352.1 0.587248
352.2 0.582619
352.3 0.570185
352.4 0.569816
352.5 0.563126
352.6 0.576173
352.7 0.577752
352.8 0.572756
352.9 0.583596
353 0.587846
353.1 0.563978
353.2 0.557832
353.3 0.557282
353.4 0.549068
353.5 0.536766
353.6 0.525036
353.7 0.526078
353.8 0.516768
353.9 0.522777
354 0.525548
354.1 0.541197
354.2 0.544659
354.3 0.547854
354.4 0.547262
354.5 0.553192
354.6 0.560793
354.7 0.562587
354.8 0.566989
354.9 0.569978
355 0.575952
355.1 0.562258
355.2 0.56161
355.3 0.563264
355.4 0.574425
355.5 0.584004
355.6 0.582653
355.7 0.578781
355.8 0.586388
355.9 0.585555
356 0.579104
356.1 0.568918
356.2 0.579867
356.3 0.589269
356.4 0.587752
356.5 0.580116
356.6 0.581573
356.7 0.58975
356.8 0.585887
356.9 0.588856
357 0.595258
357.1 0.600682
357.2 0.605013
357.3 0.610594
357.4 0.61106
357.5 0.609495
357.6 0.611052
357.7 0.607014
357.8 0.607543
357.9 0.605614
358 0.609506
358.1 0.609933
358.2 0.615677
358.3 0.610598
358.4 0.610471
358.5 0.608609
358.6 0.605329
358.7 0.606843
358.8 0.618094
358.9 0.620239
359 0.609115
359.1 0.613371
359.2 0.61151
359.3 0.603366
359.4 0.58844
359.5 0.608563
359.6 0.625587
359.7 0.633835
359.8 0.634939
359.9 0.628934
360 0.634686
360.1 0.641135
360.2 0.647246
360.3 0.642992
360.4 0.618498
360.5 0.610975
360.6 0.626397
360.7 0.629133
360.8 0.638905
360.9 0.638417
361 0.627707
361.1 0.620042
361.2 0.61804
361.3 0.6247
361.4 0.614793
361.5 0.609
361.6 0.595373
361.7 0.59992
361.8 0.59351
361.9 0.596288
362 0.602385
362.1 0.605235
362.2 0.604678
362.3 0.613261
362.4 0.622873
362.5 0.626872
362.6 0.632156
362.7 0.63154
362.8 0.629665
362.9 0.634168
363 0.640407
363.1 0.643287
363.2 0.64171
363.3 0.645716
363.4 0.645934
363.5 0.652344
363.6 0.645634
363.7 0.63709
363.8 0.634868
363.9 0.636912
364 0.634058
364.1 0.628499
364.2 0.627583
364.3 0.633774
364.4 0.646765
364.5 0.648384
364.6 0.65149
364.7 0.649521
364.8 0.640776
364.9 0.635897
365 0.632592
365.1 0.642318
365.2 0.641215
365.3 0.636062
365.4 0.618622
365.5 0.611841
365.6 0.612176
365.7 0.618139
365.8 0.623412
365.9 0.624068
366 0.627844
366.1 0.621146
366.2 0.617607
366.3 0.617301
366.4 0.624328
366.5 0.610202
366.6 0.614046
366.7 0.615332
366.8 0.615509
366.9 0.612114
367 0.614598
367.1 0.613776
367.2 0.619533
367.3 0.613742
367.4 0.618687
367.5 0.625117
367.6 0.637178
367.7 0.640293
367.8 0.633508
367.9 0.638972
368 0.636733
368.1 0.63971
368.2 0.62317
368.3 0.627005
368.4 0.627367
368.5 0.631268
368.6 0.639107
368.7 0.623756
368.8 0.616361
368.9 0.612904
369 0.604172
369.1 0.60576
369.2 0.613984
369.3 0.619954
369.4 0.627764
369.5 0.627024
369.6 0.626045
369.7 0.613517
369.8 0.609301
369.9 0.616257
370 0.627137
370.1 0.635606
370.2 0.630252
370.3 0.628455
370.4 0.631107
370.5 0.622742
370.6 0.626272
370.7 0.635576
370.8 0.629213
370.9 0.631123
371 0.627411
371.1 0.626934
371.2 0.635106
371.3 0.635661
371.4 0.636078
371.5 0.634991
371.6 0.635065
371.7 0.645384
371.8 0.646924
371.9 0.646237
372 0.63739
372.1 0.642508
372.2 0.641134
372.3 0.639624
372.4 0.648643
372.5 0.66103
372.6 0.652451
372.7 0.65502
372.8 0.647336
372.9 0.641581
373 0.643556
373.1 0.642034
373.2 0.619307
373.3 0.617591
373.4 0.629367
373.5 0.634872
373.6 0.631127
373.7 0.625432
373.8 0.621524
373.9 0.616994
374 0.616767
374.1 0.616289
374.2 0.606372
374.3 0.61399
374.4 0.628257
374.5 0.623213
374.6 0.622559
374.7 0.626572
374.8 0.627397
374.9 0.630892
375 0.609146
375.1 0.610164
375.2 0.620556
375.3 0.606256
375.4 0.612448
375.5 0.618395
375.6 0.62162
375.7 0.607179
375.8 0.606897
375.9 0.613049
376 0.617004
376.1 0.6012
376.2 0.596913
376.3 0.602747
376.4 0.609534
376.5 0.610113
376.6 0.613482
376.7 0.613097
376.8 0.61548
376.9 0.608577
377 0.603658
377.1 0.608781
377.2 0.615256
377.3 0.610533
377.4 0.613039
377.5 0.609303
377.6 0.610004
377.7 0.613566
377.8 0.601047
377.9 0.601012
378 0.596259
378.1 0.606042
378.2 0.625095
378.3 0.625892
378.4 0.6187
378.5 0.636484
378.6 0.635478
378.7 0.640636
378.8 0.639864
378.9 0.638166
379 0.648446
379.1 0.648657
379.2 0.650141
379.3 0.641332
379.4 0.634418
379.5 0.637018
379.6 0.63671
379.7 0.646683
379.8 0.656711
379.9 0.646637
380 0.65614
380.1 0.650384
380.2 0.644997
380.3 0.629706
380.4 0.639393
380.5 0.62944
380.6 0.63633
380.7 0.636491
380.8 0.638296
380.9 0.619032
381 0.619728
381.1 0.593879
381.2 0.597132
381.3 0.599038
381.4 0.583031
381.5 0.584515
381.6 0.582191
381.7 0.587865
381.8 0.588979
381.9 0.595355
382 0.592173
382.1 0.584253
382.2 0.577793
382.3 0.575827
382.4 0.56882
382.5 0.560446
382.6 0.546099
382.7 0.544263
382.8 0.542885
382.9 0.528472
383 0.539256
383.1 0.549045
383.2 0.539457
383.3 0.53549
383.4 0.534738
383.5 0.544008
383.6 0.538118
383.7 0.539924
383.8 0.535935
383.9 0.53998
384 0.54508
384.1 0.548751
384.2 0.552569
384.3 0.570049
384.4 0.567625
384.5 0.548986
384.6 0.543782
384.7 0.538246
384.8 0.54545
384.9 0.550067
385 0.556196
385.1 0.557222
385.2 0.557009
385.3 0.559085
385.4 0.5668
385.5 0.561391
385.6 0.565879
385.7 0.561608
385.8 0.567624
385.9 0.569467
386 0.551296
386.1 0.553569
386.2 0.56208
386.3 0.5602
386.4 0.551293
386.5 0.560555
386.6 0.560649
386.7 0.56576
386.8 0.561064
386.9 0.568477
387 0.580646
387.1 0.584983
387.2 0.585937
387.3 0.589375
387.4 0.581531
387.5 0.585527
387.6 0.58592
387.7 0.594448
387.8 0.600508
387.9 0.588851
388 0.583473
388.1 0.587747
388.2 0.591722
388.3 0.595855
388.4 0.594603
388.5 0.594638
388.6 0.592545
388.7 0.590634
388.8 0.604079
388.9 0.611848
389 0.613519
389.1 0.615062
389.2 0.621714
389.3 0.624115
389.4 0.624014
389.5 0.619088
389.6 0.616978
389.7 0.627806
389.8 0.622074
389.9 0.625123
390 0.627185
390.1 0.626575
390.2 0.626388
390.3 0.628081
390.4 0.626969
390.5 0.619664
390.6 0.607443
390.7 0.598378
390.8 0.603218
390.9 0.590384
391 0.587085
391.1 0.571081
391.2 0.58919
391.3 0.59826
391.4 0.57443
391.5 0.56672
391.6 0.565568
391.7 0.572375
391.8 0.570328
391.9 0.573292
392 0.571421
392.1 0.575606
392.2 0.56507
392.3 0.568251
392.4 0.579863
392.5 0.56542
392.6 0.57273
392.7 0.586534
392.8 0.582448
392.9 0.584756
393 0.585704
393.1 0.585215
393.2 0.592107
393.3 0.582558
393.4 0.582287
393.5 0.561161
393.6 0.558822
393.7 0.569876
393.8 0.578652
393.9 0.578307
394 0.576035
394.1 0.57383
394.2 0.587053
394.3 0.588848
394.4 0.584053
394.5 0.57358
394.6 0.573951
394.7 0.582143
394.8 0.58395
394.9 0.596505
395 0.614616
395.1 0.619557
395.2 0.616738
395.3 0.626785
395.4 0.615267
395.5 0.619353
395.6 0.625274
395.7 0.63047
395.8 0.641602
395.9 0.647069
396 0.645932
396.1 0.636007
396.2 0.63374
396.3 0.63434
396.4 0.616428
396.5 0.605167
396.6 0.590765
396.7 0.586319
396.8 0.579256
396.9 0.591765
397 0.597569
397.1 0.604828
397.2 0.611072
397.3 0.613932
397.4 0.61905
397.5 0.624398
397.6 0.631742
397.7 0.636253
397.8 0.634796
397.9 0.634079
398 0.630577
398.1 0.62736
398.2 0.629662
398.3 0.614505
398.4 0.609165
398.5 0.610138
398.6 0.592867
398.7 0.602682
398.8 0.59935
398.9 0.586057
399 0.581292
399.1 0.577864
399.2 0.574814
399.3 0.586255
399.4 0.588918
399.5 0.59392
399.6 0.567528
399.7 0.574176
399.8 0.586252
399.9 0.589414
400 0.584158
400.1 0.575696
400.2 0.57017
400.3 0.565779
400.4 0.553799
400.5 0.559296
400.6 0.538999
400.7 0.542654
400.8 0.544071
400.9 0.529815
401 0.530643
401.1 0.527822
401.2 0.530004
401.3 0.524967
401.4 0.523247
401.5 0.529432
401.6 0.528303
401.7 0.525164
401.8 0.527217
401.9 0.51001
402 0.517767
402.1 0.511187
402.2 0.491961
402.3 0.466388
402.4 0.472905
402.5 0.465361
402.6 0.449845
402.7 0.458135
402.8 0.451592
402.9 0.444181
403 0.444246
403.1 0.455159
403.2 0.460934
403.3 0.46181
403.4 0.484624
403.5 0.484032
403.6 0.470072
403.7 0.47276
403.8 0.465032
403.9 0.456365
404 0.444379
404.1 0.458788
404.2 0.435356
404.3 0.427227
404.4 0.450535
404.5 0.450338
404.6 0.451025
404.7 0.443808
404.8 0.456244
404.9 0.449764
405 0.46147
405.1 0.465701
405.2 0.456542
405.3 0.459956
405.4 0.47239
405.5 0.477188
405.6 0.45434
405.7 0.457893
405.8 0.465826
405.9 0.475123
406 0.474727
406.1 0.485364
406.2 0.481718
406.3 0.495967
406.4 0.488647
406.5 0.47526
406.6 0.478489
406.7 0.490044
406.8 0.487365
406.9 0.488903
407 0.482576
407.1 0.489091
407.2 0.496007
407.3 0.514128
407.4 0.516096
407.5 0.51466
407.6 0.525998
407.7 0.528977
407.8 0.53464
407.9 0.541405
408 0.535849
408.1 0.52932
408.2 0.536542
408.3 0.555383
408.4 0.558935
408.5 0.565865
408.6 0.569753
408.7 0.565745
408.8 0.570159
408.9 0.579842
409 0.587831
409.1 0.59479
409.2 0.606437
409.3 0.599824
409.4 0.602393
409.5 0.600692
409.6 0.604364
409.7 0.6029
409.8 0.614554
409.9 0.615154
410 0.602595
410.1 0.604172
410.2 0.610447
410.3 0.609237
410.4 0.612482
410.5 0.603067
410.6 0.598087
410.7 0.594133
410.8 0.584073
410.9 0.592338
411 0.594121
411.1 0.595212
411.2 0.582892
411.3 0.581507
411.4 0.586669
411.5 0.593492
411.6 0.58373
411.7 0.591981
411.8 0.583614
411.9 0.588778
412 0.597851
412.1 0.603006
412.2 0.582973
412.3 0.586865
412.4 0.577311
412.5 0.562019
412.6 0.548081
412.7 0.555154
412.8 0.562134
412.9 0.568664
413 0.566279
413.1 0.559642
413.2 0.545489
413.3 0.548625
413.4 0.549372
413.5 0.550642
413.6 0.549841
413.7 0.543537
413.8 0.522728
413.9 0.509156
414 0.506706
414.1 0.480665
414.2 0.48563
414.3 0.489222
414.4 0.490101
414.5 0.508374
414.6 0.500517
414.7 0.491038
414.8 0.500808
414.9 0.498274
415 0.487768
415.1 0.49802
415.2 0.50587
415.3 0.507007
415.4 0.507784
415.5 0.518494
415.6 0.514369
415.7 0.500868
415.8 0.501353
415.9 0.503538
416 0.499965
416.1 0.480781
416.2 0.476547
416.3 0.480223
416.4 0.487537
416.5 0.503
416.6 0.506969
416.7 0.49761
416.8 0.507466
416.9 0.515968
417 0.519984
417.1 0.52139
417.2 0.527479
417.3 0.520092
417.4 0.527367
417.5 0.514014
417.6 0.502087
417.7 0.508081
417.8 0.517289
417.9 0.522172
418 0.526894
418.1 0.530542
418.2 0.51646
418.3 0.506108
418.4 0.489185
418.5 0.495235
418.6 0.498686
418.7 0.499477
418.8 0.514835
418.9 0.515039
419 0.517961
419.1 0.513974
419.2 0.528195
419.3 0.535129
419.4 0.539724
419.5 0.542051
419.6 0.538208
419.7 0.535552
419.8 0.527895
419.9 0.523273
420 0.516688
420.1 0.525381
420.2 0.545816
420.3 0.553644
420.4 0.54817
420.5 0.540185
420.6 0.547968
420.7 0.538088
420.8 0.534775
420.9 0.542783
421 0.540016
421.1 0.546016
421.2 0.553156
421.3 0.558423
421.4 0.561507
421.5 0.561491
421.6 0.571009
421.7 0.571716
421.8 0.572767
421.9 0.582965
422 0.577988
422.1 0.579712
422.2 0.572979
422.3 0.575799
422.4 0.583162
422.5 0.578214
422.6 0.561039
422.7 0.55461
422.8 0.550247
422.9 0.545471
423 0.552694
423.1 0.557629
423.2 0.578034
423.3 0.582524
423.4 0.582946
423.5 0.569147
423.6 0.579348
423.7 0.568897
423.8 0.565568
423.9 0.571504
424 0.556878
424.1 0.553389
424.2 0.559403
424.3 0.570837
424.4 0.563691
424.5 0.562123
424.6 0.561903
424.7 0.549179
424.8 0.562587
424.9 0.570708
425 0.562393
425.1 0.564569
425.2 0.57289
425.3 0.583768
425.4 0.585286
425.5 0.589038
425.6 0.591307
425.7 0.593925
425.8 0.605819
425.9 0.603179
426 0.61039
426.1 0.619283
426.2 0.621194
426.3 0.613923
426.4 0.618539
426.5 0.613348
426.6 0.615294
426.7 0.618284
426.8 0.621055
426.9 0.61857
427 0.620132
427.1 0.618759
427.2 0.608171
427.3 0.605828
427.4 0.608444
427.5 0.594236
427.6 0.58735
427.7 0.585752
427.8 0.58197
427.9 0.584237
428 0.577528
428.1 0.587187
428.2 0.581364
428.3 0.587431
428.4 0.595576
428.5 0.609595
428.6 0.60797
428.7 0.597078
428.8 0.605481
428.9 0.604958
429 0.608207
429.1 0.597521
429.2 0.580425
429.3 0.577587
429.4 0.576122
429.5 0.575488
429.6 0.584985
429.7 0.589685
429.8 0.58885
429.9 0.592551
430 0.598787
430.1 0.598397
430.2 0.596555
430.3 0.603033
430.4 0.60587
430.5 0.6096
430.6 0.604384
430.7 0.590426
430.8 0.602534
430.9 0.593276
431 0.594958
431.1 0.600345
431.2 0.605014
431.3 0.605134
431.4 0.608376
431.5 0.600674
431.6 0.600543
431.7 0.606083
431.8 0.597635
431.9 0.597468
432 0.594491
432.1 0.597799
432.2 0.602027
432.3 0.60795
432.4 0.604061
432.5 0.618753
432.6 0.615989
432.7 0.61746
432.8 0.621222
432.9 0.620696
433 0.626318
433.1 0.633585
433.2 0.627623
433.3 0.626791
433.4 0.62161
433.5 0.626986
433.6 0.630183
433.7 0.639942
433.8 0.629174
433.9 0.633361
434 0.621422
434.1 0.620039
434.2 0.616126
434.3 0.624936
434.4 0.616444
434.5 0.614708
434.6 0.623097
434.7 0.626428
434.8 0.622231
434.9 0.616954
435 0.622242
435.1 0.625202
435.2 0.627976
435.3 0.622144
435.4 0.621786
435.5 0.619602
435.6 0.624246
435.7 0.62811
435.8 0.628021
435.9 0.628019
436 0.627468
436.1 0.629911
436.2 0.615341
436.3 0.613367
436.4 0.626007
436.5 0.622458
436.6 0.623003
436.7 0.612166
436.8 0.618107
436.9 0.615799
437 0.616908
437.1 0.615337
437.2 0.610747
437.3 0.612028
437.4 0.609681
437.5 0.608837
437.6 0.599726
437.7 0.60102
437.8 0.589697
437.9 0.591917
438 0.582229
438.1 0.592831
438.2 0.601536
438.3 0.593599
438.4 0.590938
438.5 0.599378
438.6 0.595428
438.7 0.59436
438.8 0.584669
438.9 0.573062
439 0.590397
439.1 0.592216
439.2 0.589451
439.3 0.58756
439.4 0.590604
439.5 0.590944
439.6 0.590761
439.7 0.596424
439.8 0.593264
439.9 0.599379
440 0.60056
440.1 0.594058
440.2 0.600636
440.3 0.602972
440.4 0.607545
440.5 0.606759
440.6 0.609511
440.7 0.611239
440.8 0.610204
440.9 0.610175
441 0.611586
441.1 0.614251
441.2 0.623912
441.3 0.612471
441.4 0.593263
441.5 0.613992
441.6 0.607019
441.7 0.612502
441.8 0.586533
441.9 0.586824
442 0.592657
442.1 0.599256
442.2 0.580102
442.3 0.576099
442.4 0.570857
442.5 0.582336
442.6 0.585282
442.7 0.586931
442.8 0.586307
442.9 0.583443
443 0.592848
443.1 0.579635
443.2 0.585064
443.3 0.590978
443.4 0.578512
443.5 0.580061
443.6 0.576779
443.7 0.581805
443.8 0.577377
443.9 0.571184
444 0.577359
444.1 0.579313
444.2 0.580463
444.3 0.587158
444.4 0.597244
444.5 0.606633
444.6 0.612495
444.7 0.61389
444.8 0.613839
444.9 0.618545
445 0.624123
445.1 0.629269
445.2 0.626611
445.3 0.62663
445.4 0.631361
445.5 0.632442
445.6 0.63475
445.7 0.621389
445.8 0.624387
445.9 0.619073
446 0.617334
446.1 0.614648
446.2 0.612147
446.3 0.609931
446.4 0.622238
446.5 0.622492
446.6 0.618628
446.7 0.604499
446.8 0.604859
446.9 0.610511
447 0.601991
447.1 0.598359
447.2 0.605842
447.3 0.604683
447.4 0.611558
447.5 0.612815
447.6 0.609862
447.7 0.617097
447.8 0.621473
447.9 0.617452
448 0.604624
448.1 0.591517
448.2 0.596841
448.3 0.608351
448.4 0.606697
448.5 0.612475
448.6 0.60665
448.7 0.601941
448.8 0.601913
448.9 0.60575
449 0.602363
449.1 0.596249
449.2 0.600008
449.3 0.596781
449.4 0.593604
449.5 0.597156
449.6 0.6038
449.7 0.611025
449.8 0.607993
449.9 0.603085
450 0.608576
450.1 0.609891
450.2 0.599733
450.3 0.608741
450.4 0.61165
450.5 0.611058
450.6 0.613435
450.7 0.620268
450.8 0.630508
450.9 0.633865
451 0.627152
451.1 0.627996
451.2 0.63713
451.3 0.644229
451.4 0.63392
451.5 0.630194
451.6 0.618313
451.7 0.611911
451.8 0.6068
451.9 0.621132
452 0.616427
452.1 0.622671
452.2 0.62654
452.3 0.63294
452.4 0.642495
452.5 0.646722
452.6 0.640007
452.7 0.651436
452.8 0.653069
452.9 0.654763
453 0.652917
453.1 0.660658
453.2 0.664854
453.3 0.650183
453.4 0.654472
453.5 0.649824
453.6 0.641359
453.7 0.647236
453.8 0.635191
453.9 0.63231
454 0.637243
454.1 0.638302
454.2 0.636041
454.3 0.6397
454.4 0.627074
454.5 0.645214
454.6 0.641591
454.7 0.648906
454.8 0.639378
454.9 0.634902
455 0.633065
455.1 0.625028
455.2 0.628904
455.3 0.633831
455.4 0.63859
455.5 0.636772
455.6 0.647187
455.7 0.642918
455.8 0.64169
455.9 0.636742
456 0.619713
456.1 0.619992
456.2 0.616417
456.3 0.610273
456.4 0.616478
456.5 0.624025
456.6 0.623705
456.7 0.618509
456.8 0.619536
456.9 0.617544
457 0.613363
457.1 0.617889
457.2 0.612936
457.3 0.606874
457.4 0.606348
457.5 0.604778
457.6 0.606915
457.7 0.602093
457.8 0.612693
457.9 0.604847
458 0.591537
458.1 0.596539
458.2 0.604555
458.3 0.604455
458.4 0.606148
458.5 0.598807
458.6 0.603431
458.7 0.604565
458.8 0.610636
458.9 0.612541
459 0.615185
459.1 0.612724
459.2 0.620757
459.3 0.619423
459.4 0.605488
459.5 0.600911
459.6 0.596557
459.7 0.606286
459.8 0.607894
459.9 0.613759
460 0.62026
460.1 0.615818
460.2 0.618257
460.3 0.617985
460.4 0.614758
460.5 0.618068
460.6 0.62221
460.7 0.611299
460.8 0.613612
460.9 0.622093
461 0.625167
461.1 0.621069
461.2 0.629942
461.3 0.641562
461.4 0.64432
461.5 0.641346
461.6 0.627984
461.7 0.629137
461.8 0.62775
461.9 0.63561
462 0.635385
462.1 0.636013
462.2 0.626886
462.3 0.625004
462.4 0.627083
462.5 0.635377
462.6 0.624717
462.7 0.602014
462.8 0.613091
462.9 0.614173
463 0.600298
463.1 0.594487
463.2 0.604368
463.3 0.60319
463.4 0.599157
463.5 0.605458
463.6 0.608211
463.7 0.617124
463.8 0.629769
463.9 0.633764
464 0.63865
464.1 0.645595
464.2 0.643928
464.3 0.646312
464.4 0.648822
464.5 0.644078
464.6 0.62493
464.7 0.621497
464.8 0.633031
464.9 0.636598
465 0.62272
465.1 0.628775
465.2 0.626407
465.3 0.620147
465.4 0.62447
465.5 0.627494
465.6 0.627841
465.7 0.629978
465.8 0.625051
465.9 0.61605
466 0.616048
466.1 0.632574
466.2 0.63611
466.3 0.640173
466.4 0.630838
466.5 0.624417
466.6 0.623367
466.7 0.630253
466.8 0.630894
466.9 0.625785
467 0.629313
467.1 0.616727
467.2 0.608657
467.3 0.597571
467.4 0.576326
467.5 0.575592
467.6 0.569771
467.7 0.580405
467.8 0.569136
467.9 0.567341
468 0.571226
468.1 0.56809
468.2 0.569095
468.3 0.551067
468.4 0.529844
468.5 0.530635
468.6 0.519905
468.7 0.533207
468.8 0.517962
468.9 0.513758
469 0.504711
469.1 0.507381
469.2 0.501123
469.3 0.506191
469.4 0.513022
469.5 0.526142
469.6 0.523779
469.7 0.540544
469.8 0.550967
469.9 0.549409
470 0.54073
470.1 0.557256
470.2 0.569244
470.3 0.567128
470.4 0.576546
470.5 0.580427
470.6 0.57698
470.7 0.577826
470.8 0.580547
470.9 0.578903
471 0.585162
471.1 0.591236
471.2 0.599024
471.3 0.60172
471.4 0.60786
471.5 0.611399
471.6 0.612436
471.7 0.619515
471.8 0.617285
471.9 0.616069
472 0.620865
472.1 0.628617
472.2 0.618636
472.3 0.614423
472.4 0.619472
472.5 0.620166
472.6 0.601157
472.7 0.588077
472.8 0.589328
472.9 0.591737
473 0.606435
473.1 0.609245
473.2 0.598024
473.3 0.609624
473.4 0.610348
473.5 0.607621
473.6 0.614714
473.7 0.611307
473.8 0.60948
473.9 0.610967
474 0.600508
474.1 0.600276
474.2 0.573744
474.3 0.585404
474.4 0.585082
474.5 0.588432
474.6 0.58741
474.7 0.594118
474.8 0.573299
474.9 0.567063
475 0.567433
475.1 0.561741
475.2 0.559162
475.3 0.568292
475.4 0.570939
475.5 0.577553
475.6 0.565317
475.7 0.557062
475.8 0.565409
475.9 0.560736
476 0.545133
476.1 0.522995
476.2 0.524369
476.3 0.518983
476.4 0.531887
476.5 0.5315
476.6 0.529882
476.7 0.536856
476.8 0.537621
476.9 0.542486
477 0.522329
477.1 0.515051
477.2 0.512675
477.3 0.51431
477.4 0.50859
477.5 0.509586
477.6 0.501352
477.7 0.501999
477.8 0.505547
477.9 0.501545
478 0.502203
478.1 0.499064
478.2 0.508881
478.3 0.512375
478.4 0.504871
478.5 0.506382
478.6 0.520573
478.7 0.506425
478.8 0.52143
478.9 0.511431
479 0.499136
479.1 0.507769
479.2 0.498705
479.3 0.496212
479.4 0.507032
479.5 0.503201
479.6 0.497608
479.7 0.497917
479.8 0.508283
479.9 0.511378
480 0.498912
480.1 0.50492
480.2 0.510642
480.3 0.506993
480.4 0.511749
480.5 0.515764
480.6 0.51894
480.7 0.508918
480.8 0.512717
480.9 0.517704
481 0.519967
481.1 0.527483
481.2 0.533944
481.3 0.534555
481.4 0.527711
481.5 0.532173
481.6 0.542174
481.7 0.547963
481.8 0.561439
481.9 0.56139
482 0.559922
482.1 0.553091
482.2 0.553526
482.3 0.550832
482.4 0.558683
482.5 0.555101
482.6 0.540578
482.7 0.549839
482.8 0.550824
482.9 0.556585
483 0.567689
483.1 0.569347
483.2 0.571118
483.3 0.575449
483.4 0.582985
483.5 0.566002
483.6 0.561
483.7 0.564921
483.8 0.569882
483.9 0.552098
484 0.55226
484.1 0.563839
484.2 0.566289
484.3 0.573294
484.4 0.57802
484.5 0.588221
484.6 0.58256
484.7 0.584432
484.8 0.587218
484.9 0.586976
485 0.597693
485.1 0.595969
485.2 0.598245
485.3 0.576665
485.4 0.576101
485.5 0.577514
485.6 0.587722
485.7 0.588579
485.8 0.596492
485.9 0.603032
486 0.608432
486.1 0.600711
486.2 0.597656
486.3 0.600183
486.4 0.593986
486.5 0.58946
486.6 0.590838
486.7 0.590804
486.8 0.599379
486.9 0.604902
487 0.608596
487.1 0.606469
487.2 0.608258
487.3 0.617612
487.4 0.624858
487.5 0.623132
487.6 0.631059
487.7 0.62685
487.8 0.617811
487.9 0.617334
488 0.61907
488.1 0.624644
488.2 0.642205
488.3 0.641029
488.4 0.647773
488.5 0.658934
488.6 0.656437
488.7 0.657931
488.8 0.657039
488.9 0.647228
489 0.632864
489.1 0.629452
489.2 0.627398
489.3 0.619986
489.4 0.62262
489.5 0.628314
489.6 0.630609
489.7 0.637511
489.8 0.63935
489.9 0.644524
490 0.6418
490.1 0.626338
490.2 0.629328
490.3 0.625384
490.4 0.629279
490.5 0.626006
490.6 0.63058
490.7 0.63258
490.8 0.626532
490.9 0.639697
491 0.645946
491.1 0.639613
491.2 0.635707
491.3 0.642434
491.4 0.650055
491.5 0.64435
491.6 0.644181
491.7 0.627959
491.8 0.631983
491.9 0.627005
492 0.630724
492.1 0.610421
492.2 0.609162
492.3 0.608614
492.4 0.622632
492.5 0.6265
492.6 0.621152
492.7 0.621174
492.8 0.617044
492.9 0.615052
493 0.619635
493.1 0.626775
493.2 0.620625
493.3 0.61576
493.4 0.62382
493.5 0.624997
493.6 0.625954
493.7 0.638398
493.8 0.641989
493.9 0.64668
494 0.648349
494.1 0.65133
494.2 0.643033
494.3 0.639132
494.4 0.647166
494.5 0.651785
494.6 0.643502
494.7 0.648392
494.8 0.645765
494.9 0.633458
495 0.636626
495.1 0.626477
495.2 0.628917
495.3 0.624041
495.4 0.624632
495.5 0.624991
495.6 0.615695
495.7 0.605642
495.8 0.605695
495.9 0.605393
496 0.608471
496.1 0.610813
496.2 0.591293
496.3 0.585421
496.4 0.570225
496.5 0.579164
496.6 0.589895
496.7 0.589904
496.8 0.589694
496.9 0.598885
497 0.597636
497.1 0.607981
497.2 0.595272
497.3 0.595371
497.4 0.602296
497.5 0.590287
497.6 0.595713
497.7 0.605703
497.8 0.614626
497.9 0.617615
498 0.620179
498.1 0.628261
498.2 0.62125
498.3 0.61747
498.4 0.599525
498.5 0.609174
498.6 0.613852
498.7 0.601346
498.8 0.600069
498.9 0.592173
499 0.587742
499.1 0.590037
499.2 0.594292
499.3 0.588338
499.4 0.597538
499.5 0.596593
499.6 0.595645
499.7 0.599508
499.8 0.608457
499.9 0.605875
