0 0.0434509
0.1 0.0476674
0.2 0.0367629
0.3 0.0505992
0.4 0.0454571
0.5 0.0377495
0.6 0.0354781
0.7 0.0495932
0.8 0.042888
0.9 0.0466969
1 0.0694072
1.1 0.0473977
1.2 0.0475638
1.3 0.0406537
1.4 0.0328466
1.5 0.0178502
1.6 0.0137999
1.7 0.0257884
1.8 0.0404694
1.9 0.0347115
2 0.0495694
2.1 0.0443849
2.2 0.0536817
2.3 0.0510412
2.4 0.0618387
2.5 0.0507077
2.6 0.0476268
2.7 0.0529018
2.8 0.0537062
2.9 0.0604556
3 0.0695312
3.1 0.0665196
3.2 0.0800835
3.3 0.0863559
3.4 0.0683182
3.5 0.078887
3.6 0.0871899
3.7 0.106773
3.8 0.123867
3.9 0.122627
4 0.128874
4.1 0.142496
4.2 0.146262
4.3 0.14353
4.4 0.156558
4.5 0.173566
4.6 0.172491
4.7 0.190212
4.8 0.19734
4.9 0.208144
5 0.206098
5.1 0.223859
5.2 0.244352
5.3 0.26243
5.4 0.285788
5.5 0.29544
5.6 0.315747
5.7 0.341206
5.8 0.368862
5.9 0.371463
6 0.391592
6.1 0.408237
6.2 0.413209
6.3 0.436248
6.4 0.451221
6.5 0.465198
6.6 0.486197
6.7 0.482914
6.8 0.494542
6.9 0.499446
7 0.518891
7.1 0.536573
7.2 0.554746
7.3 0.58231
7.4 0.600334
7.5 0.622054
7.6 0.645177
7.7 0.66543
7.8 0.682276
7.9 0.684136
8 0.701003
8.1 0.715015
8.2 0.729517
8.3 0.746049
8.4 0.768716
8.5 0.780896
8.6 0.795496
8.7 0.811746
8.8 0.821102
8.9 0.81617
9 0.828088
9.1 0.835279
9.2 0.844013
9.3 0.85457
9.4 0.864029
9.5 0.85686
9.6 0.864912
9.7 0.873506
9.8 0.877885
9.9 0.88819
10 0.896917
10.1 0.907082
10.2 0.91659
10.3 0.922002
10.4 0.922478
10.5 0.920311
10.6 0.921445
10.7 0.925437
10.8 0.92514
10.9 0.929074
11 0.929878
11.1 0.933105
11.2 0.93585
11.3 0.9373
11.4 0.93928
11.5 0.941512
11.6 0.944479
11.7 0.946059
11.8 0.95027
11.9 0.948249
12 0.947389
12.1 0.947367
12.2 0.94754
12.3 0.948374
12.4 0.952113
12.5 0.951097
12.6 0.949578
12.7 0.949482
12.8 0.953034
12.9 0.950371
13 0.952238
13.1 0.95355
13.2 0.953553
13.3 0.955481
13.4 0.958931
13.5 0.961867
13.6 0.962865
13.7 0.960749
13.8 0.960432
13.9 0.959878
14 0.959979
14.1 0.960686
14.2 0.962182
14.3 0.961437
14.4 0.961667
14.5 0.963566
14.6 0.96256
14.7 0.962801
14.8 0.963993
14.9 0.964179
15 0.964471
15.1 0.965745
15.2 0.968673
15.3 0.968094
15.4 0.967026
15.5 0.967683
15.6 0.966049
15.7 0.96553
15.8 0.965266
15.9 0.967662
16 0.964814
16.1 0.967132
16.2 0.967126
16.3 0.968674
16.4 0.968883
16.5 0.969937
16.6 0.971015
16.7 0.970823
16.8 0.969166
16.9 0.970032
17 0.970048
17.1 0.968485
17.2 0.965628
17.3 0.966027
17.4 0.966407
17.5 0.967592
17.6 0.968136
17.7 0.968616
17.8 0.968124
17.9 0.969504
18 0.968679
18.1 0.969499
18.2 0.968499
18.3 0.968008
18.4 0.96895
18.5 0.968438
18.6 0.96705
18.7 0.965506
18.8 0.964822
18.9 0.966323
19 0.966992
19.1 0.969237
19.2 0.968123
19.3 0.964712
19.4 0.964971
19.5 0.965632
19.6 0.96253
19.7 0.965713
19.8 0.965881
19.9 0.965782
20 0.969172
20.1 0.966169
20.2 0.966192
20.3 0.966966
20.4 0.965757
20.5 0.967023
20.6 0.969236
20.7 0.968723
20.8 0.967584
20.9 0.964981
21 0.965969
21.1 0.966298
21.2 0.966763
21.3 0.967933
21.4 0.968396
21.5 0.968218
21.6 0.967673
21.7 0.966571
21.8 0.965314
21.9 0.964147
22 0.960494
22.1 0.961124
22.2 0.962161
22.3 0.964089
22.4 0.96326
22.5 0.960916
22.6 0.958965
22.7 0.962724
22.8 0.96028
22.9 0.962876
23 0.963698
23.1 0.964414
23.2 0.964609
23.3 0.964073
23.4 0.963441
23.5 0.963423
23.6 0.964165
23.7 0.966097
23.8 0.965913
23.9 0.965497
24 0.966482
24.1 0.967679
24.2 0.967518
24.3 0.968221
24.4 0.969361
24.5 0.966638
24.6 0.9671
24.7 0.965556
24.8 0.964949
24.9 0.965791
25 0.967236
25.1 0.963925
25.2 0.965626
25.3 0.967499
25.4 0.967021
25.5 0.96786
25.6 0.968526
25.7 0.968563
25.8 0.967332
25.9 0.968763
26 0.969029
26.1 0.968211
26.2 0.970193
26.3 0.969808
26.4 0.970706
26.5 0.971066
26.6 0.971446
26.7 0.971021
26.8 0.973938
26.9 0.97002
27 0.967084
27.1 0.96335
27.2 0.964842
27.3 0.967393
27.4 0.968616
27.5 0.969778
27.6 0.966987
27.7 0.967995
27.8 0.969232
27.9 0.968034
28 0.968524
28.1 0.96935
28.2 0.968275
28.3 0.967714
28.4 0.968506
28.5 0.968736
28.6 0.965766
28.7 0.967207
28.8 0.967462
28.9 0.96889
29 0.969124
29.1 0.969406
29.2 0.968857
29.3 0.970525
29.4 0.970222
29.5 0.971553
29.6 0.969798
29.7 0.968559
29.8 0.96737
29.9 0.964066
30 0.96689
30.1 0.966472
30.2 0.964486
30.3 0.967297
30.4 0.964991
30.5 0.96474
30.6 0.965613
30.7 0.966673
30.8 0.967016
30.9 0.966975
31 0.967655
31.1 0.967639
31.2 0.965043
31.3 0.964406
31.4 0.964388
31.5 0.965401
31.6 0.964394
31.7 0.966817
31.8 0.966222
31.9 0.966556
32 0.967625
32.1 0.967241
32.2 0.967616
32.3 0.96605
32.4 0.966392
32.5 0.967857
32.6 0.96859
32.7 0.966981
32.8 0.967333
32.9 0.967155
33 0.966923
33.1 0.965904
33.2 0.967946
33.3 0.968855
33.4 0.967808
33.5 0.968003
33.6 0.968405
33.7 0.966614
33.8 0.967804
33.9 0.967355
34 0.96748
34.1 0.967414
34.2 0.968508
34.3 0.968344
34.4 0.969336
34.5 0.969568
34.6 0.969229
34.7 0.970224
34.8 0.967691
34.9 0.968877
35 0.96779
35.1 0.968098
35.2 0.964328
35.3 0.963832
35.4 0.964935
35.5 0.965611
35.6 0.966519
35.7 0.965292
35.8 0.965852
35.9 0.965408
36 0.964996
36.1 0.964142
36.2 0.963355
36.3 0.964632
36.4 0.964939
36.5 0.965797
36.6 0.966558
36.7 0.969505
36.8 0.969799
36.9 0.970978
37 0.972573
37.1 0.971408
37.2 0.971001
37.3 0.97034
37.4 0.970426
37.5 0.971968
37.6 0.970722
37.7 0.972707
37.8 0.974216
37.9 0.97232
38 0.972339
38.1 0.971064
38.2 0.969785
38.3 0.967878
38.4 0.967281
38.5 0.96727
38.6 0.966356
38.7 0.96475
38.8 0.964498
38.9 0.962804
39 0.960839
39.1 0.959843
39.2 0.956207
39.3 0.957981
39.4 0.957963
39.5 0.95856
39.6 0.959963
39.7 0.960277
39.8 0.960431
39.9 0.960786
40 0.960932
40.1 0.961162
40.2 0.960582
40.3 0.962818
40.4 0.961812
40.5 0.960998
40.6 0.956966
40.7 0.959245
40.8 0.961412
40.9 0.963225
41 0.962194
41.1 0.964087
41.2 0.964706
41.3 0.966425
41.4 0.966537
41.5 0.965168
41.6 0.963951
41.7 0.964507
41.8 0.965717
41.9 0.965242
42 0.966342
42.1 0.965915
42.2 0.967286
42.3 0.965211
42.4 0.966059
42.5 0.966762
42.6 0.966127
42.7 0.963481
42.8 0.962029
42.9 0.962388
43 0.963117
43.1 0.963355
43.2 0.965917
43.3 0.964952
43.4 0.961996
43.5 0.965122
43.6 0.96493
43.7 0.964344
43.8 0.96531
43.9 0.962941
44 0.963786
44.1 0.964405
44.2 0.966384
44.3 0.96629
44.4 0.966096
44.5 0.967058
44.6 0.967738
44.7 0.969505
44.8 0.968467
44.9 0.969294
45 0.967762
45.1 0.969664
45.2 0.967013
45.3 0.967173
45.4 0.963478
45.5 0.964612
45.6 0.963665
45.7 0.963055
45.8 0.965738
45.9 0.965046
46 0.96515
46.1 0.967353
46.2 0.967376
46.3 0.966273
46.4 0.96529
46.5 0.966132
46.6 0.96491
46.7 0.964553
46.8 0.965152
46.9 0.966064
47 0.964591
47.1 0.964918
47.2 0.964492
47.3 0.963375
47.4 0.963954
47.5 0.963923
47.6 0.96499
47.7 0.964449
47.8 0.962114
47.9 0.960471
48 0.95962
48.1 0.960515
48.2 0.959712
48.3 0.961263
48.4 0.963854
48.5 0.961951
48.6 0.962924
48.7 0.961535
48.8 0.961801
48.9 0.962773
49 0.963175
49.1 0.964819
49.2 0.964922
49.3 0.965223
49.4 0.967075
49.5 0.967128
49.6 0.96564
49.7 0.966676
49.8 0.966968
49.9 0.968291
50 0.969871
50.1 0.969292
50.2 0.969257
50.3 0.967658
50.4 0.96545
50.5 0.965089
50.6 0.966439
50.7 0.964639
50.8 0.96514
50.9 0.964902
51 0.965463
51.1 0.96604
51.2 0.966208
51.3 0.966486
51.4 0.967578
51.5 0.966309
51.6 0.96394
51.7 0.962692
51.8 0.964288
51.9 0.961229
52 0.961645
52.1 0.963181
52.2 0.963682
52.3 0.966066
52.4 0.966373
52.5 0.966731
52.6 0.964841
52.7 0.967461
52.8 0.967195
52.9 0.967966
53 0.969565
53.1 0.967806
53.2 0.966491
53.3 0.966442
53.4 0.966892
53.5 0.968296
53.6 0.971341
53.7 0.969466
53.8 0.969536
53.9 0.971874
54 0.972501
54.1 0.969785
54.2 0.967224
54.3 0.967812
54.4 0.968524
54.5 0.970875
54.6 0.970119
54.7 0.967196
54.8 0.966495
54.9 0.963301
55 0.964245
55.1 0.961645
55.2 0.965805
55.3 0.966144
55.4 0.965009
55.5 0.965057
55.6 0.968838
55.7 0.967939
55.8 0.968405
55.9 0.967404
56 0.965889
56.1 0.964595
56.2 0.963267
56.3 0.96273
56.4 0.959556
56.5 0.96136
56.6 0.960761
56.7 0.961737
56.8 0.963563
56.9 0.96342
57 0.961834
57.1 0.965382
57.2 0.965358
57.3 0.964989
57.4 0.965232
57.5 0.963105
57.6 0.963261
57.7 0.96481
57.8 0.965209
57.9 0.967166
58 0.96694
58.1 0.967631
58.2 0.968567
58.3 0.968231
58.4 0.967823
58.5 0.968648
58.6 0.967679
58.7 0.968705
58.8 0.968631
58.9 0.969966
59 0.970788
59.1 0.96991
59.2 0.968933
59.3 0.96826
59.4 0.9692
59.5 0.967138
59.6 0.967227
59.7 0.964345
59.8 0.964102
59.9 0.966599
60 0.967322
60.1 0.968707
60.2 0.966645
60.3 0.966809
60.4 0.96901
60.5 0.967099
60.6 0.96664
60.7 0.966435
60.8 0.965565
60.9 0.965276
61 0.965562
61.1 0.966376
61.2 0.962252
61.3 0.962517
61.4 0.961191
61.5 0.960903
61.6 0.959792
61.7 0.961332
61.8 0.963399
61.9 0.964025
62 0.964703
62.1 0.963969
62.2 0.964044
62.3 0.96457
62.4 0.968244
62.5 0.966521
62.6 0.967929
62.7 0.968615
62.8 0.968638
62.9 0.968544
63 0.967666
63.1 0.967702
63.2 0.967156
63.3 0.968936
63.4 0.967436
63.5 0.967725
63.6 0.968249
63.7 0.966789
63.8 0.965743
63.9 0.966225
64 0.967121
64.1 0.968565
64.2 0.969616
64.3 0.968547
64.4 0.967274
64.5 0.966423
64.6 0.966542
64.7 0.967826
64.8 0.964995
64.9 0.963658
65 0.96441
65.1 0.965884
65.2 0.965713
65.3 0.968008
65.4 0.963366
65.5 0.965125
65.6 0.967538
65.7 0.965785
65.8 0.967862
65.9 0.965129
66 0.963865
66.1 0.965668
66.2 0.967231
66.3 0.969296
66.4 0.97031
66.5 0.972848
66.6 0.973303
66.7 0.971168
66.8 0.970902
66.9 0.971437
67 0.972072
67.1 0.972908
67.2 0.972405
67.3 0.972707
67.4 0.971123
67.5 0.969175
67.6 0.968705
67.7 0.966669
67.8 0.967526
67.9 0.967176
68 0.966355
68.1 0.965697
68.2 0.967664
68.3 0.970029
68.4 0.97041
68.5 0.968407
68.6 0.96764
68.7 0.966902
68.8 0.967665
68.9 0.968183
69 0.96872
69.1 0.969298
69.2 0.96927
69.3 0.971205
69.4 0.96996
69.5 0.96846
69.6 0.968283
69.7 0.966894
69.8 0.966627
69.9 0.967341
70 0.966031
70.1 0.965506
70.2 0.963575
70.3 0.965389
70.4 0.967551
70.5 0.967435
70.6 0.96881
70.7 0.970966
70.8 0.970409
70.9 0.970291
71 0.970357
71.1 0.969133
71.2 0.968903
71.3 0.97081
71.4 0.969809
71.5 0.972136
71.6 0.972385
71.7 0.971295
71.8 0.969676
71.9 0.96684
72 0.966286
72.1 0.967024
72.2 0.966199
72.3 0.965435
72.4 0.967182
72.5 0.965992
72.6 0.96723
72.7 0.966964
72.8 0.967759
72.9 0.966884
73 0.965704
73.1 0.967151
73.2 0.964541
73.3 0.965228
73.4 0.967556
73.5 0.967647
73.6 0.96675
73.7 0.968014
73.8 0.969279
73.9 0.965846
74 0.967424
74.1 0.967192
74.2 0.966976
74.3 0.964067
74.4 0.964618
74.5 0.962216
74.6 0.963624
74.7 0.962938
74.8 0.965517
74.9 0.964032
75 0.964356
75.1 0.965742
75.2 0.968005
75.3 0.968598
75.4 0.97045
75.5 0.971172
75.6 0.970405
75.7 0.969919
75.8 0.968799
75.9 0.970556
76 0.968102
76.1 0.967865
76.2 0.968592
76.3 0.969139
76.4 0.968224
76.5 0.965866
76.6 0.965275
76.7 0.965006
76.8 0.963483
76.9 0.96399
77 0.963643
77.1 0.962968
77.2 0.963531
77.3 0.962321
77.4 0.962317
77.5 0.963425
77.6 0.965794
77.7 0.96608
77.8 0.966049
77.9 0.965998
78 0.965136
78.1 0.964388
78.2 0.965724
78.3 0.963123
78.4 0.962719
78.5 0.961547
78.6 0.961129
78.7 0.960572
78.8 0.964528
78.9 0.963388
79 0.964199
79.1 0.965834
79.2 0.965909
79.3 0.966294
79.4 0.966528
79.5 0.967929
79.6 0.968162
79.7 0.969565
79.8 0.971289
79.9 0.969446
80 0.967298
80.1 0.965853
80.2 0.9664
80.3 0.965742
80.4 0.963074
80.5 0.963901
80.6 0.965827
80.7 0.964292
80.8 0.961784
80.9 0.962923
81 0.963426
81.1 0.96507
81.2 0.965857
81.3 0.96741
81.4 0.96792
81.5 0.967887
81.6 0.966864
81.7 0.966134
81.8 0.968261
81.9 0.968998
82 0.967789
82.1 0.967154
82.2 0.966507
82.3 0.967957
82.4 0.967628
82.5 0.967658
82.6 0.969116
82.7 0.969161
82.8 0.965877
82.9 0.962987
83 0.964092
83.1 0.964652
83.2 0.965092
83.3 0.965594
83.4 0.964323
83.5 0.965167
83.6 0.964459
83.7 0.962865
83.8 0.961396
83.9 0.962958
84 0.964015
84.1 0.965348
84.2 0.968503
84.3 0.969263
84.4 0.971976
84.5 0.970551
84.6 0.968806
84.7 0.97051
84.8 0.971971
84.9 0.972872
85 0.971357
85.1 0.96896
85.2 0.970897
85.3 0.970466
85.4 0.972059
85.5 0.971888
85.6 0.972398
85.7 0.972869
85.8 0.971486
85.9 0.972459
86 0.972794
86.1 0.97231
86.2 0.971475
86.3 0.968545
86.4 0.971974
86.5 0.971297
86.6 0.970055
86.7 0.969064
86.8 0.96973
86.9 0.970587
87 0.969111
87.1 0.969135
87.2 0.966636
87.3 0.96627
87.4 0.967323
87.5 0.966813
87.6 0.968021
87.7 0.969305
87.8 0.967566
87.9 0.967844
88 0.965693
88.1 0.968131
88.2 0.96773
88.3 0.96802
88.4 0.966573
88.5 0.966354
88.6 0.967223
88.7 0.969914
88.8 0.96982
88.9 0.971394
89 0.974502
89.1 0.973208
89.2 0.971444
89.3 0.970324
89.4 0.968687
89.5 0.969778
89.6 0.970959
89.7 0.968848
89.8 0.967908
89.9 0.966679
90 0.967478
90.1 0.966028
90.2 0.966407
90.3 0.964098
90.4 0.96409
90.5 0.965475
90.6 0.965212
90.7 0.967611
90.8 0.967088
90.9 0.963674
91 0.964169
91.1 0.964464
91.2 0.962908
91.3 0.963995
91.4 0.96535
91.5 0.966169
91.6 0.962564
91.7 0.962118
91.8 0.962563
91.9 0.962945
92 0.965102
92.1 0.965813
92.2 0.965664
92.3 0.966675
92.4 0.967015
92.5 0.968575
92.6 0.968369
92.7 0.969319
92.8 0.966084
92.9 0.966359
93 0.968328
93.1 0.967121
93.2 0.969203
93.3 0.969982
93.4 0.970808
93.5 0.970654
93.6 0.969733
93.7 0.967809
93.8 0.968578
93.9 0.968669
94 0.967618
94.1 0.965884
94.2 0.969584
94.3 0.971316
94.4 0.968558
94.5 0.969534
94.6 0.970477
94.7 0.970315
94.8 0.971494
94.9 0.97036
95 0.971996
95.1 0.968896
95.2 0.969154
95.3 0.968976
95.4 0.970381
95.5 0.96771
95.6 0.966558
95.7 0.968678
95.8 0.967713
95.9 0.968944
96 0.968558
96.1 0.971103
96.2 0.970102
96.3 0.970851
96.4 0.966921
96.5 0.965679
96.6 0.965838
96.7 0.968183
96.8 0.969932
96.9 0.9701
97 0.97132
97.1 0.967829
97.2 0.96633
97.3 0.965418
97.4 0.965813
97.5 0.964916
97.6 0.965539
97.7 0.964928
97.8 0.965164
97.9 0.965486
98 0.964716
98.1 0.965941
98.2 0.962542
98.3 0.963497
98.4 0.964093
98.5 0.963514
98.6 0.963533
98.7 0.964433
98.8 0.962252
98.9 0.962243
99 0.962572
99.1 0.965744
99.2 0.964747
99.3 0.960423
99.4 0.95851
99.5 0.959357
99.6 0.960368
99.7 0.960242
99.8 0.961113
99.9 0.960431
100 0.961821
100.1 0.962249
100.2 0.964252
100.3 0.96745
100.4 0.968263
100.5 0.967607
100.6 0.967081
100.7 0.966908
100.8 0.968324
100.9 0.967183
101 0.969129
101.1 0.96853
101.2 0.967786
101.3 0.969379
101.4 0.968551
101.5 0.967014
101.6 0.965976
101.7 0.967942
101.8 0.969379
101.9 0.966679
102 0.967094
102.1 0.966634
102.2 0.965606
102.3 0.966562
102.4 0.966316
102.5 0.968424
102.6 0.969092
102.7 0.967471
102.8 0.968977
102.9 0.966251
103 0.967985
103.1 0.968969
103.2 0.970927
103.3 0.970992
103.4 0.968751
103.5 0.9689
103.6 0.966335
103.7 0.965826
103.8 0.964681
103.9 0.963658
104 0.963671
104.1 0.964535
104.2 0.96491
104.3 0.962875
104.4 0.960852
104.5 0.959931
104.6 0.960563
104.7 0.960734
104.8 0.959959
104.9 0.95979
105 0.959812
105.1 0.962061
105.2 0.960422
105.3 0.962164
105.4 0.963905
105.5 0.964338
105.6 0.964416
105.7 0.96667
105.8 0.96537
105.9 0.961625
106 0.959304
106.1 0.958979
106.2 0.958634
106.3 0.956951
106.4 0.955586
106.5 0.956681
106.6 0.958423
106.7 0.95613
106.8 0.95604
106.9 0.955678
107 0.957642
107.1 0.95885
107.2 0.957668
107.3 0.958235
107.4 0.959615
107.5 0.960607
107.6 0.960593
107.7 0.961199
107.8 0.963634
107.9 0.964518
108 0.962595
108.1 0.961406
108.2 0.961875
108.3 0.964225
108.4 0.964773
108.5 0.962472
108.6 0.962509
108.7 0.965318
108.8 0.966833
108.9 0.966155
109 0.966436
109.1 0.968121
109.2 0.968266
109.3 0.968965
109.4 0.969444
109.5 0.968298
109.6 0.968373
109.7 0.968423
109.8 0.970256
109.9 0.968611
110 0.968963
110.1 0.972187
110.2 0.970182
110.3 0.970148
110.4 0.968409
110.5 0.965995
110.6 0.96355
110.7 0.963739
110.8 0.964973
110.9 0.965349
111 0.967349
111.1 0.964979
111.2 0.964151
111.3 0.964919
111.4 0.964977
111.5 0.964178
111.6 0.963329
111.7 0.966847
111.8 0.964073
111.9 0.966304
112 0.969752
112.1 0.96667
112.2 0.964769
112.3 0.966738
112.4 0.965148
112.5 0.964558
112.6 0.964376
112.7 0.965084
112.8 0.965829
112.9 0.968188
113 0.968523
113.1 0.966931
113.2 0.96677
113.3 0.966503
113.4 0.967561
113.5 0.967754
113.6 0.967787
113.7 0.967368
113.8 0.968232
113.9 0.96608
114 0.967164
114.1 0.967505
114.2 0.967384
114.3 0.968748
114.4 0.96777
114.5 0.967333
114.6 0.967403
114.7 0.969755
114.8 0.970777
114.9 0.971579
115 0.971767
115.1 0.970399
115.2 0.969468
115.3 0.968977
115.4 0.971867
115.5 0.971862
115.6 0.970224
115.7 0.970368
115.8 0.968413
115.9 0.968366
116 0.966903
116.1 0.967349
116.2 0.96615
116.3 0.967102
116.4 0.965974
116.5 0.962571
116.6 0.963608
116.7 0.965401
116.8 0.966256
116.9 0.966021
117 0.968163
117.1 0.967858
117.2 0.96776
117.3 0.96684
117.4 0.962693
117.5 0.964191
117.6 0.962662
117.7 0.96079
117.8 0.961599
117.9 0.960191
118 0.963089
118.1 0.963693
118.2 0.96438
118.3 0.966916
118.4 0.967663
118.5 0.965484
118.6 0.968246
118.7 0.968847
118.8 0.968962
118.9 0.968897
119 0.967763
119.1 0.967389
119.2 0.967285
119.3 0.967322
119.4 0.966482
119.5 0.967536
119.6 0.965666
119.7 0.966535
119.8 0.965787
119.9 0.966955
120 0.966839
120.1 0.968781
120.2 0.969025
120.3 0.968839
120.4 0.967859
120.5 0.96668
120.6 0.965973
120.7 0.96712
120.8 0.966195
120.9 0.963134
121 0.965008
121.1 0.967513
121.2 0.9665
121.3 0.968593
121.4 0.967925
121.5 0.969252
121.6 0.96665
121.7 0.966502
121.8 0.964421
121.9 0.964334
122 0.962876
122.1 0.960827
122.2 0.95991
122.3 0.96335
122.4 0.962535
122.5 0.961414
122.6 0.965614
122.7 0.965274
122.8 0.964392
122.9 0.964735
123 0.963749
123.1 0.961862
123.2 0.964174
123.3 0.962042
123.4 0.962251
123.5 0.964608
123.6 0.965865
123.7 0.967247
123.8 0.96977
123.9 0.970679
124 0.968449
124.1 0.968954
124.2 0.96925
124.3 0.968242
124.4 0.968636
124.5 0.968093
124.6 0.969148
124.7 0.9685
124.8 0.965895
124.9 0.968381
125 0.970571
125.1 0.970867
125.2 0.968812
125.3 0.967422
125.4 0.968996
125.5 0.970179
125.6 0.97011
125.7 0.970849
125.8 0.969506
125.9 0.967412
126 0.965455
126.1 0.965047
126.2 0.963664
126.3 0.961376
126.4 0.963159
126.5 0.963662
126.6 0.964833
126.7 0.96506
126.8 0.967597
126.9 0.968832
127 0.967253
127.1 0.967307
127.2 0.967655
127.3 0.967804
127.4 0.967601
127.5 0.970293
127.6 0.968425
127.7 0.970729
127.8 0.970654
127.9 0.971784
128 0.972465
128.1 0.973072
128.2 0.971511
128.3 0.969994
128.4 0.968003
128.5 0.966787
128.6 0.970163
128.7 0.971488
128.8 0.972634
128.9 0.970518
129 0.969005
129.1 0.968285
129.2 0.967909
129.3 0.9697
129.4 0.971192
129.5 0.970959
129.6 0.967685
129.7 0.966882
129.8 0.965862
129.9 0.966583
130 0.965745
130.1 0.964837
130.2 0.967054
130.3 0.966584
130.4 0.965169
130.5 0.963967
130.6 0.964375
130.7 0.962875
130.8 0.964456
130.9 0.964912
131 0.966542
131.1 0.966329
131.2 0.964885
131.3 0.965352
131.4 0.965905
131.5 0.966719
131.6 0.964457
131.7 0.963986
131.8 0.96405
131.9 0.964153
132 0.965004
132.1 0.967378
132.2 0.965976
132.3 0.967149
132.4 0.967569
132.5 0.968449
132.6 0.96704
132.7 0.966009
132.8 0.966958
132.9 0.967483
133 0.967102
133.1 0.964583
133.2 0.963318
133.3 0.965794
133.4 0.966376
133.5 0.966202
133.6 0.967014
133.7 0.964814
133.8 0.965274
133.9 0.966073
134 0.966053
134.1 0.969357
134.2 0.969349
134.3 0.968228
134.4 0.967571
134.5 0.969005
134.6 0.967673
134.7 0.966701
134.8 0.967162
134.9 0.968308
135 0.968159
135.1 0.970652
135.2 0.970602
135.3 0.970798
135.4 0.969578
135.5 0.970254
135.6 0.970325
135.7 0.969825
135.8 0.968544
135.9 0.967349
136 0.967347
136.1 0.966639
136.2 0.96753
136.3 0.969008
136.4 0.968676
136.5 0.968495
136.6 0.965477
136.7 0.966315
136.8 0.965803
136.9 0.963167
137 0.963721
137.1 0.965502
137.2 0.964879
137.3 0.96517
137.4 0.964635
137.5 0.968552
137.6 0.967557
137.7 0.965018
137.8 0.963662
137.9 0.966036
138 0.966892
138.1 0.965962
138.2 0.967449
138.3 0.9697
138.4 0.968834
138.5 0.97007
138.6 0.969174
138.7 0.969648
138.8 0.970883
138.9 0.973615
139 0.972543
139.1 0.970795
139.2 0.971587
139.3 0.9724
139.4 0.971507
139.5 0.971498
139.6 0.969151
139.7 0.96829
139.8 0.968009
139.9 0.97007
140 0.968042
140.1 0.971362
140.2 0.969914
140.3 0.969901
140.4 0.967111
140.5 0.96842
140.6 0.964337
140.7 0.963652
140.8 0.960288
140.9 0.961387
141 0.962549
141.1 0.962976
141.2 0.962331
141.3 0.964399
141.4 0.962759
141.5 0.962165
141.6 0.963127
141.7 0.965515
141.8 0.966403
141.9 0.965692
142 0.968157
142.1 0.966677
142.2 0.966993
142.3 0.969128
142.4 0.970354
142.5 0.969592
142.6 0.968555
142.7 0.971695
142.8 0.968639
142.9 0.968159
143 0.967154
143.1 0.968535
143.2 0.967384
143.3 0.969121
143.4 0.970415
143.5 0.971471
143.6 0.972486
143.7 0.969754
143.8 0.971856
143.9 0.968373
144 0.964598
144.1 0.966391
144.2 0.963969
144.3 0.963273
144.4 0.964815
144.5 0.965397
144.6 0.965055
144.7 0.966189
144.8 0.967487
144.9 0.966565
145 0.965396
145.1 0.966801
145.2 0.966027
145.3 0.966344
145.4 0.966475
145.5 0.965281
145.6 0.963627
145.7 0.961238
145.8 0.963214
145.9 0.962054
146 0.962091
146.1 0.961571
146.2 0.961226
146.3 0.95895
146.4 0.958278
146.5 0.959188
146.6 0.961883
146.7 0.96447
146.8 0.966391
146.9 0.966674
147 0.965366
147.1 0.967728
147.2 0.970167
147.3 0.96955
147.4 0.968501
147.5 0.966901
147.6 0.969536
147.7 0.969001
147.8 0.970667
147.9 0.969025
148 0.968612
148.1 0.967271
148.2 0.966225
148.3 0.963739
148.4 0.964114
148.5 0.964926
148.6 0.963814
148.7 0.964106
148.8 0.964906
148.9 0.967644
149 0.966135
149.1 0.96663
149.2 0.968918
149.3 0.968652
149.4 0.968624
149.5 0.968803
149.6 0.967521
149.7 0.966907
149.8 0.96845
149.9 0.966687
150 0.967451
150.1 0.9686
150.2 0.967438
150.3 0.968024
150.4 0.967005
150.5 0.970064
150.6 0.967325
150.7 0.968648
150.8 0.968679
150.9 0.970833
151 0.970069
151.1 0.970056
151.2 0.969349
151.3 0.968207
151.4 0.965813
151.5 0.968704
151.6 0.966939
151.7 0.966075
151.8 0.966387
151.9 0.967975
152 0.967602
152.1 0.966323
152.2 0.967411
152.3 0.96558
152.4 0.964475
152.5 0.963499
152.6 0.96386
152.7 0.96427
152.8 0.967452
152.9 0.964726
153 0.962329
153.1 0.962038
153.2 0.958076
153.3 0.958467
153.4 0.958324
153.5 0.958821
153.6 0.961317
153.7 0.962023
153.8 0.96294
153.9 0.959413
154 0.960279
154.1 0.96208
154.2 0.962815
154.3 0.963682
154.4 0.966013
154.5 0.965008
154.6 0.964792
154.7 0.963513
154.8 0.964287
154.9 0.962607
155 0.962403
155.1 0.960672
155.2 0.961586
155.3 0.963775
155.4 0.964073
155.5 0.962681
155.6 0.960811
155.7 0.963777
155.8 0.963795
155.9 0.966327
156 0.965994
156.1 0.965914
156.2 0.964454
156.3 0.961745
156.4 0.959846
156.5 0.960919
156.6 0.961498
156.7 0.962361
156.8 0.964608
156.9 0.963856
157 0.965837
157.1 0.965109
157.2 0.96505
157.3 0.964705
157.4 0.966397
157.5 0.967648
157.6 0.967872
157.7 0.966536
157.8 0.968598
157.9 0.967436
158 0.969596
158.1 0.969656
158.2 0.969831
158.3 0.968982
158.4 0.967766
158.5 0.968161
158.6 0.967207
158.7 0.968044
158.8 0.966521
158.9 0.966562
159 0.965135
159.1 0.963424
159.2 0.965419
159.3 0.964505
159.4 0.966452
159.5 0.96577
159.6 0.966574
159.7 0.964621
159.8 0.965191
159.9 0.965005
160 0.964574
160.1 0.962157
160.2 0.965727
160.3 0.964089
160.4 0.965718
160.5 0.964825
160.6 0.966377
160.7 0.964209
160.8 0.967293
160.9 0.965964
161 0.965352
161.1 0.964016
161.2 0.964199
161.3 0.965772
161.4 0.969387
161.5 0.9684
161.6 0.967644
161.7 0.965721
161.8 0.964961
161.9 0.965811
162 0.967225
162.1 0.966304
162.2 0.967189
162.3 0.965128
162.4 0.964591
162.5 0.961227
162.6 0.964719
162.7 0.963931
162.8 0.9646
162.9 0.963903
163 0.963039
163.1 0.962852
163.2 0.962705
163.3 0.963319
163.4 0.962433
163.5 0.96504
163.6 0.962805
163.7 0.964277
163.8 0.963538
163.9 0.964307
164 0.963535
164.1 0.963907
164.2 0.963717
164.3 0.963205
164.4 0.964155
164.5 0.961538
164.6 0.962797
164.7 0.9649
164.8 0.964509
164.9 0.964151
165 0.96587
165.1 0.96883
165.2 0.969122
165.3 0.969239
165.4 0.967614
165.5 0.969101
165.6 0.967803
165.7 0.969739
165.8 0.968394
165.9 0.967232
166 0.968371
166.1 0.96604
166.2 0.966022
166.3 0.964716
166.4 0.965775
166.5 0.964512
166.6 0.96485
166.7 0.965751
166.8 0.963748
166.9 0.964661
167 0.965545
167.1 0.9634
167.2 0.965783
167.3 0.962607
167.4 0.965101
167.5 0.966175
167.6 0.966722
167.7 0.967638
167.8 0.968824
167.9 0.966312
168 0.963499
168.1 0.96244
168.2 0.960169
168.3 0.960462
168.4 0.959154
168.5 0.961572
168.6 0.962718
168.7 0.964208
168.8 0.964078
168.9 0.964113
169 0.962736
169.1 0.96369
169.2 0.962899
169.3 0.962295
169.4 0.964076
169.5 0.964501
169.6 0.964109
169.7 0.963169
169.8 0.963682
169.9 0.967715
170 0.965136
170.1 0.963776
170.2 0.964716
170.3 0.9667
170.4 0.968512
170.5 0.969069
170.6 0.969994
170.7 0.968797
170.8 0.965599
170.9 0.96757
171 0.968051
171.1 0.969546
171.2 0.970738
171.3 0.969486
171.4 0.972847
171.5 0.973138
171.6 0.972145
171.7 0.972754
171.8 0.973424
171.9 0.973737
172 0.971999
172.1 0.972008
172.2 0.971478
172.3 0.969971
172.4 0.968962
172.5 0.968835
172.6 0.970983
172.7 0.970059
172.8 0.968879
172.9 0.969019
173 0.967295
173.1 0.965961
173.2 0.968437
173.3 0.967515
173.4 0.965157
173.5 0.964819
173.6 0.96467
173.7 0.965455
173.8 0.965552
173.9 0.964801
174 0.965177
174.1 0.966169
174.2 0.966472
174.3 0.963224
174.4 0.963122
174.5 0.966814
174.6 0.968243
174.7 0.969184
174.8 0.969127
174.9 0.967942
175 0.965829
175.1 0.964284
175.2 0.963494
175.3 0.962943
175.4 0.962427
175.5 0.96412
175.6 0.96425
175.7 0.96492
175.8 0.96341
175.9 0.960903
176 0.959636
176.1 0.958543
176.2 0.961709
176.3 0.962664
176.4 0.962618
176.5 0.961593
176.6 0.96115
176.7 0.960496
176.8 0.960752
176.9 0.962715
177 0.961765
177.1 0.964413
177.2 0.964648
177.3 0.965943
177.4 0.967128
177.5 0.96521
177.6 0.966294
177.7 0.966397
177.8 0.966759
177.9 0.963807
178 0.966205
178.1 0.964798
178.2 0.963903
178.3 0.962076
178.4 0.961641
178.5 0.965987
178.6 0.964531
178.7 0.963406
178.8 0.964376
178.9 0.962033
179 0.961602
179.1 0.96162
179.2 0.960494
179.3 0.961689
179.4 0.964599
179.5 0.965312
179.6 0.965507
179.7 0.965829
179.8 0.964331
179.9 0.964889
180 0.963036
180.1 0.961135
180.2 0.964459
180.3 0.964713
180.4 0.967481
180.5 0.96822
180.6 0.968979
180.7 0.969461
180.8 0.968612
180.9 0.967923
181 0.967564
181.1 0.969098
181.2 0.969545
181.3 0.965268
181.4 0.964565
181.5 0.966506
181.6 0.968051
181.7 0.96684
181.8 0.965138
181.9 0.965997
182 0.96427
182.1 0.965396
182.2 0.965092
182.3 0.966534
182.4 0.968126
182.5 0.966089
182.6 0.967372
182.7 0.967003
182.8 0.966977
182.9 0.96481
183 0.965778
183.1 0.964987
183.2 0.965975
183.3 0.966796
183.4 0.968169
183.5 0.967952
183.6 0.966102
183.7 0.966686
183.8 0.966746
183.9 0.967862
184 0.967223
184.1 0.968599
184.2 0.967908
184.3 0.964878
184.4 0.964709
184.5 0.965921
184.6 0.964938
184.7 0.965758
184.8 0.965583
184.9 0.968366
185 0.968672
185.1 0.966535
185.2 0.963731
185.3 0.963537
185.4 0.963046
185.5 0.963752
185.6 0.96299
185.7 0.959824
185.8 0.960657
185.9 0.962105
186 0.961921
186.1 0.961101
186.2 0.959232
186.3 0.958373
186.4 0.963642
186.5 0.964335
186.6 0.965531
186.7 0.965406
186.8 0.968432
186.9 0.969177
187 0.971016
187.1 0.970526
187.2 0.969833
187.3 0.97246
187.4 0.974269
187.5 0.971588
187.6 0.970712
187.7 0.970656
187.8 0.969432
187.9 0.969097
188 0.966677
188.1 0.968949
188.2 0.968341
188.3 0.969549
188.4 0.968728
188.5 0.969978
188.6 0.968217
188.7 0.968001
188.8 0.966026
188.9 0.967592
189 0.966962
189.1 0.966801
189.2 0.966419
189.3 0.966477
189.4 0.966578
189.5 0.964536
189.6 0.964791
189.7 0.964658
189.8 0.965109
189.9 0.962909
190 0.96452
190.1 0.966817
190.2 0.966471
190.3 0.968272
190.4 0.969021
190.5 0.970446
190.6 0.969024
190.7 0.967279
190.8 0.969518
190.9 0.966084
191 0.963241
191.1 0.963163
191.2 0.963858
191.3 0.966021
191.4 0.96553
191.5 0.966948
191.6 0.965384
191.7 0.967387
191.8 0.965845
191.9 0.965
192 0.965038
192.1 0.966719
192.2 0.966442
192.3 0.965114
192.4 0.965887
192.5 0.963899
192.6 0.960292
192.7 0.959944
192.8 0.961195
192.9 0.960632
193 0.960268
193.1 0.960873
193.2 0.957882
193.3 0.959239
193.4 0.957717
193.5 0.958675
193.6 0.958952
193.7 0.960023
193.8 0.960335
193.9 0.960168
194 0.961354
194.1 0.961189
194.2 0.961251
194.3 0.962364
194.4 0.962199
194.5 0.963895
194.6 0.96252
194.7 0.962677
194.8 0.963177
194.9 0.963332
195 0.961798
195.1 0.962046
195.2 0.964178
195.3 0.965927
195.4 0.965449
195.5 0.964979
195.6 0.964357
195.7 0.962682
195.8 0.964295
195.9 0.964813
196 0.965024
196.1 0.965731
196.2 0.966974
196.3 0.968359
196.4 0.965904
196.5 0.965394
196.6 0.964517
196.7 0.966459
196.8 0.968028
196.9 0.97014
197 0.971471
197.1 0.970353
197.2 0.970047
197.3 0.970075
197.4 0.971395
197.5 0.971416
197.6 0.969017
197.7 0.967058
197.8 0.967665
197.9 0.967466
198 0.966774
198.1 0.966307
198.2 0.965937
198.3 0.964299
198.4 0.964319
198.5 0.964729
198.6 0.965272
198.7 0.966775
198.8 0.966612
198.9 0.967393
199 0.971296
199.1 0.973855
199.2 0.974013
199.3 0.974276
199.4 0.97473
199.5 0.975329
199.6 0.973129
199.7 0.970501
199.8 0.967453
199.9 0.967535
200 0.966871
200.1 0.968149
200.2 0.967367
200.3 0.965829
200.4 0.967163
200.5 0.964258
200.6 0.963098
200.7 0.961779
200.8 0.962803
200.9 0.962612
201 0.965475
201.1 0.965705
201.2 0.963906
201.3 0.964089
201.4 0.963023
201.5 0.962653
201.6 0.965068
201.7 0.964676
201.8 0.965426
201.9 0.963349
202 0.965151
202.1 0.965116
202.2 0.963436
202.3 0.961646
202.4 0.962109
202.5 0.962924
202.6 0.965799
202.7 0.965
202.8 0.963316
202.9 0.964629
203 0.965919
203.1 0.967721
203.2 0.96844
203.3 0.967807
203.4 0.967236
203.5 0.96591
203.6 0.964479
203.7 0.966604
203.8 0.966154
203.9 0.968271
204 0.967354
204.1 0.96698
204.2 0.96763
204.3 0.968108
204.4 0.964513
204.5 0.963245
204.6 0.9612
204.7 0.964797
204.8 0.966931
204.9 0.968184
205 0.9683
205.1 0.969656
205.2 0.968347
205.3 0.970578
205.4 0.970348
205.5 0.967895
205.6 0.96752
205.7 0.968839
205.8 0.966904
205.9 0.965002
206 0.968394
206.1 0.970781
206.2 0.968201
206.3 0.968201
206.4 0.969974
206.5 0.970422
206.6 0.967812
206.7 0.967215
206.8 0.964654
206.9 0.962837
207 0.963484
207.1 0.965328
207.2 0.965582
207.3 0.967427
207.4 0.96822
207.5 0.965998
207.6 0.968967
207.7 0.970955
207.8 0.970417
207.9 0.96882
208 0.968812
208.1 0.968429
208.2 0.970074
208.3 0.968695
208.4 0.970148
208.5 0.967431
208.6 0.965632
208.7 0.968948
208.8 0.968176
208.9 0.968875
209 0.968384
209.1 0.969166
209.2 0.967782
209.3 0.96834
209.4 0.96673
209.5 0.966366
209.6 0.966786
209.7 0.966757
209.8 0.961398
209.9 0.960768
210 0.961481
210.1 0.963429
210.2 0.962747
210.3 0.960595
210.4 0.959042
210.5 0.959951
210.6 0.960583
210.7 0.962081
210.8 0.961625
210.9 0.960265
211 0.962823
211.1 0.962738
211.2 0.962595
211.3 0.963597
211.4 0.963276
211.5 0.962365
211.6 0.964249
211.7 0.964844
211.8 0.964538
211.9 0.967203
212 0.967505
212.1 0.965811
212.2 0.962695
212.3 0.962322
212.4 0.959962
212.5 0.961057
212.6 0.962765
212.7 0.96373
212.8 0.963863
212.9 0.965029
213 0.965272
213.1 0.966072
213.2 0.964529
213.3 0.964555
213.4 0.965726
213.5 0.967599
213.6 0.967008
213.7 0.966794
213.8 0.964796
213.9 0.967874
214 0.96538
214.1 0.964505
214.2 0.963471
214.3 0.965243
214.4 0.965915
214.5 0.966318
214.6 0.965267
214.7 0.962917
214.8 0.962115
214.9 0.965496
215 0.966666
215.1 0.965139
215.2 0.967037
215.3 0.965936
215.4 0.96687
215.5 0.968256
215.6 0.96822
215.7 0.968033
215.8 0.969056
215.9 0.966622
216 0.967692
216.1 0.967142
216.2 0.965475
216.3 0.963837
216.4 0.965086
216.5 0.967161
216.6 0.969106
216.7 0.969313
216.8 0.969823
216.9 0.970254
217 0.970108
217.1 0.967569
217.2 0.966644
217.3 0.968581
217.4 0.96738
217.5 0.968015
217.6 0.968191
217.7 0.968057
217.8 0.967059
217.9 0.967813
218 0.968761
218.1 0.970758
218.2 0.972494
218.3 0.9715
218.4 0.969539
218.5 0.970796
218.6 0.970287
218.7 0.970154
218.8 0.969373
218.9 0.97135
219 0.970557
219.1 0.968976
219.2 0.970047
219.3 0.968919
219.4 0.966132
219.5 0.967162
219.6 0.966449
219.7 0.965861
219.8 0.966061
219.9 0.968963
220 0.967499
220.1 0.966464
220.2 0.967727
220.3 0.9694
220.4 0.968886
220.5 0.967942
220.6 0.967286
220.7 0.967853
220.8 0.969012
220.9 0.966236
221 0.966377
221.1 0.964867
221.2 0.964717
221.3 0.966346
221.4 0.9677
221.5 0.965374
221.6 0.96467
221.7 0.966628
221.8 0.96659
221.9 0.967281
222 0.96842
222.1 0.968892
222.2 0.966337
222.3 0.964953
222.4 0.965719
222.5 0.965163
222.6 0.966339
222.7 0.964721
222.8 0.96555
222.9 0.964898
223 0.964037
223.1 0.964375
223.2 0.965387
223.3 0.966393
223.4 0.966126
223.5 0.967298
223.6 0.964901
223.7 0.964142
223.8 0.96357
223.9 0.964526
224 0.965164
224.1 0.967522
224.2 0.966253
224.3 0.965911
224.4 0.964251
224.5 0.963269
224.6 0.966886
224.7 0.965814
224.8 0.966747
224.9 0.969107
225 0.970985
225.1 0.969772
225.2 0.97248
225.3 0.971371
225.4 0.967816
225.5 0.970548
225.6 0.969202
225.7 0.96822
225.8 0.969416
225.9 0.968184
226 0.967419
226.1 0.96722
226.2 0.966707
226.3 0.966839
226.4 0.96967
226.5 0.969674
226.6 0.970394
226.7 0.970327
226.8 0.968682
226.9 0.968403
227 0.968667
227.1 0.969308
227.2 0.969512
227.3 0.969063
227.4 0.970178
227.5 0.971524
227.6 0.968304
227.7 0.969887
227.8 0.970701
227.9 0.970868
228 0.970989
228.1 0.970227
228.2 0.970077
228.3 0.969247
228.4 0.969881
228.5 0.97044
228.6 0.972411
228.7 0.973472
228.8 0.973744
228.9 0.974202
229 0.973653
229.1 0.971636
229.2 0.970039
229.3 0.968969
229.4 0.969866
229.5 0.970267
229.6 0.970048
229.7 0.971089
229.8 0.971468
229.9 0.969724
230 0.969088
230.1 0.971147
230.2 0.968193
230.3 0.967398
230.4 0.966541
230.5 0.966612
230.6 0.96756
230.7 0.967713
230.8 0.966975
230.9 0.96745
231 0.966395
231.1 0.966644
231.2 0.965229
231.3 0.96343
231.4 0.962999
231.5 0.960454
231.6 0.963983
231.7 0.963111
231.8 0.963158
231.9 0.96102
232 0.961941
232.1 0.962133
232.2 0.965441
232.3 0.966537
232.4 0.964741
232.5 0.963872
232.6 0.965694
232.7 0.965772
232.8 0.967605
232.9 0.968847
233 0.964473
233.1 0.964367
233.2 0.966476
233.3 0.966743
233.4 0.965563
233.5 0.969276
233.6 0.969224
233.7 0.968674
233.8 0.966265
233.9 0.964664
234 0.965577
234.1 0.965309
234.2 0.963956
234.3 0.965311
234.4 0.966865
234.5 0.965966
234.6 0.965227
234.7 0.966299
234.8 0.963081
234.9 0.962067
235 0.963008
235.1 0.959923
235.2 0.959938
235.3 0.961035
235.4 0.959119
235.5 0.958476
235.6 0.958209
235.7 0.960741
235.8 0.961316
235.9 0.961609
236 0.962168
236.1 0.964829
236.2 0.966348
236.3 0.965435
236.4 0.966426
236.5 0.967436
236.6 0.965727
236.7 0.96843
236.8 0.968224
236.9 0.966716
237 0.968421
237.1 0.967803
237.2 0.968383
237.3 0.967408
237.4 0.967493
237.5 0.968444
237.6 0.965287
237.7 0.962699
237.8 0.96586
237.9 0.964464
238 0.965166
238.1 0.965139
238.2 0.965296
238.3 0.965771
238.4 0.968133
238.5 0.968772
238.6 0.966479
238.7 0.968015
238.8 0.966971
238.9 0.964768
239 0.966043
239.1 0.966959
239.2 0.968359
239.3 0.966234
239.4 0.967095
239.5 0.964303
239.6 0.964491
239.7 0.965194
239.8 0.967595
239.9 0.967433
240 0.967859
240.1 0.967678
240.2 0.969153
240.3 0.969893
240.4 0.967503
240.5 0.967495
240.6 0.968439
240.7 0.969421
240.8 0.971139
240.9 0.971055
241 0.971348
241.1 0.970656
241.2 0.971102
241.3 0.968023
241.4 0.970022
241.5 0.971243
241.6 0.972433
241.7 0.973424
241.8 0.973393
241.9 0.974136
242 0.972987
242.1 0.973333
242.2 0.97122
242.3 0.970555
242.4 0.972476
242.5 0.971437
242.6 0.969451
242.7 0.969061
242.8 0.968487
242.9 0.969404
243 0.967668
243.1 0.970277
243.2 0.968053
243.3 0.968763
243.4 0.966125
243.5 0.966801
243.6 0.96515
243.7 0.966973
243.8 0.9662
243.9 0.966885
244 0.969171
244.1 0.969601
244.2 0.968962
244.3 0.969161
244.4 0.968676
244.5 0.970007
244.6 0.972333
244.7 0.972159
244.8 0.969265
244.9 0.966698
245 0.965797
245.1 0.966602
245.2 0.967561
245.3 0.966522
245.4 0.964273
245.5 0.965366
245.6 0.963287
245.7 0.967464
245.8 0.970301
245.9 0.969195
246 0.972037
246.1 0.970897
246.2 0.968835
246.3 0.970382
246.4 0.97121
246.5 0.968357
246.6 0.969088
246.7 0.970871
246.8 0.969416
246.9 0.970287
247 0.965866
247.1 0.965701
247.2 0.963395
247.3 0.96224
247.4 0.960561
247.5 0.958642
247.6 0.96136
247.7 0.962494
247.8 0.963667
247.9 0.965601
248 0.964061
248.1 0.966194
248.2 0.967576
248.3 0.968769
248.4 0.969059
248.5 0.965925
248.6 0.965085
248.7 0.965528
248.8 0.967597
248.9 0.966613
249 0.965911
249.1 0.965458
249.2 0.964746
249.3 0.964629
249.4 0.964097
249.5 0.963902
249.6 0.966081
249.7 0.966686
249.8 0.967002
249.9 0.968162
250 0.967517
250.1 0.969144
250.2 0.968799
250.3 0.965006
250.4 0.966602
250.5 0.964255
250.6 0.967117
250.7 0.96777
250.8 0.967548
250.9 0.968538
251 0.9697
251.1 0.96801
251.2 0.968148
251.3 0.96681
251.4 0.969663
251.5 0.970886
251.6 0.970124
251.7 0.970824
251.8 0.970893
251.9 0.970631
252 0.971667
252.1 0.971433
252.2 0.967486
252.3 0.963948
252.4 0.96425
252.5 0.963461
252.6 0.962245
252.7 0.964401
252.8 0.963971
252.9 0.966017
253 0.965198
253.1 0.965957
253.2 0.963872
253.3 0.964011
253.4 0.964408
253.5 0.962858
253.6 0.9652
253.7 0.967099
253.8 0.967795
253.9 0.967904
254 0.969803
254.1 0.966651
254.2 0.966954
254.3 0.966342
254.4 0.9661
254.5 0.964213
254.6 0.964106
254.7 0.962738
254.8 0.963321
254.9 0.963076
255 0.962622
255.1 0.964349
255.2 0.963579
255.3 0.963115
255.4 0.962774
255.5 0.966209
255.6 0.964609
255.7 0.965316
255.8 0.965544
255.9 0.962855
256 0.961784
256.1 0.961476
256.2 0.964479
256.3 0.963911
256.4 0.96394
256.5 0.965819
256.6 0.96656
256.7 0.96528
256.8 0.965218
256.9 0.965722
257 0.96513
257.1 0.963713
257.2 0.962852
257.3 0.96237
257.4 0.962695
257.5 0.96326
257.6 0.965228
257.7 0.965662
257.8 0.966763
257.9 0.967824
258 0.96805
258.1 0.969029
258.2 0.969052
258.3 0.969242
258.4 0.969486
258.5 0.97119
258.6 0.971238
258.7 0.970113
258.8 0.971075
258.9 0.969148
259 0.968438
259.1 0.967555
259.2 0.968891
259.3 0.968771
259.4 0.967375
259.5 0.968379
259.6 0.969124
259.7 0.969857
259.8 0.968054
259.9 0.966355
260 0.966492
260.1 0.965908
260.2 0.966914
260.3 0.967889
260.4 0.969822
260.5 0.965942
260.6 0.964484
260.7 0.965213
260.8 0.966526
260.9 0.967616
261 0.967276
261.1 0.968925
261.2 0.968726
261.3 0.966374
261.4 0.965738
261.5 0.965952
261.6 0.967548
261.7 0.970463
261.8 0.968248
261.9 0.967561
262 0.967086
262.1 0.966603
262.2 0.96991
262.3 0.967674
262.4 0.969279
262.5 0.969324
262.6 0.966185
262.7 0.967632
262.8 0.96818
262.9 0.969165
263 0.968567
263.1 0.968336
263.2 0.967563
263.3 0.966628
263.4 0.966786
263.5 0.967011
263.6 0.969294
263.7 0.968141
263.8 0.9683
263.9 0.967865
264 0.969013
264.1 0.967325
264.2 0.965827
264.3 0.965923
264.4 0.962783
264.5 0.964996
264.6 0.963902
264.7 0.965278
264.8 0.968156
264.9 0.970934
265 0.969936
265.1 0.968192
265.2 0.96848
265.3 0.967469
265.4 0.965309
265.5 0.966419
265.6 0.965058
265.7 0.963986
265.8 0.963373
265.9 0.964186
266 0.964659
266.1 0.966005
266.2 0.970239
266.3 0.968159
266.4 0.966374
266.5 0.968404
266.6 0.967239
266.7 0.968437
266.8 0.969476
266.9 0.966982
267 0.966309
267.1 0.967001
267.2 0.967193
267.3 0.965991
267.4 0.964778
267.5 0.965909
267.6 0.96974
267.7 0.971205
267.8 0.970475
267.9 0.969967
268 0.970544
268.1 0.969347
268.2 0.968228
268.3 0.971014
268.4 0.969549
268.5 0.970992
268.6 0.969835
268.7 0.969192
268.8 0.969696
268.9 0.970103
269 0.969315
269.1 0.96927
269.2 0.968344
269.3 0.967904
269.4 0.967378
269.5 0.966895
269.6 0.963014
269.7 0.967329
269.8 0.966708
269.9 0.965338
270 0.964566
270.1 0.964435
270.2 0.962252
270.3 0.962267
270.4 0.961828
270.5 0.963991
270.6 0.964381
270.7 0.964653
270.8 0.965356
270.9 0.9654
271 0.96933
271.1 0.969393
271.2 0.969046
271.3 0.968335
271.4 0.96521
271.5 0.963945
271.6 0.960923
271.7 0.960998
271.8 0.958585
271.9 0.959376
272 0.960961
272.1 0.961069
272.2 0.959719
272.3 0.962079
272.4 0.961222
272.5 0.96186
272.6 0.964453
272.7 0.963999
272.8 0.967538
272.9 0.969454
273 0.968666
273.1 0.967846
273.2 0.967073
273.3 0.970686
273.4 0.969409
273.5 0.972874
273.6 0.972104
273.7 0.972544
273.8 0.970117
273.9 0.969863
274 0.969244
274.1 0.968659
274.2 0.970298
274.3 0.968385
274.4 0.966621
274.5 0.964995
274.6 0.965799
274.7 0.964656
274.8 0.963875
274.9 0.964208
275 0.967997
275.1 0.967003
275.2 0.966711
275.3 0.966671
275.4 0.963906
275.5 0.965865
275.6 0.964219
275.7 0.966826
275.8 0.965913
275.9 0.962924
276 0.961459
276.1 0.960321
276.2 0.9607
276.3 0.961862
276.4 0.961836
276.5 0.961129
276.6 0.964573
276.7 0.966183
276.8 0.965898
276.9 0.963618
277 0.965869
277.1 0.968507
277.2 0.967684
277.3 0.96778
277.4 0.967227
277.5 0.967798
277.6 0.967317
277.7 0.970278
277.8 0.971314
277.9 0.97202
278 0.971256
278.1 0.970861
278.2 0.970001
278.3 0.967522
278.4 0.968816
278.5 0.970433
278.6 0.968466
278.7 0.968848
278.8 0.968556
278.9 0.966738
279 0.968699
279.1 0.969685
279.2 0.970083
279.3 0.97163
279.4 0.970516
279.5 0.970645
279.6 0.969608
279.7 0.96807
279.8 0.967884
279.9 0.966615
280 0.966665
280.1 0.967477
280.2 0.969935
280.3 0.965874
280.4 0.963797
280.5 0.963113
280.6 0.961782
280.7 0.962948
280.8 0.963814
280.9 0.968341
281 0.966744
281.1 0.967759
281.2 0.968304
281.3 0.96886
281.4 0.96676
281.5 0.967152
281.6 0.967716
281.7 0.965694
281.8 0.965342
281.9 0.964082
282 0.966792
282.1 0.966028
282.2 0.967988
282.3 0.967227
282.4 0.967653
282.5 0.96762
282.6 0.967405
282.7 0.967144
282.8 0.968001
282.9 0.969322
283 0.968205
283.1 0.970323
283.2 0.970072
283.3 0.970193
283.4 0.969114
283.5 0.966983
283.6 0.964659
283.7 0.964603
283.8 0.963193
283.9 0.961358
284 0.959601
284.1 0.961743
284.2 0.959993
284.3 0.962956
284.4 0.962189
284.5 0.962675
284.6 0.963866
284.7 0.966565
284.8 0.964206
284.9 0.9645
285 0.962707
285.1 0.965694
285.2 0.964126
285.3 0.964573
285.4 0.963671
285.5 0.960286
285.6 0.960078
285.7 0.963975
285.8 0.962777
285.9 0.96123
286 0.959779
286.1 0.959473
286.2 0.959881
286.3 0.962873
286.4 0.963631
286.5 0.962785
286.6 0.962301
286.7 0.964129
286.8 0.964834
286.9 0.966886
287 0.967541
287.1 0.966993
287.2 0.968855
287.3 0.969262
287.4 0.968502
287.5 0.967149
287.6 0.965914
287.7 0.967999
287.8 0.966239
287.9 0.96405
288 0.965392
288.1 0.963682
288.2 0.966474
288.3 0.965809
288.4 0.966756
288.5 0.966174
288.6 0.967571
288.7 0.96607
288.8 0.967414
288.9 0.967056
289 0.967935
289.1 0.967155
289.2 0.967665
289.3 0.968146
289.4 0.967632
289.5 0.967352
289.6 0.966879
289.7 0.965558
289.8 0.966019
289.9 0.965529
290 0.96581
290.1 0.968605
290.2 0.966998
290.3 0.967217
290.4 0.964715
290.5 0.96259
290.6 0.963944
290.7 0.964423
290.8 0.965469
290.9 0.966464
291 0.965292
291.1 0.9663
291.2 0.968704
291.3 0.968831
291.4 0.967796
291.5 0.965313
291.6 0.965419
291.7 0.966714
291.8 0.963335
291.9 0.964142
292 0.961056
292.1 0.961316
292.2 0.960392
292.3 0.958659
292.4 0.958557
292.5 0.957529
292.6 0.956219
292.7 0.963034
292.8 0.961503
292.9 0.962837
293 0.964953
293.1 0.964913
293.2 0.96375
293.3 0.964406
293.4 0.965746
293.5 0.969115
293.6 0.9688
293.7 0.968258
293.8 0.967582
293.9 0.966692
294 0.965691
294.1 0.966691
294.2 0.963937
294.3 0.964122
294.4 0.965313
294.5 0.964666
294.6 0.96413
294.7 0.965158
294.8 0.962176
294.9 0.966001
295 0.966448
295.1 0.968066
295.2 0.968909
295.3 0.968738
295.4 0.96902
295.5 0.968288
295.6 0.966713
295.7 0.967578
295.8 0.968576
295.9 0.966683
296 0.969388
296.1 0.970124
296.2 0.969872
296.3 0.968196
296.4 0.966961
296.5 0.967407
296.6 0.965725
296.7 0.966136
296.8 0.964261
296.9 0.962526
297 0.964155
297.1 0.964732
297.2 0.964109
297.3 0.961967
297.4 0.964332
297.5 0.966964
297.6 0.96653
297.7 0.964028
297.8 0.967031
297.9 0.965057
298 0.965429
298.1 0.966171
298.2 0.967311
298.3 0.96629
298.4 0.968199
298.5 0.968499
298.6 0.969962
298.7 0.968932
298.8 0.967338
298.9 0.969809
299 0.968853
299.1 0.969173
299.2 0.969417
299.3 0.96547
299.4 0.964574
299.5 0.964447
299.6 0.965278
299.7 0.966638
299.8 0.965435
299.9 0.966091
300 0.967594
300.1 0.967138
300.2 0.965895
300.3 0.96481
300.4 0.963865
300.5 0.966342
300.6 0.966979
300.7 0.96699
300.8 0.966182
300.9 0.966404
301 0.966361
301.1 0.964832
301.2 0.967133
301.3 0.966345
301.4 0.966136
301.5 0.966004
301.6 0.967076
301.7 0.967242
301.8 0.967154
301.9 0.965118
302 0.965995
302.1 0.965562
302.2 0.967497
302.3 0.965874
302.4 0.967548
302.5 0.968542
302.6 0.968132
302.7 0.968137
302.8 0.968752
302.9 0.965888
303 0.966073
303.1 0.967017
303.2 0.964429
303.3 0.961972
303.4 0.961669
303.5 0.962697
303.6 0.965844
303.7 0.96692
303.8 0.968031
303.9 0.967742
304 0.966927
304.1 0.966934
304.2 0.970322
304.3 0.968766
304.4 0.967636
304.5 0.966936
304.6 0.966084
304.7 0.963209
304.8 0.964416
304.9 0.966667
305 0.96685
305.1 0.967403
305.2 0.966809
305.3 0.966987
305.4 0.966107
305.5 0.96755
305.6 0.967855
305.7 0.968425
305.8 0.967845
305.9 0.967377
306 0.96746
306.1 0.965258
306.2 0.964147
306.3 0.96718
306.4 0.966878
306.5 0.965988
306.6 0.965922
306.7 0.967521
306.8 0.967747
306.9 0.966824
307 0.967703
307.1 0.96609
307.2 0.964901
307.3 0.966582
307.4 0.967439
307.5 0.971441
307.6 0.972062
307.7 0.974065
307.8 0.972147
307.9 0.972816
308 0.971396
308.1 0.972068
308.2 0.97082
308.3 0.969485
308.4 0.969682
308.5 0.968594
308.6 0.968622
308.7 0.969845
308.8 0.969963
308.9 0.970243
309 0.969503
309.1 0.970924
309.2 0.969337
309.3 0.967009
309.4 0.967253
309.5 0.968247
309.6 0.965598
309.7 0.966565
309.8 0.96443
309.9 0.964233
310 0.96176
310.1 0.961251
310.2 0.966281
310.3 0.967877
310.4 0.965903
310.5 0.967753
310.6 0.967756
310.7 0.967333
310.8 0.969088
310.9 0.968946
311 0.97109
311.1 0.970897
311.2 0.967558
311.3 0.966294
311.4 0.966339
311.5 0.967757
311.6 0.967217
311.7 0.967477
311.8 0.962994
311.9 0.963993
312 0.963635
312.1 0.964609
312.2 0.965328
312.3 0.964574
312.4 0.964358
312.5 0.968348
312.6 0.968154
312.7 0.969157
312.8 0.966942
312.9 0.970174
313 0.969349
313.1 0.967953
313.2 0.966643
313.3 0.965051
313.4 0.967956
313.5 0.967701
313.6 0.967449
313.7 0.96785
313.8 0.969623
313.9 0.968499
314 0.968972
314.1 0.96978
314.2 0.970082
314.3 0.967477
314.4 0.967332
314.5 0.969719
314.6 0.968603
314.7 0.969578
314.8 0.968154
314.9 0.969882
315 0.970358
315.1 0.968339
315.2 0.969421
315.3 0.967301
315.4 0.966464
315.5 0.966754
315.6 0.966619
315.7 0.968069
315.8 0.969502
315.9 0.969898
316 0.969828
316.1 0.969332
316.2 0.969919
316.3 0.969508
316.4 0.969704
316.5 0.970372
316.6 0.967632
316.7 0.968035
316.8 0.968236
316.9 0.969362
317 0.969864
317.1 0.968906
317.2 0.972106
317.3 0.969034
317.4 0.970915
317.5 0.973095
317.6 0.971165
317.7 0.969194
317.8 0.965434
317.9 0.965134
318 0.965317
318.1 0.966609
318.2 0.965266
318.3 0.967258
318.4 0.965921
318.5 0.964478
318.6 0.96235
318.7 0.964509
318.8 0.9652
318.9 0.963955
319 0.962239
319.1 0.962231
319.2 0.961937
319.3 0.962044
319.4 0.963288
319.5 0.962748
319.6 0.961613
319.7 0.96221
319.8 0.96595
319.9 0.967678
320 0.965514
320.1 0.966116
320.2 0.966208
320.3 0.968339
320.4 0.966133
320.5 0.966896
320.6 0.964687
320.7 0.962798
320.8 0.963325
320.9 0.963093
321 0.965193
321.1 0.964255
321.2 0.963091
321.3 0.965402
321.4 0.964414
321.5 0.963086
321.6 0.961796
321.7 0.961011
321.8 0.959888
321.9 0.96037
322 0.965772
322.1 0.967698
322.2 0.968114
322.3 0.96809
322.4 0.969934
322.5 0.970467
322.6 0.968668
322.7 0.969389
322.8 0.967915
322.9 0.969836
323 0.968809
323.1 0.971239
323.2 0.970719
323.3 0.971092
323.4 0.970634
323.5 0.969711
323.6 0.969003
323.7 0.96859
323.8 0.968666
323.9 0.969209
324 0.970287
324.1 0.968618
324.2 0.966171
324.3 0.966307
324.4 0.968534
324.5 0.967482
324.6 0.966379
324.7 0.966625
324.8 0.966775
324.9 0.969974
325 0.968524
325.1 0.970387
325.2 0.969891
325.3 0.967052
325.4 0.966452
325.5 0.965119
325.6 0.965898
325.7 0.964688
325.8 0.96327
325.9 0.962005
326 0.962561
326.1 0.964156
326.2 0.967779
326.3 0.968314
326.4 0.968899
326.5 0.969682
326.6 0.97032
326.7 0.970855
326.8 0.969428
326.9 0.969175
327 0.968132
327.1 0.967638
327.2 0.967386
327.3 0.965549
327.4 0.967872
327.5 0.97026
327.6 0.968219
327.7 0.970395
327.8 0.968651
327.9 0.968142
328 0.970029
328.1 0.970344
328.2 0.968371
328.3 0.968425
328.4 0.966996
328.5 0.968185
328.6 0.967229
328.7 0.966132
328.8 0.966389
328.9 0.96458
329 0.964054
329.1 0.964231
329.2 0.961561
329.3 0.961689
329.4 0.961208
329.5 0.963224
329.6 0.965843
329.7 0.96451
329.8 0.964521
329.9 0.965904
330 0.963446
330.1 0.961049
330.2 0.957894
330.3 0.959645
330.4 0.959413
330.5 0.958926
330.6 0.958267
330.7 0.961006
330.8 0.960672
330.9 0.961182
331 0.962216
331.1 0.962099
331.2 0.962339
331.3 0.95902
331.4 0.962513
331.5 0.963988
331.6 0.963339
331.7 0.966581
331.8 0.966199
331.9 0.964599
332 0.963277
332.1 0.964408
332.2 0.964069
332.3 0.963162
332.4 0.963158
332.5 0.964794
332.6 0.964403
332.7 0.967916
332.8 0.968587
332.9 0.967654
333 0.967745
333.1 0.965912
333.2 0.964405
333.3 0.966863
333.4 0.966036
333.5 0.967585
333.6 0.967236
333.7 0.967072
333.8 0.966985
333.9 0.967164
334 0.964003
334.1 0.964736
334.2 0.961834
334.3 0.960919
334.4 0.962709
334.5 0.962278
334.6 0.96156
334.7 0.963816
334.8 0.966039
334.9 0.963215
335 0.964473
335.1 0.96702
335.2 0.966567
335.3 0.969047
335.4 0.968529
335.5 0.965902
335.6 0.966619
335.7 0.966118
335.8 0.966892
335.9 0.966298
336 0.967951
336.1 0.966167
336.2 0.964292
336.3 0.962421
336.4 0.963007
336.5 0.963223
336.6 0.964301
336.7 0.966556
336.8 0.966855
336.9 0.967046
337 0.96679
337.1 0.966106
337.2 0.965561
337.3 0.963489
337.4 0.964067
337.5 0.96487
337.6 0.964291
337.7 0.966063
337.8 0.965671
337.9 0.962581
338 0.965944
338.1 0.966999
338.2 0.967073
338.3 0.967372
338.4 0.964207
338.5 0.964827
338.6 0.968247
338.7 0.968711
338.8 0.970104
338.9 0.972199
339 0.972749
339.1 0.973237
339.2 0.971007
339.3 0.969453
339.4 0.967523
339.5 0.966366
339.6 0.96442
339.7 0.964989
339.8 0.963843
339.9 0.963984
340 0.964507
340.1 0.964681
340.2 0.967086
340.3 0.969332
340.4 0.968171
340.5 0.966941
340.6 0.962774
340.7 0.965589
340.8 0.967818
340.9 0.965904
341 0.966452
341.1 0.965952
341.2 0.967324
341.3 0.966932
341.4 0.967521
341.5 0.966252
341.6 0.964545
341.7 0.96604
341.8 0.966473
341.9 0.968534
342 0.968186
342.1 0.96633
342.2 0.964559
342.3 0.965619
342.4 0.964986
342.5 0.960891
342.6 0.960077
342.7 0.961998
342.8 0.965411
342.9 0.967942
343 0.967048
343.1 0.966032
343.2 0.965614
343.3 0.964893
343.4 0.965349
343.5 0.966901
343.6 0.967408
343.7 0.967123
343.8 0.966515
343.9 0.96829
344 0.965714
344.1 0.964202
344.2 0.965628
344.3 0.964311
344.4 0.965939
344.5 0.964629
344.6 0.964751
344.7 0.96567
344.8 0.96681
344.9 0.968755
345 0.969365
345.1 0.971071
345.2 0.9714
345.3 0.972025
345.4 0.971759
345.5 0.969214
345.6 0.971168
345.7 0.969793
345.8 0.970982
345.9 0.969451
346 0.969074
346.1 0.967781
346.2 0.966541
346.3 0.965834
346.4 0.964208
346.5 0.963325
346.6 0.96536
346.7 0.968686
346.8 0.96724
346.9 0.967993
347 0.964894
347.1 0.967158
347.2 0.965221
347.3 0.964024
347.4 0.964539
347.5 0.966532
347.6 0.966738
347.7 0.966272
347.8 0.963959
347.9 0.962328
348 0.963945
348.1 0.967007
348.2 0.968275
348.3 0.966579
348.4 0.96715
348.5 0.967881
348.6 0.967359
348.7 0.969096
348.8 0.967669
348.9 0.969008
349 0.97016
349.1 0.969486
349.2 0.967482
349.3 0.968802
349.4 0.96862
349.5 0.96977
349.6 0.971517
349.7 0.969395
349.8 0.968202
349.9 0.966471
350 0.967231
350.1 0.96901
350.2 0.967779
350.3 0.965989
350.4 0.966429
350.5 0.966589
350.6 0.968452
350.7 0.968501
350.8 0.968358
350.9 0.968861
351 0.969275
351.1 0.9692
351.2 0.966969
351.3 0.968046
351.4 0.967618
351.5 0.965725
351.6 0.964531
351.7 0.96666
351.8 0.965071
351.9 0.964766
352 0.962836
352.1 0.964256
352.2 0.964842
352.3 0.966726
352.4 0.969
352.5 0.968854
352.6 0.969136
352.7 0.968982
352.8 0.968089
352.9 0.970266
353 0.972908
353.1 0.972177
353.2 0.97112
353.3 0.968456
353.4 0.969816
353.5 0.967899
353.6 0.966356
353.7 0.969301
353.8 0.968296
353.9 0.967689
354 0.96782
354.1 0.969172
354.2 0.968433
354.3 0.967577
354.4 0.967691
354.5 0.968506
354.6 0.969379
354.7 0.969328
354.8 0.969388
354.9 0.967901
355 0.965517
355.1 0.964452
355.2 0.964935
355.3 0.96723
355.4 0.967162
355.5 0.966944
355.6 0.96789
355.7 0.967223
355.8 0.966934
355.9 0.966181
356 0.965844
356.1 0.966383
356.2 0.968152
356.3 0.966008
356.4 0.964294
356.5 0.961622
356.6 0.96298
356.7 0.962731
356.8 0.963047
356.9 0.966164
357 0.963298
357.1 0.963416
357.2 0.962401
357.3 0.962891
357.4 0.963631
357.5 0.962773
357.6 0.960062
357.7 0.957989
357.8 0.959921
357.9 0.965431
358 0.968295
358.1 0.966562
358.2 0.965362
358.3 0.962252
358.4 0.960644
358.5 0.963218
358.6 0.962926
358.7 0.962429
358.8 0.961768
358.9 0.963722
359 0.962706
359.1 0.966855
359.2 0.96594
359.3 0.967076
359.4 0.96302
359.5 0.963487
359.6 0.964275
359.7 0.966256
359.8 0.967541
359.9 0.968752
360 0.967176
360.1 0.967069
360.2 0.96693
360.3 0.96678
360.4 0.966753
360.5 0.966721
360.6 0.965554
360.7 0.96478
360.8 0.966674
360.9 0.968487
361 0.968686
361.1 0.965585
361.2 0.965041
361.3 0.965988
361.4 0.966309
361.5 0.965317
361.6 0.964561
361.7 0.966479
361.8 0.967236
361.9 0.967611
362 0.967515
362.1 0.964627
362.2 0.963821
362.3 0.965199
362.4 0.966431
362.5 0.96468
362.6 0.965418
362.7 0.965769
362.8 0.967382
362.9 0.965922
363 0.966919
363.1 0.970384
363.2 0.967497
363.3 0.966528
363.4 0.965265
363.5 0.964215
363.6 0.965517
363.7 0.964969
363.8 0.96566
363.9 0.96818
364 0.966787
364.1 0.96544
364.2 0.966746
364.3 0.964219
364.4 0.96621
364.5 0.965979
364.6 0.963867
364.7 0.962826
364.8 0.966096
364.9 0.965832
365 0.963803
365.1 0.96545
365.2 0.96474
365.3 0.96697
365.4 0.968313
365.5 0.965991
365.6 0.968564
365.7 0.967678
365.8 0.968081
365.9 0.96844
366 0.969216
366.1 0.969694
366.2 0.970011
366.3 0.969927
366.4 0.968256
366.5 0.968648
366.6 0.964561
366.7 0.965515
366.8 0.963987
366.9 0.963458
367 0.966285
367.1 0.96744
367.2 0.966802
367.3 0.968103
367.4 0.964177
367.5 0.960981
367.6 0.962991
367.7 0.964686
367.8 0.965509
367.9 0.964447
368 0.96523
368.1 0.960936
368.2 0.96336
368.3 0.965201
368.4 0.965992
368.5 0.964963
368.6 0.962993
368.7 0.963146
368.8 0.96369
368.9 0.963486
369 0.962745
369.1 0.961332
369.2 0.960619
369.3 0.960923
369.4 0.963044
369.5 0.962214
369.6 0.960726
369.7 0.964643
369.8 0.964363
369.9 0.965591
370 0.964544
370.1 0.962273
370.2 0.96156
370.3 0.962741
370.4 0.962709
370.5 0.960039
370.6 0.957556
370.7 0.959171
370.8 0.960163
370.9 0.960654
371 0.962447
371.1 0.962469
371.2 0.962244
371.3 0.962786
371.4 0.960692
371.5 0.959248
371.6 0.959216
371.7 0.959516
371.8 0.959957
371.9 0.960456
372 0.962307
372.1 0.960469
372.2 0.961442
372.3 0.96192
372.4 0.961332
372.5 0.96292
372.6 0.964607
372.7 0.963301
372.8 0.963073
372.9 0.961905
373 0.961861
373.1 0.961875
373.2 0.960266
373.3 0.958861
373.4 0.959964
373.5 0.96193
373.6 0.962286
373.7 0.961809
373.8 0.961017
373.9 0.962425
374 0.963789
374.1 0.964647
374.2 0.963349
374.3 0.963369
374.4 0.964743
374.5 0.965614
374.6 0.966383
374.7 0.964682
374.8 0.964844
374.9 0.967013
375 0.96541
375.1 0.966813
375.2 0.965482
375.3 0.964849
375.4 0.967471
375.5 0.968407
375.6 0.968881
375.7 0.966079
375.8 0.964081
375.9 0.963996
376 0.965271
376.1 0.964451
376.2 0.964457
376.3 0.965102
376.4 0.96632
376.5 0.964946
376.6 0.963618
376.7 0.961748
376.8 0.963909
376.9 0.964981
377 0.966145
377.1 0.964168
377.2 0.965162
377.3 0.965426
377.4 0.965122
377.5 0.965389
377.6 0.967228
377.7 0.966058
377.8 0.96759
377.9 0.965853
378 0.96509
378.1 0.962888
378.2 0.965772
378.3 0.967147
378.4 0.96718
378.5 0.966581
378.6 0.965545
378.7 0.968452
378.8 0.970094
378.9 0.968717
379 0.966965
379.1 0.969183
379.2 0.968506
379.3 0.969564
379.4 0.970983
379.5 0.971434
379.6 0.971178
379.7 0.968336
379.8 0.966418
379.9 0.965071
380 0.965849
380.1 0.964817
380.2 0.964381
380.3 0.963346
380.4 0.963382
380.5 0.965547
380.6 0.967152
380.7 0.969223
380.8 0.971162
380.9 0.971942
381 0.974552
381.1 0.97345
381.2 0.971835
381.3 0.970492
381.4 0.96929
381.5 0.968685
381.6 0.96698
381.7 0.96689
381.8 0.966924
381.9 0.966607
382 0.966631
382.1 0.966362
382.2 0.968715
382.3 0.967392
382.4 0.968874
382.5 0.968505
382.6 0.967532
382.7 0.96821
382.8 0.96962
382.9 0.96729
383 0.96651
383.1 0.964757
383.2 0.966989
383.3 0.966786
383.4 0.968771
383.5 0.968551
383.6 0.966307
383.7 0.967923
383.8 0.967589
383.9 0.96709
384 0.966616
384.1 0.965416
384.2 0.967465
384.3 0.968275
384.4 0.966163
384.5 0.964647
384.6 0.968566
384.7 0.96772
384.8 0.96925
384.9 0.970416
385 0.968699
385.1 0.970891
385.2 0.970109
385.3 0.971051
385.4 0.969495
385.5 0.967997
385.6 0.963914
385.7 0.967574
385.8 0.96857
385.9 0.968856
386 0.969927
386.1 0.969897
386.2 0.968443
386.3 0.967887
386.4 0.967683
386.5 0.967222
386.6 0.967176
386.7 0.966012
386.8 0.965863
386.9 0.96673
387 0.966323
387.1 0.966815
387.2 0.966057
387.3 0.966682
387.4 0.9645
387.5 0.966229
387.6 0.966115
387.7 0.965358
387.8 0.963224
387.9 0.967041
388 0.965072
388.1 0.968541
388.2 0.966994
388.3 0.965741
388.4 0.966186
388.5 0.966223
388.6 0.9639
388.7 0.966443
388.8 0.9653
388.9 0.965418
389 0.967829
389.1 0.967513
389.2 0.969473
389.3 0.967007
389.4 0.966045
389.5 0.965243
389.6 0.965665
389.7 0.967005
389.8 0.966836
389.9 0.965792
390 0.968132
390.1 0.966566
390.2 0.96938
390.3 0.969469
390.4 0.969149
390.5 0.966903
390.6 0.965267
390.7 0.965108
390.8 0.964964
390.9 0.964883
391 0.964654
391.1 0.965693
391.2 0.966525
391.3 0.966535
391.4 0.965423
391.5 0.965106
391.6 0.966608
391.7 0.964388
391.8 0.962679
391.9 0.960936
392 0.959942
392.1 0.960928
392.2 0.962791
392.3 0.962176
392.4 0.960878
392.5 0.965299
392.6 0.963601
392.7 0.96549
392.8 0.966563
392.9 0.967926
393 0.966436
393.1 0.966178
393.2 0.965891
393.3 0.967234
393.4 0.96893
393.5 0.969346
393.6 0.96953
393.7 0.968165
393.8 0.967891
393.9 0.969549
394 0.969747
394.1 0.97008
394.2 0.966986
394.3 0.968568
394.4 0.968474
394.5 0.969538
394.6 0.972168
394.7 0.970524
394.8 0.969677
394.9 0.969615
395 0.969666
395.1 0.967212
395.2 0.967697
395.3 0.968705
395.4 0.966658
395.5 0.965096
395.6 0.964859
395.7 0.965465
395.8 0.966714
395.9 0.966088
396 0.966155
396.1 0.964401
396.2 0.966797
396.3 0.969486
396.4 0.971191
396.5 0.972382
396.6 0.971004
396.7 0.968949
396.8 0.967768
396.9 0.965789
397 0.967693
397.1 0.967855
397.2 0.967661
397.3 0.967285
397.4 0.966676
397.5 0.964133
397.6 0.968129
397.7 0.968104
397.8 0.968524
397.9 0.967097
398 0.96679
398.1 0.967734
398.2 0.965258
398.3 0.965947
398.4 0.965226
398.5 0.965463
398.6 0.963038
398.7 0.964716
398.8 0.966187
398.9 0.966861
399 0.964664
399.1 0.968269
399.2 0.969099
399.3 0.969687
399.4 0.9702
399.5 0.967993
399.6 0.967076
399.7 0.967286
399.8 0.967436
399.9 0.964814
400 0.964681
400.1 0.965495
400.2 0.96676
400.3 0.967149
400.4 0.965499
400.5 0.967194
400.6 0.970671
400.7 0.969444
400.8 0.968491
400.9 0.969743
401 0.968012
401.1 0.966404
401.2 0.965734
401.3 0.964169
401.4 0.964242
401.5 0.962733
401.6 0.965672
401.7 0.964779
401.8 0.965654
401.9 0.965472
402 0.96685
402.1 0.970405
402.2 0.969897
402.3 0.967118
402.4 0.966591
402.5 0.962763
402.6 0.963321
402.7 0.96594
402.8 0.966772
402.9 0.965401
403 0.964288
403.1 0.965249
403.2 0.966818
403.3 0.966892
403.4 0.965041
403.5 0.964393
403.6 0.965627
403.7 0.967248
403.8 0.967423
403.9 0.967115
404 0.966131
404.1 0.966708
404.2 0.967286
404.3 0.96631
404.4 0.966001
404.5 0.966491
404.6 0.969929
404.7 0.970148
404.8 0.970197
404.9 0.970338
405 0.968654
405.1 0.96757
405.2 0.965046
405.3 0.963183
405.4 0.961933
405.5 0.961647
405.6 0.958914
405.7 0.960787
405.8 0.96498
405.9 0.964758
406 0.964116
406.1 0.964874
406.2 0.963524
406.3 0.963571
406.4 0.965165
406.5 0.965392
406.6 0.964091
406.7 0.963147
406.8 0.965435
406.9 0.965224
407 0.964729
407.1 0.96307
407.2 0.964094
407.3 0.964618
407.4 0.965944
407.5 0.9667
407.6 0.966269
407.7 0.966062
407.8 0.965445
407.9 0.96615
408 0.965304
408.1 0.963575
408.2 0.96332
408.3 0.962372
408.4 0.962573
408.5 0.962141
408.6 0.964435
408.7 0.963461
408.8 0.962719
408.9 0.964046
409 0.963837
409.1 0.962687
409.2 0.965025
409.3 0.964284
409.4 0.96538
409.5 0.963035
409.6 0.964914
409.7 0.968138
409.8 0.968976
409.9 0.968367
410 0.967246
410.1 0.967259
410.2 0.964646
410.3 0.964818
410.4 0.964042
410.5 0.964669
410.6 0.963264
410.7 0.963944
410.8 0.962763
410.9 0.960759
411 0.958387
411.1 0.96177
411.2 0.963421
411.3 0.962877
411.4 0.961648
411.5 0.963458
411.6 0.963726
411.7 0.965273
411.8 0.965311
411.9 0.967838
412 0.969596
412.1 0.968322
412.2 0.968809
412.3 0.969099
412.4 0.970116
412.5 0.970565
412.6 0.971902
412.7 0.973308
412.8 0.970734
412.9 0.969768
413 0.97242
413.1 0.970871
413.2 0.97056
413.3 0.97008
413.4 0.970472
413.5 0.972028
413.6 0.969278
413.7 0.970375
413.8 0.968649
413.9 0.970483
414 0.968386
414.1 0.966576
414.2 0.962585
414.3 0.962833
414.4 0.961876
414.5 0.963112
414.6 0.961592
414.7 0.96341
414.8 0.96368
414.9 0.963438
415 0.965429
415.1 0.964154
415.2 0.965941
415.3 0.966769
415.4 0.967303
415.5 0.968044
415.6 0.969342
415.7 0.971797
415.8 0.971046
415.9 0.971761
416 0.972664
416.1 0.97201
416.2 0.972563
416.3 0.971107
416.4 0.971253
416.5 0.970077
416.6 0.969757
416.7 0.96819
416.8 0.967924
416.9 0.967638
417 0.965807
417.1 0.964844
417.2 0.966247
417.3 0.968412
417.4 0.969557
417.5 0.968321
417.6 0.967455
417.7 0.969739
417.8 0.969714
417.9 0.970366
418 0.968997
418.1 0.967997
418.2 0.965443
418.3 0.966513
418.4 0.966788
418.5 0.967178
418.6 0.967498
418.7 0.96915
418.8 0.968562
418.9 0.967189
419 0.966025
419.1 0.963437
419.2 0.963253
419.3 0.965135
419.4 0.966346
419.5 0.96621
419.6 0.965668
419.7 0.963716
419.8 0.96476
419.9 0.965524
420 0.965144
420.1 0.964606
420.2 0.96319
420.3 0.964647
420.4 0.965843
420.5 0.966448
420.6 0.966686
420.7 0.965753
420.8 0.96603
420.9 0.965488
421 0.969459
421.1 0.969038
421.2 0.969056
421.3 0.96852
421.4 0.969817
421.5 0.968126
421.6 0.967699
421.7 0.968057
421.8 0.965983
421.9 0.966792
422 0.965421
422.1 0.963694
422.2 0.96623
422.3 0.965392
422.4 0.96603
422.5 0.966395
422.6 0.965221
422.7 0.965004
422.8 0.967
422.9 0.965376
423 0.96479
423.1 0.967485
423.2 0.968704
423.3 0.970893
423.4 0.96734
423.5 0.966256
423.6 0.966842
423.7 0.967257
423.8 0.966594
423.9 0.968247
424 0.967398
424.1 0.966715
424.2 0.968541
424.3 0.967717
424.4 0.967383
424.5 0.968355
424.6 0.969098
424.7 0.967344
424.8 0.966798
424.9 0.965616
425 0.966855
425.1 0.96814
425.2 0.968992
425.3 0.967964
425.4 0.969084
425.5 0.969575
425.6 0.969132
425.7 0.967576
425.8 0.965949
425.9 0.963318
426 0.964397
426.1 0.964962
426.2 0.965099
426.3 0.964872
426.4 0.965749
426.5 0.965359
426.6 0.967029
426.7 0.965699
426.8 0.964683
426.9 0.966138
427 0.966316
427.1 0.964669
427.2 0.963212
427.3 0.961933
427.4 0.962074
427.5 0.964783
427.6 0.963747
427.7 0.965815
427.8 0.96872
427.9 0.969116
428 0.968751
428.1 0.968972
428.2 0.967365
428.3 0.967409
428.4 0.968403
428.5 0.968064
428.6 0.967569
428.7 0.966826
428.8 0.966207
428.9 0.96301
429 0.963586
429.1 0.965868
429.2 0.965309
429.3 0.966102
429.4 0.96447
429.5 0.963149
429.6 0.96264
429.7 0.962426
429.8 0.962528
429.9 0.962161
430 0.961701
430.1 0.96836
430.2 0.966173
430.3 0.966322
430.4 0.966089
430.5 0.96609
430.6 0.966463
430.7 0.969528
430.8 0.968845
430.9 0.969517
431 0.968983
431.1 0.969791
431.2 0.969586
431.3 0.968419
431.4 0.968069
431.5 0.967679
431.6 0.966873
431.7 0.971036
431.8 0.969411
431.9 0.971596
432 0.97188
432.1 0.970921
432.2 0.969947
432.3 0.967558
432.4 0.966899
432.5 0.967877
432.6 0.968843
432.7 0.969643
432.8 0.968417
432.9 0.967806
433 0.965285
433.1 0.96472
433.2 0.964437
433.3 0.963525
433.4 0.963491
433.5 0.961705
433.6 0.960815
433.7 0.961177
433.8 0.960561
433.9 0.965063
434 0.964799
434.1 0.963547
434.2 0.96564
434.3 0.965676
434.4 0.967182
434.5 0.965561
434.6 0.966614
434.7 0.964992
434.8 0.966867
434.9 0.965814
435 0.966745
435.1 0.966605
435.2 0.967619
435.3 0.967055
435.4 0.967927
435.5 0.965569
435.6 0.966083
435.7 0.966041
435.8 0.96697
435.9 0.968997
436 0.965798
436.1 0.967394
436.2 0.967314
436.3 0.967822
436.4 0.966782
436.5 0.965426
436.6 0.967532
436.7 0.968754
436.8 0.971901
436.9 0.973555
437 0.974367
437.1 0.976551
437.2 0.974291
437.3 0.974003
437.4 0.972239
437.5 0.970713
437.6 0.968297
437.7 0.968531
437.8 0.968844
437.9 0.96874
438 0.968371
438.1 0.968466
438.2 0.966501
438.3 0.965438
438.4 0.964201
438.5 0.964804
438.6 0.965901
438.7 0.968893
438.8 0.970664
438.9 0.970745
439 0.968017
439.1 0.969367
439.2 0.971364
439.3 0.971324
439.4 0.968136
439.5 0.968006
439.6 0.966459
439.7 0.966608
439.8 0.965289
439.9 0.966567
440 0.966394
440.1 0.966234
440.2 0.965031
440.3 0.963687
440.4 0.963474
440.5 0.964767
440.6 0.963648
440.7 0.963176
440.8 0.964658
440.9 0.965178
441 0.96513
441.1 0.967528
441.2 0.966703
441.3 0.966263
441.4 0.966217
441.5 0.964148
441.6 0.961952
441.7 0.963647
441.8 0.966945
441.9 0.965456
442 0.966563
442.1 0.967013
442.2 0.96663
442.3 0.968307
442.4 0.969026
442.5 0.965107
442.6 0.961797
442.7 0.96217
442.8 0.962045
442.9 0.96242
443 0.963271
443.1 0.964864
443.2 0.965226
443.3 0.965066
443.4 0.964321
443.5 0.967246
443.6 0.968945
443.7 0.968502
443.8 0.968285
443.9 0.966887
444 0.966639
444.1 0.966279
444.2 0.965382
444.3 0.964485
444.4 0.964018
444.5 0.963458
444.6 0.963522
444.7 0.963875
444.8 0.964077
444.9 0.963378
445 0.961163
445.1 0.962686
445.2 0.963081
445.3 0.964225
445.4 0.963727
445.5 0.959768
445.6 0.964326
445.7 0.965726
445.8 0.96386
445.9 0.962358
446 0.96269
446.1 0.962388
446.2 0.964706
446.3 0.965759
446.4 0.965215
446.5 0.965922
446.6 0.968201
446.7 0.96869
446.8 0.96787
446.9 0.969836
447 0.97034
447.1 0.970475
447.2 0.967573
447.3 0.96747
447.4 0.967293
447.5 0.967609
447.6 0.96806
447.7 0.971299
447.8 0.968644
447.9 0.967592
448 0.969672
448.1 0.970103
448.2 0.96994
448.3 0.969958
448.4 0.970713
448.5 0.969786
448.6 0.968881
448.7 0.968877
448.8 0.967062
448.9 0.969745
449 0.96896
449.1 0.968942
449.2 0.969927
449.3 0.969395
449.4 0.967963
449.5 0.966604
449.6 0.965989
449.7 0.965305
449.8 0.964628
449.9 0.965744
450 0.966506
450.1 0.969352
450.2 0.96906
450.3 0.969786
450.4 0.968082
450.5 0.967979
450.6 0.968104
450.7 0.96782
450.8 0.969524
450.9 0.969216
451 0.968732
451.1 0.966124
451.2 0.963219
451.3 0.96245
451.4 0.961893
451.5 0.961702
451.6 0.962404
451.7 0.961624
451.8 0.96221
451.9 0.961857
452 0.962022
452.1 0.962688
452.2 0.962439
452.3 0.962833
452.4 0.961989
452.5 0.960762
452.6 0.960984
452.7 0.958484
452.8 0.960701
452.9 0.959101
453 0.95914
453.1 0.959295
453.2 0.957749
453.3 0.959182
453.4 0.959545
453.5 0.959416
453.6 0.959997
453.7 0.960514
453.8 0.95869
453.9 0.961341
454 0.962274
454.1 0.960449
454.2 0.959187
454.3 0.958422
454.4 0.961202
454.5 0.964152
454.6 0.967
454.7 0.967912
454.8 0.965739
454.9 0.964879
455 0.966906
455.1 0.968316
455.2 0.96622
455.3 0.967733
455.4 0.967475
455.5 0.969199
455.6 0.970279
455.7 0.968054
455.8 0.965793
455.9 0.964622
456 0.967464
456.1 0.964777
456.2 0.965792
456.3 0.964436
456.4 0.965308
456.5 0.967606
456.6 0.965724
456.7 0.964891
456.8 0.964142
456.9 0.967571
457 0.969563
457.1 0.968589
457.2 0.968722
457.3 0.970458
457.4 0.968865
457.5 0.967566
457.6 0.966157
457.7 0.966771
457.8 0.964591
457.9 0.964394
458 0.96289
458.1 0.961944
458.2 0.963397
458.3 0.963233
458.4 0.960452
458.5 0.961648
458.6 0.965066
458.7 0.966949
458.8 0.96544
458.9 0.96615
459 0.965393
459.1 0.965837
459.2 0.964583
459.3 0.964676
459.4 0.966802
459.5 0.965853
459.6 0.967304
459.7 0.966474
459.8 0.966669
459.9 0.967878
460 0.967558
460.1 0.966364
460.2 0.967798
460.3 0.966735
460.4 0.966488
460.5 0.965794
460.6 0.967689
460.7 0.968106
460.8 0.968788
460.9 0.967752
461 0.969333
461.1 0.967295
461.2 0.968352
461.3 0.967197
461.4 0.966387
461.5 0.96851
461.6 0.968899
461.7 0.969545
461.8 0.969842
461.9 0.970076
462 0.971968
462.1 0.969655
462.2 0.96906
462.3 0.96574
462.4 0.965889
462.5 0.966991
462.6 0.96978
462.7 0.969667
462.8 0.970227
462.9 0.971543
463 0.969079
463.1 0.969043
463.2 0.97091
463.3 0.971615
463.4 0.97391
463.5 0.972844
463.6 0.973842
463.7 0.972729
463.8 0.973006
463.9 0.97198
464 0.970567
464.1 0.969821
464.2 0.967568
464.3 0.967721
464.4 0.968928
464.5 0.966743
464.6 0.969597
464.7 0.969577
464.8 0.969688
464.9 0.969765
465 0.970408
465.1 0.968965
465.2 0.96901
465.3 0.968794
465.4 0.971588
465.5 0.969146
465.6 0.968637
465.7 0.97109
465.8 0.968793
465.9 0.968692
466 0.967614
466.1 0.969094
466.2 0.967363
466.3 0.969476
466.4 0.969864
466.5 0.970381
466.6 0.969912
466.7 0.968979
466.8 0.966231
466.9 0.967455
467 0.968988
467.1 0.968278
467.2 0.965646
467.3 0.966577
467.4 0.964765
467.5 0.964697
467.6 0.967069
467.7 0.96534
467.8 0.965996
467.9 0.968839
468 0.967123
468.1 0.968244
468.2 0.968178
468.3 0.96702
468.4 0.967094
468.5 0.968642
468.6 0.97257
468.7 0.972792
468.8 0.971479
468.9 0.966627
469 0.966958
469.1 0.966382
469.2 0.96763
469.3 0.970525
469.4 0.969832
469.5 0.968024
469.6 0.967194
469.7 0.96794
469.8 0.968164
469.9 0.969379
470 0.969249
470.1 0.967193
470.2 0.968284
470.3 0.968595
470.4 0.968987
470.5 0.966885
470.6 0.965048
470.7 0.965292
470.8 0.966569
470.9 0.966612
471 0.963643
471.1 0.966464
471.2 0.963683
471.3 0.963235
471.4 0.965084
471.5 0.964406
471.6 0.965565
471.7 0.966733
471.8 0.966336
471.9 0.966592
472 0.966984
472.1 0.96721
472.2 0.963862
472.3 0.96339
472.4 0.963529
472.5 0.962352
472.6 0.96271
472.7 0.962167
472.8 0.963105
472.9 0.962503
473 0.960626
473.1 0.961249
473.2 0.958255
473.3 0.961519
473.4 0.963992
473.5 0.961166
473.6 0.966143
473.7 0.96622
473.8 0.967751
473.9 0.96693
474 0.967422
474.1 0.967731
474.2 0.968216
474.3 0.968044
474.4 0.968332
474.5 0.970266
474.6 0.97057
474.7 0.9712
474.8 0.971903
474.9 0.968984
475 0.966261
475.1 0.96921
475.2 0.968518
475.3 0.966631
475.4 0.966969
475.5 0.96726
475.6 0.964541
475.7 0.962402
475.8 0.963812
475.9 0.963039
476 0.961471
476.1 0.964741
476.2 0.962622
476.3 0.964319
476.4 0.965343
476.5 0.965303
476.6 0.966375
476.7 0.966302
476.8 0.965136
476.9 0.963344
477 0.962736
477.1 0.966367
477.2 0.964619
477.3 0.968451
477.4 0.967771
477.5 0.968938
477.6 0.96926
477.7 0.969837
477.8 0.971322
477.9 0.971752
478 0.970733
478.1 0.97101
478.2 0.969341
478.3 0.966335
478.4 0.967285
478.5 0.967684
478.6 0.969402
478.7 0.967584
478.8 0.964576
478.9 0.966402
479 0.967237
479.1 0.963317
479.2 0.965033
479.3 0.966118
479.4 0.96446
479.5 0.96459
479.6 0.964687
479.7 0.965391
479.8 0.96503
479.9 0.966305
480 0.965833
480.1 0.964985
480.2 0.963355
480.3 0.966298
480.4 0.965852
480.5 0.968256
480.6 0.968033
480.7 0.968458
480.8 0.968078
480.9 0.967915
481 0.968166
481.1 0.969192
481.2 0.967716
481.3 0.965349
481.4 0.96761
481.5 0.967572
481.6 0.964551
481.7 0.965185
481.8 0.970214
481.9 0.969964
482 0.970303
482.1 0.968988
482.2 0.969588
482.3 0.966912
482.4 0.966533
482.5 0.963974
482.6 0.961721
482.7 0.960773
482.8 0.961223
482.9 0.96401
483 0.963026
483.1 0.965582
483.2 0.965001
483.3 0.966176
483.4 0.966299
483.5 0.96723
483.6 0.96719
483.7 0.965592
483.8 0.965319
483.9 0.96575
484 0.964232
484.1 0.965572
484.2 0.967146
484.3 0.967676
484.4 0.966375
484.5 0.967414
484.6 0.967539
484.7 0.968041
484.8 0.967306
484.9 0.970056
485 0.968859
485.1 0.965791
485.2 0.965339
485.3 0.964448
485.4 0.965026
485.5 0.967317
485.6 0.969311
485.7 0.970465
485.8 0.968201
485.9 0.968898
486 0.970484
486.1 0.967239
486.2 0.965704
486.3 0.963248
486.4 0.961704
486.5 0.96128
486.6 0.962009
486.7 0.962034
486.8 0.964838
486.9 0.966073
487 0.967068
487.1 0.967063
487.2 0.968046
487.3 0.967036
487.4 0.966004
487.5 0.967441
487.6 0.968438
487.7 0.967509
487.8 0.96684
487.9 0.967975
488 0.967957
488.1 0.968758
488.2 0.968384
488.3 0.969158
488.4 0.967431
488.5 0.966848
488.6 0.966731
488.7 0.968289
488.8 0.96643
488.9 0.967697
489 0.966542
489.1 0.965939
489.2 0.964978
489.3 0.965569
489.4 0.967164
489.5 0.966366
489.6 0.965235
489.7 0.965785
489.8 0.967042
489.9 0.964861
490 0.964754
490.1 0.966497
490.2 0.966646
490.3 0.965238
490.4 0.965617
490.5 0.964839
490.6 0.964782
490.7 0.966926
490.8 0.966755
490.9 0.965154
491 0.965816
491.1 0.966613
491.2 0.96527
491.3 0.963757
491.4 0.964064
491.5 0.962881
491.6 0.962016
491.7 0.961505
491.8 0.962753
491.9 0.964435
492 0.962929
492.1 0.965408
492.2 0.96291
492.3 0.967421
492.4 0.969011
492.5 0.968938
492.6 0.968894
492.7 0.969409
492.8 0.967043
492.9 0.966323
493 0.96703
493.1 0.965
493.2 0.962874
493.3 0.964546
493.4 0.964898
493.5 0.965042
493.6 0.964115
493.7 0.964631
493.8 0.967454
493.9 0.965685
494 0.968556
494.1 0.967501
494.2 0.964746
494.3 0.967351
494.4 0.967282
494.5 0.96739
494.6 0.968546
494.7 0.967033
494.8 0.964831
494.9 0.966181
495 0.964068
495.1 0.963638
495.2 0.964321
495.3 0.9647
495.4 0.96583
495.5 0.967438
495.6 0.965851
495.7 0.96684
495.8 0.97038
495.9 0.969397
496 0.970285
496.1 0.968779
496.2 0.967316
496.3 0.964779
496.4 0.966234
496.5 0.966378
496.6 0.965397
496.7 0.964469
496.8 0.962928
496.9 0.964195
497 0.965128
497.1 0.967022
497.2 0.966874
497.3 0.966144
497.4 0.966271
497.5 0.964911
497.6 0.962989
497.7 0.966675
497.8 0.96684
497.9 0.96478
498 0.965888
498.1 0.969161
498.2 0.971757
498.3 0.970151
498.4 0.971222
498.5 0.970953
498.6 0.969828
498.7 0.96776
498.8 0.96791
498.9 0.971854
499 0.970427
499.1 0.96941
499.2 0.968321
499.3 0.971308
499.4 0.969165
499.5 0.968427
499.6 0.967411
499.7 0.966575
499.8 0.965101
499.9 0.96506
