4.59816 8.96328 5.23869
4.91652 8.30738 0.0556018
2.80034 8.80083 0.161936
4.79343 6.86759 5.72593
8.95536 7.48455 4.09899
7.77052 5.55427 1.60357
7.70875 4.25833 1.63014
9.25423 6.47932 5.76334
5.38231 7.29119 3.89309
7.71681 2.99615 6.13514
5.35703 5.70019 5.44398
3.14455 6.36658 5.84125
6.6749 6.65199 3.64653
4.3726 4.86572 0.226595
9.49263 7.0869 3.11166
5.55608 3.02808 2.06633
5.75693 4.92942 1.45515
4.92973 5.42469 1.54221
3.16635 0.489902 4.4672
2.8106 7.95546 0.853797
4.82135 4.30265 4.04069
4.60684 5.20751 2.60676
4.78918 2.86918 3.43385
9.96511 0.942676 3.52989
0.132186 9.8265 4.09279
8.02835 7.05606 5.07287
3.30885 4.09016 2.01949
6.63101 4.69475 4.69342
3.12056 1.5737 1.33286
7.87216 3.58874 1.73474
2.37871 1.81481 0.95893
6.74176 2.03781 5.10645
7.24406 6.62336 3.57162
2.11979 9.77481 2.06808
0.776542 8.97781 2.20329
9.02012 5.90167 2.02189
2.08263 7.253 5.28892
2.61075 8.75191 2.0157
1.02778 8.97275 0.145248
3.04646 2.88045 0.895441
8.59116 9.50261 4.71983
5.28239 8.23275 5.55059
5.82645 3.67352 0.752268
8.72472 8.39714 1.96656
9.98788 3.69668 5.6795
4.25972 0.713638 1.3039
8.28119 9.80076 4.40628
9.29696 0.409055 1.21513
0.387705 7.24922 1.91438
7.29247 4.95499 5.54566
4.97314 8.06632 4.59399
5.9011 8.45946 0.0727267
3.49719 9.48169 0.878457
5.64374 6.35633 5.8825
8.11439 7.02599 3.18149
7.9148 6.53505 1.34248
7.33007 5.16657 1.90452
0.203799 6.24788 0.0678684
4.96025 6.40927 4.62895
8.69482 3.09023 0.431939
6.23824 5.25245 5.91815
3.83402 5.64831 5.54399
5.73886 6.31648 3.4315
5.06853 5.47172 1.28272
8.50908 7.07847 2.91492
4.87694 3.71445 2.77938
6.21208 5.77546 1.07068
4.93395 6.41661 1.4102
2.89401 9.53559 4.41658
3.64624 8.49669 0.484593
4.23096 3.51472 3.80535
3.7869 5.77238 2.51823
3.80439 2.79601 3.3836
8.98197 0.8023 3.30187
9.59001 8.99608 4.08403
7.6323 6.18566 3.79666
3.06806 5.04739 1.84762
6.73608 3.71054 4.56721
3.05889 2.56159 1.73919
8.0327 4.56246 1.41515
2.84796 2.65985 1.28892
7.31241 1.23857 5.33508
6.38735 6.1274 3.64544
1.62672 0.641374 2.17608
0.353911 9.87707 2.19015
8.41426 6.68669 2.28634
2.23559 6.27345 4.82439
2.29134 9.68758 1.96824
2.00328 8.81298 0.0808352
3.54502 3.7168 0.59356
8.44694 8.51968 4.54557
5.93398 7.4899 5.75773
6.34441 4.51726 1.22575
8.11162 9.13482 2.72993
0.819478 3.15469 5.58729
4.57311 1.63777 0.968726
7.97423 8.85362 4.57108
9.67731 1.31328 1.45772
0.143904 8.19713 2.05629
7.82502 4.11974 5.52478
4.67485 7.13811 4.02354
6.87509 8.60478 0.453546
4.23833 0.146204 0.80719
6.4913 5.84023 5.48774
7.16814 7.31309 2.92096
7.72675 7.4634 2.21996
6.90914 6.06256 2.22906
1.185 6.24191 0.162459
4.74005 5.44014 4.27034
9.25868 3.87077 1.09092
7.23007 5.24685 6.24907
4.79959 5.69456 0.318063
4.76615 6.29956 2.91178
4.9255 6.4562 1.6181
7.8071 7.74186 1.97004
3.90955 3.85894 3.19225
6.84398 6.5121 0.572434
4.57106 7.32292 2.27526
2.71259 8.57006 4.56067
4.58472 8.81643 0.383132
3.31248 3.1273 3.58697
3.09194 6.48264 2.12342
2.93207 2.34374 3.30971
8.0055 0.745197 2.78026
9.01078 8.18863 4.09932
6.6973 5.8933 3.13463
3.0936 6.03473 1.7754
6.46888 2.75254 4.52311
3.34268 3.48141 1.17483
8.56311 5.39744 1.05338
3.12752 3.61404 1.29365
8.06791 0.624974 5.93078
5.65737 5.46471 3.54057
1.32679 1.58375 1.97979
0.129169 0.832955 1.39666
7.92941 7.54968 1.9486
2.28326 5.28057 4.60503
1.56586 0.356423 2.20306
2.98434 8.78035 6.25878
4.32598 4.32641 0.719076
7.85062 7.74789 3.71573
6.48721 6.68031 4.89454
7.01582 5.23283 0.899886
7.185 9.48947 2.57541
1.59618 2.53765 5.42923
5.22777 2.38977 0.799903
7.16518 8.40656 3.20119
9.39207 2.26056 1.66396
9.6998 9.0867 1.88823
8.68944 3.63025 5.73878
3.81153 6.73339 3.26865
7.77054 9.03635 0.57246
4.98471 0.794635 0.62397
7.30076 5.28105 5.92537
6.2353 7.64918 2.66638
6.8776 7.97397 2.65765
6.15411 6.67708 2.94763
2.1791 6.27277 6.21052
4.76846 4.52657 5.16424
9.69346 4.76403 0.913334
8.21472 5.13007 0.050017
5.76125 5.95157 0.405981
3.78837 6.23483 3.00962
4.80827 7.43447 1.92708
7.48495 8.66171 1.64283
3.02679 4.27521 2.22418
6.99067 7.41996 1.94305
4.22659 8.25315 1.82584
2.42897 7.61312 4.35125
5.44089 9.31291 0.453076
2.33443 3.04753 2.96088
2.53391 7.3041 1.96371
1.95201 2.17976 3.49276
7.07313 1.01648 3.08144
8.10084 7.92148 2.94374
5.84753 6.39143 2.45468
2.93532 7.00896 1.55218
6.08648 1.83802 4.32726
3.94767 4.25067 1.27693
8.7963 6.35518 0.944443
3.25598 4.59692 1.47717
8.78612 9.95423 5.33877
4.78041 5.01056 3.84801
1.20754 2.56525 1.39918
0.484887 1.75691 1.24631
7.4198 8.37035 2.41127
1.97054 4.33457 4.30137
0.891737 1.09002 2.16695
3.96733 8.9415 0.110021
5.28108 4.36559 6.09709
6.89628 7.73629 2.5985
6.16968 5.76983 4.33484
7.68828 5.96529 0.681361
6.35129 0.0164099 2.69151
1.97836 1.66998 4.66308
5.98778 3.01372 0.575309
6.17067 8.4133 3.32428
9.65066 3.21624 1.21018
9.13696 9.90613 2.13111
9.65507 3.76856 0.395152
2.83975 6.569 3.44406
8.69003 9.42084 0.38736
5.93688 0.965874 6.21043
8.2187 4.90654 5.62182
5.42971 8.23732 2.47498
6.08033 8.55876 2.74207
5.18447 6.60026 3.49294
3.03783 5.79749 5.51495
5.45602 3.8124 5.60333
0.467268 5.35821 0.431051
9.20214 5.08599 6.02354
6.28572 6.78944 1.21183
2.96918 5.74964 4.21565
4.45696 8.35097 2.18699
7.24959 9.61529 2.17488
2.38912 5.02972 2.55897
6.17489 7.95122 2.91832
4.43875 9.15521 0.606657
1.82582 6.83762 4.01369
6.34224 9.70812 0.593625
1.5026 2.57401 3.99416
1.99354 8.1289 2.3403
1.02087 1.8263 3.61384
6.17715 0.637647 3.74205
7.12653 8.11084 2.93865
5.1428 7.08133 2.30718
2.49234 7.81848 2.73441
5.8021 0.885127 4.42885
4.25981 5.18744 1.60071
8.9032 7.30767 1.70121
3.18469 5.58033 1.92535
9.02005 8.99485 4.9909
3.97165 4.44279 3.70908
0.738593 3.42308 2.16027
0.232179 2.69032 1.99204
6.47213 8.6079 2.94167
1.82625 3.40691 5.01752
0.414919 1.95869 2.22046
4.92796 9.17424 0.259433
6.24661 4.16221 6.14467
6.18324 8.43066 2.46882
6.37155 4.82394 5.2516
8.44912 6.60828 0.79623
5.40331 0.263081 3.0566
1.92691 0.675696 4.5609
6.46862 3.87858 1.21021
5.27008 8.70394 2.74682
9.95404 4.16073 1.54025
8.45163 0.568361 2.7506
0.221014 4.56487 1.0553
1.85562 6.4773 3.21256
9.64662 9.67495 0.276896
6.86739 0.631963 5.90978
9.01892 4.32738 5.36437
4.76481 8.97586 2.36701
5.19505 9.01542 2.6498
4.26163 6.83269 2.56868
3.69136 5.06377 5.42711
6.2753 3.26785 5.78097
1.06143 6.12223 0.964973
0.110325 4.69449 6.09578
6.89283 7.54011 0.496241
2.38032 4.9478 4.154
3.99129 9.22871 1.96334
6.61589 0.37817 2.48167
1.41992 5.24026 3.03194
5.33752 8.43239 2.52946
5.32038 9.56493 0.0831471
1.01599 6.28887 3.72263
7.23592 0.130019 0.404816
0.673181 2.0354 3.62351
1.03812 8.36573 3.15648
0.0996908 1.45364 3.54714
5.53341 9.9049 3.60617
6.1753 8.3297 2.4774
4.27053 7.5558 2.63405
1.70404 8.41329 2.68091
5.66817 9.90837 4.31849
4.34173 6.1776 1.33314
9.46287 8.00122 0.144448
2.32187 5.91809 3.26823
9.02357 8.01724 4.78272
3.332 3.69587 4.26366
0.444418 4.31044 1.18375
9.6507 3.4907 1.98616
5.54767 8.9695 2.83274
1.97347 2.45215 4.54353
9.93225 2.83045 2.10837
5.91744 9.28342 0.226803
7.11892 3.75143 5.47411
5.28439 8.85711 2.49566
7.12559 4.19785 5.65468
9.08304 7.36055 1.13492
4.53884 9.86402 3.9146
2.13758 9.70449 5.05237
7.21358 4.4543 0.14179
4.57884 9.37167 1.94339
9.90009 5.15623 1.63264
7.72706 1.15215 1.90407
0.792576 5.35191 0.554219
1.0006 6.90677 2.15917
0.598422 9.93342 0.0381861
7.78914 0.277776 6.23108
9.7651 3.67591 5.7633
4.31619 9.85718 2.12437
4.44125 9.65884 2.61272
3.45705 7.38692 2.13607
4.39204 4.36585 5.74268
7.17756 2.88047 6.19236
1.73455 6.83951 1.14481
0.972893 4.26048 5.78361
7.70717 8.08067 1.0876
1.49712 4.53357 3.43429
3.50735 0.08593 2.24777
5.83034 0.987538 2.50861
0.44228 5.15126 3.42482
4.81718 9.2531 2.27248
6.30726 9.67339 0.221898
0.091807 6.51659 2.33517
8.22554 0.167253 6.01647
9.74395 1.68142 3.49629
0.0496238 8.4264 3.05871
9.36193 0.787814 4.05097
4.74669 9.30271 3.8657
5.40526 8.96225 2.58915
3.35934 7.94357 2.69908
1.17788 9.24902 2.13903
5.11052 9.09176 3.96187
4.39329 7.16196 1.75422
0.370182 7.69902 5.61062
1.33156 5.89255 3.29587
9.33464 7.10796 5.40093
2.91229 2.79879 4.4199
1.23786 4.80571 0.0840338
8.81508 3.95848 2.97445
4.61654 9.31759 2.89868
1.31458 1.79884 3.33278
9.26125 3.54492 2.52842
6.83378 9.65699 0.602284
7.77405 3.01072 5.46749
4.37307 9.24581 2.62499
7.76486 3.43938 5.5529
9.42186 8.29701 1.11076
3.59323 9.59121 3.19055
2.35473 8.73759 4.66996
8.1037 4.10806 5.43604
3.93515 0.130512 2.44085
0.630603 5.76303 0.737904
7.44268 2.09134 1.84204
1.75614 5.42479 5.8282
0.61232 7.80555 1.57323
1.59465 9.87535 0.0490859
8.70664 9.91941 5.7899
0.669971 3.34168 0.05588
3.4842 0.393889 2.54936
3.59228 0.176712 2.69001
2.85433 8.18056 2.15748
5.32802 4.03509 5.89841
8.00935 2.3678 5.45389
1.91378 7.8157 1.4482
1.54718 3.45255 5.29657
8.05286 9.00692 0.998035
0.711636 3.99081 4.19174
2.79852 0.782761 2.23569
5.2187 1.77164 2.1792
9.44772 5.20507 3.10436
4.0321 9.84994 2.8179
7.29261 9.81605 0.302423
9.37469 7.19808 2.22193
9.05525 9.68122 5.57875
8.76082 1.51815 3.2358
9.11625 8.72907 2.69166
9.2908 9.80979 4.79241
4.02771 8.62165 3.87344
4.42304 9.08038 2.99331
2.38937 8.12821 3.23866
0.793274 0.167853 2.13196
4.65099 8.21787 4.02424
4.05574 8.06464 2.46296
1.33543 7.53139 6.23887
0.495738 6.24697 2.16219
9.976 6.35018 5.36451
2.92503 1.81213 4.97294
2.16497 5.16463 0.10996
7.83628 3.90132 3.29929
3.66894 9.61386 2.62993
0.437154 1.3688 3.24935
8.28155 3.70052 3.10644
7.79625 9.83244 6.22802
8.02568 2.05231 4.8878
3.48679 9.69148 2.53105
8.35079 2.67781 5.18705
9.27238 9.2111 2.28649
2.6031 9.4925 3.32889
1.89855 7.93338 3.54609
8.53682 3.25088 4.73956
3.42241 0.982185 2.28148
1.26453 6.50648 1.3704
7.12819 3.03674 2.10295
2.72058 5.22531 5.9927
0.622123 8.80166 1.62311
2.57946 0.00359118 0.357084
9.28813 9.15653 5.12348
1.63789 3.13109 6.13219
2.69906 0.979839 2.6598
2.61563 0.372067 3.05534
2.34267 9.02175 2.16104
6.14507 3.46684 5.80985
8.92285 2.00009 6.22209
1.78982 8.79427 1.94911
1.90429 2.52837 5.04957
8.48121 9.88166 1.56433
0.284939 3.09689 4.19959
2.17285 1.53772 2.62864
4.42035 2.32982 3.02608
8.45277 5.18485 3.25151
3.05415 9.98107 3.12322
8.14905 0.26222 0.914498
8.78852 7.97892 1.94076
9.90428 9.19347 5.61033
7.90452 1.03921 3.89256
8.28339 9.26884 2.80086
9.78976 8.95219 5.38088
3.41101 7.84081 4.11591
3.53125 8.68917 3.75504
1.40561 7.96795 3.33241
0.556854 1.12154 1.80688
3.77281 7.75641 3.4493
3.20113 8.57135 2.70365
2.19332 7.15635 5.46649
9.83172 6.94125 2.78075
0.577344 5.56103 5.1648
2.93224 0.849261 4.18266
3.13913 5.28235 6.16914
6.85308 3.75226 3.39522
2.85894 0.187483 2.31649
9.47123 1.24709 2.97179
7.28777 3.64005 3.10529
8.75338 0.0997025 0.188922
8.32945 1.11809 4.87947
2.56945 0.0739594 2.50756
8.74067 1.77254 5.03723
8.34853 9.55186 2.66939
1.63417 9.26166 3.36422
0.927568 7.77669 3.20062
8.76106 2.28943 5.20104
2.6071 1.54137 2.49081
1.19832 7.49509 1.69343
6.6513 3.91032 2.02126
3.70142 5.1129 6.27295
0.495005 9.76457 2.14359
3.28292 0.706725 0.688829
9.47674 8.18375 4.70096
2.39853 2.50753 5.51081
1.72523 0.946399 3.49407
1.63178 0.492319 3.01334
1.84565 9.87147 2.40573
7.07647 3.12938 5.94414
9.76294 1.51507 5.39075
1.14307 9.51363 2.62037
2.07424 1.57914 4.47003
7.91065 0.667259 2.35368
9.9667 2.16215 4.32298
1.20313 1.71916 3.03776
3.43212 2.39625 3.10694
7.63539 4.63092 3.92903
2.16497 0.394125 2.93437
8.87245 0.928976 0.547461
8.24439 8.78913 2.2379
0.595967 8.48825 5.18136
7.4578 0.176316 3.91318
7.50693 9.87199 2.12571
0.473347 8.22786 5.42487
2.45097 7.74286 3.00245
2.61657 8.29109 3.63672
0.434407 7.82598 3.62533
0.519485 2.1041 1.58459
2.80243 7.60434 3.72005
2.2317 8.78331 2.739
3.07126 6.75383 6.16346
8.85122 7.08864 3.24713
0.918459 4.62813 4.93832
2.1875 0.286495 3.23598
4.12614 5.40795 0.298423
5.94196 3.41299 3.99336
1.97774 0.629522 2.78895
8.47891 1.17482 3.35789
6.30275 3.57963 3.40703
9.69374 9.87096 5.96546
8.59456 0.160838 4.92323
1.64584 0.421202 2.91536
9.0828 0.867507 5.49501
7.41246 9.84985 3.20533
0.730542 9.38898 2.32775
9.93631 7.83162 2.98532
9.20413 1.40908 5.01189
1.73838 1.94656 2.94256
1.04492 8.47739 1.78
6.78208 4.87765 1.13399
4.67043 4.96532 5.93861
