0 0.0887192
0.1 0.0874277
0.2 0.0994734
0.3 0.108464
0.4 0.114624
0.5 0.118583
0.6 0.120987
0.7 0.140427
0.8 0.153388
0.9 0.160971
1 0.162626
1.1 0.170452
1.2 0.179054
1.3 0.18804
1.4 0.197007
1.5 0.20437
1.6 0.217364
1.7 0.225124
1.8 0.231964
1.9 0.23981
2 0.238109
2.1 0.242283
2.2 0.253317
2.3 0.264793
2.4 0.271007
2.5 0.277991
2.6 0.284621
2.7 0.292844
2.8 0.306564
2.9 0.311324
3 0.319322
3.1 0.325545
3.2 0.336017
3.3 0.344946
3.4 0.349363
3.5 0.363157
3.6 0.36661
3.7 0.379872
3.8 0.381899
3.9 0.397693
4 0.405953
4.1 0.415525
4.2 0.432126
4.3 0.439972
4.4 0.446497
4.5 0.456471
4.6 0.469422
4.7 0.487502
4.8 0.502099
4.9 0.50844
5 0.52338
5.1 0.53439
5.2 0.542062
5.3 0.55515
5.4 0.562569
5.5 0.571862
5.6 0.577255
5.7 0.585408
5.8 0.593376
5.9 0.603236
6 0.613277
6.1 0.620026
6.2 0.632774
6.3 0.640512
6.4 0.640994
6.5 0.654965
6.6 0.663413
6.7 0.671689
6.8 0.680157
6.9 0.689491
7 0.701523
7.1 0.708793
7.2 0.715827
7.3 0.715546
7.4 0.726072
7.5 0.733027
7.6 0.739917
7.7 0.749425
7.8 0.757587
7.9 0.766437
8 0.777825
8.1 0.782604
8.2 0.789233
8.3 0.798658
8.4 0.800457
8.5 0.804099
8.6 0.807021
8.7 0.811031
8.8 0.817178
8.9 0.823688
9 0.820992
9.1 0.825146
9.2 0.825742
9.3 0.830071
9.4 0.834261
9.5 0.839126
9.6 0.845705
9.7 0.842701
9.8 0.848444
9.9 0.850229
10 0.850538
10.1 0.854603
10.2 0.856547
10.3 0.857092
10.4 0.863183
10.5 0.864138
10.6 0.868761
10.7 0.873874
10.8 0.876527
10.9 0.878271
11 0.881474
11.1 0.885999
11.2 0.893484
11.3 0.895893
11.4 0.898153
11.5 0.898249
11.6 0.899388
11.7 0.901103
11.8 0.90455
11.9 0.902377
12 0.901843
12.1 0.90333
12.2 0.905279
12.3 0.907389
12.4 0.907295
12.5 0.911577
12.6 0.911945
12.7 0.914739
12.8 0.917439
12.9 0.918614
13 0.921801
13.1 0.920167
13.2 0.919815
13.3 0.919205
13.4 0.918942
13.5 0.91987
13.6 0.919959
13.7 0.921466
13.8 0.919289
13.9 0.920143
14 0.920062
14.1 0.917541
14.2 0.920303
14.3 0.920381
14.4 0.918033
14.5 0.918132
14.6 0.92047
14.7 0.919148
14.8 0.92128
14.9 0.921085
15 0.922372
15.1 0.920461
15.2 0.922372
15.3 0.924735
15.4 0.924212
15.5 0.92258
15.6 0.920234
15.7 0.918537
15.8 0.91954
15.9 0.918127
16 0.919979
16.1 0.920792
16.2 0.919313
16.3 0.920332
16.4 0.920535
16.5 0.921912
16.6 0.920611
16.7 0.92365
16.8 0.927547
16.9 0.935445
17 0.93405
17.1 0.931643
17.2 0.928909
17.3 0.929215
17.4 0.926388
17.5 0.924384
17.6 0.924016
17.7 0.925521
17.8 0.92616
17.9 0.926717
18 0.92873
18.1 0.927785
18.2 0.926224
18.3 0.92615
18.4 0.923645
18.5 0.92621
18.6 0.927895
18.7 0.92883
18.8 0.923646
18.9 0.923866
19 0.919614
19.1 0.923704
19.2 0.925511
19.3 0.922608
19.4 0.923727
19.5 0.921199
19.6 0.924337
19.7 0.923959
19.8 0.922016
19.9 0.917873
20 0.91847
20.1 0.919366
20.2 0.919558
20.3 0.916442
20.4 0.916026
20.5 0.915171
20.6 0.915413
20.7 0.913035
20.8 0.913096
20.9 0.913429
21 0.914346
21.1 0.916965
21.2 0.914528
21.3 0.912457
21.4 0.910207
21.5 0.909716
21.6 0.911932
21.7 0.911806
21.8 0.913903
21.9 0.913146
22 0.912041
22.1 0.91377
22.2 0.916476
22.3 0.917686
22.4 0.916652
22.5 0.915536
22.6 0.918291
22.7 0.917576
22.8 0.916828
22.9 0.916844
23 0.920118
23.1 0.917633
23.2 0.918361
23.3 0.922429
23.4 0.917264
23.5 0.914649
23.6 0.914665
23.7 0.91572
23.8 0.914507
23.9 0.918897
24 0.919136
24.1 0.918837
24.2 0.921267
24.3 0.923485
24.4 0.922738
24.5 0.922645
24.6 0.921276
24.7 0.923025
24.8 0.923258
24.9 0.924276
25 0.924668
25.1 0.925369
25.2 0.927386
25.3 0.926757
25.4 0.926613
25.5 0.929328
25.6 0.929664
25.7 0.931808
25.8 0.93159
25.9 0.931728
26 0.931033
26.1 0.928432
26.2 0.929364
26.3 0.928121
26.4 0.927874
26.5 0.924826
26.6 0.920965
26.7 0.920625
26.8 0.917658
26.9 0.913677
27 0.916024
27.1 0.914705
27.2 0.916968
27.3 0.918521
27.4 0.92218
27.5 0.919368
27.6 0.920197
27.7 0.923699
27.8 0.925379
27.9 0.926273
28 0.923147
28.1 0.926229
28.2 0.925441
28.3 0.925295
28.4 0.926512
28.5 0.925175
28.6 0.928098
28.7 0.929541
28.8 0.929448
28.9 0.92497
29 0.925253
29.1 0.926229
29.2 0.926634
29.3 0.924539
29.4 0.923603
29.5 0.9236
29.6 0.923024
29.7 0.924723
29.8 0.922356
29.9 0.922115
