0 0.0100102
0.1 0.0397879
0.2 0.0890218
0.3 0.157667
0.4 0.245467
0.5 0.351629
0.6 0.476676
0.7 0.620541
0.8 0.78267
0.9 0.962733
1 1.15977
1.1 1.37547
1.2 1.60878
1.3 1.85998
1.4 2.12745
1.5 2.41027
1.6 2.7083
1.7 3.02365
1.8 3.35289
1.9 3.69801
2 4.05849
2.1 4.43442
2.2 4.82331
2.3 5.22941
2.4 5.65143
2.5 6.08883
2.6 6.54493
2.7 7.01565
2.8 7.50348
2.9 8.00776
3 8.52545
3.1 9.05968
3.2 9.61288
3.3 10.1804
3.4 10.7602
3.5 11.3525
3.6 11.9638
3.7 12.5888
3.8 13.2267
3.9 13.8793
4 14.5502
4.1 15.2272
4.2 15.9194
4.3 16.6231
4.4 17.3427
4.5 18.0859
4.6 18.8378
4.7 19.5994
4.8 20.373
4.9 21.1618
5 21.9642
5.1 22.7834
5.2 23.6143
5.3 24.4549
5.4 25.3158
5.5 26.1848
5.6 27.069
5.7 27.975
5.8 28.8899
5.9 29.8239
6 30.7754
6.1 31.7412
6.2 32.7162
6.3 33.6951
6.4 34.6871
6.5 35.6778
6.6 36.6796
6.7 37.7005
6.8 38.7307
6.9 39.7724
7 40.8123
7.1 41.8593
7.2 42.9166
7.3 43.9779
7.4 45.0382
7.5 46.1133
7.6 47.181
7.7 48.2557
7.8 49.3267
7.9 50.4099
8 51.5026
8.1 52.5935
8.2 53.6937
8.3 54.7887
8.4 55.8948
8.5 56.9968
8.6 58.0911
8.7 59.2071
8.8 60.3423
8.9 61.4794
9 62.6251
9.1 63.7741
9.2 64.9364
9.3 66.1143
9.4 67.3053
9.5 68.5067
9.6 69.7044
9.7 70.9103
9.8 72.1207
9.9 73.3275
10 74.5392
10.1 75.743
10.2 76.9503
10.3 78.1647
10.4 79.3886
10.5 80.625
10.6 81.8496
10.7 83.0872
10.8 84.345
10.9 85.6229
11 86.9113
11.1 88.2012
11.2 89.487
11.3 90.7745
11.4 92.0505
11.5 93.3323
11.6 94.6239
11.7 95.9214
11.8 97.2134
11.9 98.4957
12 99.7961
12.1 101.12
12.2 102.431
12.3 103.754
12.4 105.08
12.5 106.406
12.6 107.741
12.7 109.079
12.8 110.437
12.9 111.786
13 113.123
13.1 114.451
13.2 115.796
13.3 117.154
13.4 118.51
13.5 119.863
13.6 121.218
13.7 122.552
13.8 123.924
13.9 125.28
14 126.622
14.1 127.96
14.2 129.331
14.3 130.723
14.4 132.105
14.5 133.485
14.6 134.83
14.7 136.162
14.8 137.507
14.9 138.842
15 140.155
15.1 141.484
15.2 142.817
15.3 144.15
15.4 145.475
15.5 146.812
15.6 148.158
15.7 149.467
15.8 150.779
15.9 152.081
16 153.384
16.1 154.7
16.2 156.015
16.3 157.34
16.4 158.67
16.5 160.022
16.6 161.381
16.7 162.723
16.8 164.062
16.9 165.373
17 166.707
17.1 168.056
17.2 169.407
17.3 170.75
17.4 172.081
17.5 173.429
17.6 174.795
17.7 176.177
17.8 177.545
17.9 178.943
18 180.338
18.1 181.74
18.2 183.097
18.3 184.444
18.4 185.82
18.5 187.229
18.6 188.666
18.7 190.124
18.8 191.586
18.9 193.065
19 194.55
19.1 196.061
19.2 197.582
19.3 199.135
19.4 200.707
19.5 202.273
19.6 203.885
19.7 205.515
19.8 207.134
19.9 208.769
20 210.413
20.1 212.051
20.2 213.727
20.3 215.394
20.4 217.048
20.5 218.718
20.6 220.367
20.7 221.994
20.8 223.641
20.9 225.311
21 226.983
21.1 228.629
21.2 230.325
21.3 232.041
21.4 233.793
21.5 235.565
21.6 237.323
21.7 239.06
21.8 240.772
21.9 242.449
22 244.126
22.1 245.823
22.2 247.486
22.3 249.197
22.4 250.875
22.5 252.554
22.6 254.208
22.7 255.865
22.8 257.523
22.9 259.181
23 260.846
23.1 262.515
23.2 264.213
23.3 265.912
23.4 267.591
23.5 269.291
23.6 271.033
23.7 272.791
23.8 274.609
23.9 276.457
24 278.329
24.1 280.215
24.2 282.094
24.3 283.991
24.4 285.92
24.5 287.842
24.6 289.774
24.7 291.663
24.8 293.563
24.9 295.468
25 297.385
25.1 299.283
25.2 301.168
25.3 303.08
25.4 304.981
25.5 306.885
25.6 308.736
25.7 310.636
25.8 312.52
25.9 314.381
26 316.228
26.1 318.086
26.2 319.941
26.3 321.78
26.4 323.624
26.5 325.49
26.6 327.374
26.7 329.22
26.8 331.105
26.9 333.006
27 334.907
27.1 336.875
27.2 338.829
27.3 340.74
27.4 342.649
27.5 344.499
27.6 346.331
27.7 348.19
27.8 350.098
27.9 352.005
28 353.916
28.1 355.848
28.2 357.772
28.3 359.65
28.4 361.486
28.5 363.325
28.6 365.194
28.7 367.046
28.8 368.938
28.9 370.842
29 372.789
29.1 374.679
29.2 376.557
29.3 378.46
29.4 380.323
29.5 382.203
29.6 384.067
29.7 385.919
29.8 387.857
29.9 389.765
30 391.695
30.1 393.625
30.2 395.568
30.3 397.548
30.4 399.493
30.5 401.415
30.6 403.303
30.7 405.218
30.8 407.153
30.9 409.08
31 411.011
31.1 412.896
31.2 414.775
31.3 416.637
31.4 418.489
31.5 420.32
31.6 422.147
31.7 424.001
31.8 425.836
31.9 427.72
32 429.61
32.1 431.585
32.2 433.575
32.3 435.567
32.4 437.548
32.5 439.51
32.6 441.441
32.7 443.411
32.8 445.334
32.9 447.234
33 449.165
33.1 451.097
33.2 453.005
33.3 454.941
33.4 456.968
33.5 459.008
33.6 461.053
33.7 463.144
33.8 465.2
33.9 467.226
34 469.229
34.1 471.23
34.2 473.205
34.3 475.196
34.4 477.176
34.5 479.14
34.6 481.101
34.7 483.04
34.8 484.966
34.9 486.92
35 488.901
35.1 490.863
35.2 492.802
35.3 494.735
35.4 496.688
35.5 498.605
35.6 500.52
35.7 502.434
35.8 504.374
35.9 506.311
36 508.25
36.1 510.237
36.2 512.168
36.3 514.051
36.4 515.905
36.5 517.817
36.6 519.73
36.7 521.641
36.8 523.559
36.9 525.481
37 527.332
37.1 529.241
37.2 531.184
37.3 533.107
37.4 535.054
37.5 536.974
37.6 538.92
37.7 540.945
37.8 542.92
37.9 544.885
38 546.847
38.1 548.822
38.2 550.74
38.3 552.66
38.4 554.564
38.5 556.512
38.6 558.434
38.7 560.357
38.8 562.235
38.9 564.116
39 566.006
39.1 567.876
39.2 569.688
39.3 571.484
39.4 573.286
39.5 575.193
39.6 577.059
39.7 578.897
39.8 580.709
39.9 582.518
40 584.329
40.1 586.127
40.2 587.936
40.3 589.792
40.4 591.609
40.5 593.422
40.6 595.222
40.7 597.045
40.8 598.889
40.9 600.691
41 602.525
41.1 604.393
41.2 606.234
41.3 607.979
41.4 609.785
41.5 611.598
41.6 613.44
41.7 615.315
41.8 617.221
41.9 619.092
42 621.021
42.1 622.97
42.2 624.98
42.3 626.968
42.4 628.933
42.5 630.961
42.6 632.944
42.7 634.928
42.8 636.951
42.9 638.987
43 641.015
43.1 643.09
43.2 645.113
43.3 647.163
43.4 649.203
43.5 651.263
43.6 653.315
43.7 655.349
43.8 657.431
43.9 659.436
44 661.398
44.1 663.444
44.2 665.535
44.3 667.638
44.4 669.777
44.5 671.935
44.6 674.074
44.7 676.198
44.8 678.357
44.9 680.523
45 682.669
45.1 684.78
45.2 686.934
45.3 689.13
45.4 691.285
45.5 693.475
45.6 695.725
45.7 697.998
45.8 700.252
45.9 702.48
46 704.658
46.1 706.83
46.2 709.005
46.3 711.212
46.4 713.446
46.5 715.637
46.6 717.779
46.7 719.923
46.8 722.088
46.9 724.26
47 726.462
47.1 728.64
47.2 730.811
47.3 733.027
47.4 735.305
47.5 737.678
47.6 740.024
47.7 742.362
47.8 744.758
47.9 747.21
48 749.665
48.1 752.17
48.2 754.688
48.3 757.219
48.4 759.733
48.5 762.241
48.6 764.666
48.7 767.039
48.8 769.447
48.9 771.829
49 774.28
49.1 776.704
49.2 779.12
49.3 781.572
49.4 783.99
49.5 786.403
49.6 788.841
49.7 791.347
49.8 793.847
49.9 796.296
