0 0.0263783
0.1 0.0147826
0.2 0.0252775
0.3 0.0282039
0.4 0.0356608
0.5 0.0371472
0.6 0.0430316
0.7 0.0425822
0.8 0.0418282
0.9 0.0438149
1 0.0439529
1.1 0.0381266
1.2 0.0361311
1.3 0.0432001
1.4 0.0452497
1.5 0.0442036
1.6 0.0552124
1.7 0.0517923
1.8 0.0513214
1.9 0.0435723
2 0.0430951
2.1 0.0444444
2.2 0.0423374
2.3 0.0516074
2.4 0.0607185
2.5 0.0684008
2.6 0.065793
2.7 0.0729892
2.8 0.0747621
2.9 0.0744864
3 0.0690622
3.1 0.0719693
3.2 0.0742287
3.3 0.096016
3.4 0.0972272
3.5 0.104617
3.6 0.104326
3.7 0.104948
3.8 0.107895
3.9 0.112525
4 0.115108
4.1 0.119624
4.2 0.11137
4.3 0.120158
4.4 0.113858
4.5 0.119708
4.6 0.118126
4.7 0.12764
4.8 0.125266
4.9 0.134046
5 0.132791
5.1 0.129386
5.2 0.12435
5.3 0.124947
5.4 0.124388
5.5 0.111928
5.6 0.114263
5.7 0.110031
5.8 0.106164
5.9 0.112241
6 0.119705
6.1 0.12377
6.2 0.128975
6.3 0.13438
6.4 0.12614
6.5 0.125151
6.6 0.125279
6.7 0.134817
6.8 0.129442
6.9 0.121572
7 0.116212
7.1 0.117239
7.2 0.123674
7.3 0.117929
7.4 0.115919
7.5 0.114555
7.6 0.124206
7.7 0.127742
7.8 0.124923
7.9 0.13414
8 0.131618
8.1 0.134713
8.2 0.12838
8.3 0.13554
8.4 0.134671
8.5 0.142509
8.6 0.142766
8.7 0.144343
8.8 0.143094
8.9 0.141981
9 0.144084
9.1 0.140079
9.2 0.146548
9.3 0.156043
9.4 0.16535
9.5 0.16877
9.6 0.172766
9.7 0.175162
9.8 0.173434
9.9 0.167712
10 0.164559
10.1 0.154494
10.2 0.152153
10.3 0.159173
10.4 0.151918
10.5 0.165225
10.6 0.159065
10.7 0.156301
10.8 0.158885
10.9 0.161114
11 0.160433
11.1 0.148142
11.2 0.138713
11.3 0.138336
11.4 0.144986
11.5 0.14667
11.6 0.151647
11.7 0.157458
11.8 0.157524
11.9 0.151545
12 0.157171
12.1 0.161451
12.2 0.16957
12.3 0.154799
12.4 0.157629
12.5 0.150246
12.6 0.139541
12.7 0.140468
12.8 0.139968
12.9 0.142102
13 0.14912
13.1 0.155182
13.2 0.157728
13.3 0.155313
13.4 0.16155
13.5 0.152586
13.6 0.156407
13.7 0.161191
13.8 0.157713
13.9 0.155259
14 0.151467
14.1 0.153887
14.2 0.145467
14.3 0.144037
14.4 0.143902
14.5 0.133274
14.6 0.134488
14.7 0.142499
14.8 0.140415
14.9 0.146369
15 0.137678
15.1 0.135433
15.2 0.140644
15.3 0.137109
15.4 0.146267
15.5 0.149155
15.6 0.145746
15.7 0.136773
15.8 0.136992
15.9 0.135272
16 0.132089
16.1 0.120335
16.2 0.110749
16.3 0.110089
16.4 0.106836
16.5 0.102866
16.6 0.0942627
16.7 0.0948506
16.8 0.104275
16.9 0.115001
17 0.11984
17.1 0.126429
17.2 0.114805
17.3 0.102937
17.4 0.101325
17.5 0.0872159
17.6 0.0894892
17.7 0.0826454
17.8 0.0879015
17.9 0.0853536
18 0.103792
18.1 0.103674
18.2 0.104113
18.3 0.108704
18.4 0.107813
18.5 0.103769
18.6 0.100222
18.7 0.100223
18.8 0.10642
18.9 0.104813
19 0.104075
19.1 0.094717
19.2 0.10143
19.3 0.110943
19.4 0.117692
19.5 0.116516
19.6 0.112149
19.7 0.10017
19.8 0.0940322
19.9 0.0942304
20 0.101761
20.1 0.110226
20.2 0.114708
20.3 0.116746
20.4 0.117994
20.5 0.126892
20.6 0.124539
20.7 0.113837
20.8 0.112287
20.9 0.114661
21 0.113863
21.1 0.114755
21.2 0.117185
21.3 0.112425
21.4 0.11251
21.5 0.105466
21.6 0.120893
21.7 0.112337
21.8 0.109564
21.9 0.113464
22 0.120201
22.1 0.127605
22.2 0.119955
22.3 0.121156
22.4 0.115252
22.5 0.109189
22.6 0.112679
22.7 0.107434
22.8 0.10309
22.9 0.110366
23 0.102486
23.1 0.0935926
23.2 0.0950331
23.3 0.0893504
23.4 0.0949123
23.5 0.100841
23.6 0.0980965
23.7 0.0978716
23.8 0.100241
23.9 0.0940318
24 0.089373
24.1 0.0927464
24.2 0.102655
24.3 0.115574
24.4 0.112231
24.5 0.110533
24.6 0.122713
24.7 0.126856
24.8 0.132784
24.9 0.142269
25 0.151767
25.1 0.154609
25.2 0.155051
25.3 0.155839
25.4 0.163933
25.5 0.163168
25.6 0.161526
25.7 0.162625
25.8 0.166309
25.9 0.166242
26 0.160869
26.1 0.158711
26.2 0.156049
26.3 0.144889
26.4 0.146181
26.5 0.143974
26.6 0.158588
26.7 0.167153
26.8 0.165167
26.9 0.169038
27 0.172869
27.1 0.172853
27.2 0.179869
27.3 0.184049
27.4 0.181529
27.5 0.192724
27.6 0.185981
27.7 0.187157
27.8 0.194166
27.9 0.196274
28 0.198172
28.1 0.188367
28.2 0.179645
28.3 0.182061
28.4 0.177249
28.5 0.173711
28.6 0.179987
28.7 0.189356
28.8 0.181664
28.9 0.177886
29 0.176715
29.1 0.178619
29.2 0.174758
29.3 0.184149
29.4 0.186547
29.5 0.181129
29.6 0.176354
29.7 0.179956
29.8 0.180642
29.9 0.190873
30 0.19248
30.1 0.194951
30.2 0.197549
30.3 0.200766
30.4 0.193053
30.5 0.18557
30.6 0.190167
30.7 0.195301
30.8 0.194031
30.9 0.19283
31 0.19765
31.1 0.204183
31.2 0.210669
31.3 0.21714
31.4 0.214592
31.5 0.212811
31.6 0.210936
31.7 0.218762
31.8 0.21829
31.9 0.215686
32 0.209231
32.1 0.208379
32.2 0.206616
32.3 0.201941
32.4 0.2013
32.5 0.205192
32.6 0.206556
32.7 0.202982
32.8 0.198826
32.9 0.193842
33 0.193354
33.1 0.197517
33.2 0.205066
33.3 0.208738
33.4 0.213812
33.5 0.207329
33.6 0.212489
33.7 0.221377
33.8 0.2145
33.9 0.215499
34 0.207308
34.1 0.209778
34.2 0.20473
34.3 0.200921
34.4 0.200388
34.5 0.201812
34.6 0.197341
34.7 0.197789
34.8 0.201101
34.9 0.203073
35 0.211091
35.1 0.214758
35.2 0.212696
35.3 0.212027
35.4 0.212411
35.5 0.203167
35.6 0.197285
35.7 0.198894
35.8 0.20034
35.9 0.205332
36 0.207765
36.1 0.211882
36.2 0.214841
36.3 0.214641
36.4 0.21316
36.5 0.208201
36.6 0.216654
36.7 0.205254
36.8 0.207899
36.9 0.213212
37 0.206161
37.1 0.210697
37.2 0.212504
37.3 0.213601
37.4 0.217175
37.5 0.209612
37.6 0.202822
37.7 0.202957
37.8 0.200225
37.9 0.209303
38 0.210536
38.1 0.206237
38.2 0.206117
38.3 0.209291
38.4 0.214419
38.5 0.211427
38.6 0.210813
38.7 0.219621
38.8 0.222659
38.9 0.213439
39 0.213905
39.1 0.21239
39.2 0.209949
39.3 0.203827
39.4 0.2087
39.5 0.211445
39.6 0.209895
39.7 0.210184
39.8 0.203897
39.9 0.21403
40 0.210858
40.1 0.211471
40.2 0.216713
40.3 0.213113
40.4 0.205895
40.5 0.208061
40.6 0.202239
40.7 0.207332
40.8 0.2062
40.9 0.213785
41 0.215794
41.1 0.211417
41.2 0.218351
41.3 0.218828
41.4 0.21747
41.5 0.213458
41.6 0.214826
41.7 0.2206
41.8 0.229917
41.9 0.236568
42 0.241747
42.1 0.239029
42.2 0.251292
42.3 0.252411
42.4 0.250334
42.5 0.248542
42.6 0.248056
42.7 0.247403
42.8 0.253236
42.9 0.252346
43 0.262433
43.1 0.256491
43.2 0.252793
43.3 0.250753
43.4 0.252052
43.5 0.254074
43.6 0.247091
43.7 0.255142
43.8 0.249974
43.9 0.246881
44 0.254044
44.1 0.244886
44.2 0.242618
44.3 0.239283
44.4 0.25039
44.5 0.248023
44.6 0.236461
44.7 0.241119
44.8 0.234511
44.9 0.232357
45 0.232969
45.1 0.226566
45.2 0.223062
45.3 0.222633
45.4 0.226321
45.5 0.223313
45.6 0.215726
45.7 0.216844
45.8 0.214409
45.9 0.227188
46 0.236274
46.1 0.227388
46.2 0.232006
46.3 0.225392
46.4 0.225301
46.5 0.230773
46.6 0.226779
46.7 0.224254
46.8 0.21941
46.9 0.22137
47 0.225181
47.1 0.223651
47.2 0.224525
47.3 0.220332
47.4 0.221184
47.5 0.222459
47.6 0.226668
47.7 0.229662
47.8 0.236345
47.9 0.226319
48 0.225241
48.1 0.224148
48.2 0.238552
48.3 0.239224
48.4 0.23553
48.5 0.242322
48.6 0.246829
48.7 0.246546
48.8 0.257179
48.9 0.253165
49 0.243068
49.1 0.247407
49.2 0.246971
49.3 0.235979
49.4 0.224106
49.5 0.219043
49.6 0.209118
49.7 0.196899
49.8 0.195616
49.9 0.19493
