0 0.0336752
0.1 0.0482037
0.2 0.0400253
0.3 0.0613311
0.4 0.0539531
0.5 0.0744626
0.6 0.0575623
0.7 0.0525856
0.8 0.0372379
0.9 0.0472824
1 0.0574858
1.1 0.0757636
1.2 0.0691536
1.3 0.0509634
1.4 0.0363573
1.5 0.0552503
1.6 0.0725154
1.7 0.0880273
1.8 0.103211
1.9 0.119454
2 0.143206
2.1 0.161776
2.2 0.159834
2.3 0.182302
2.4 0.188853
2.5 0.198107
2.6 0.196894
2.7 0.179144
2.8 0.175587
2.9 0.191556
3 0.217105
3.1 0.230456
3.2 0.239465
3.3 0.263139
3.4 0.265379
3.5 0.282451
3.6 0.300802
3.7 0.304603
3.8 0.326216
3.9 0.331732
4 0.324031
4.1 0.339436
4.2 0.360012
4.3 0.369603
4.4 0.386104
4.5 0.392991
4.6 0.383581
4.7 0.391141
4.8 0.407097
4.9 0.424915
5 0.437932
5.1 0.461599
5.2 0.482983
5.3 0.470103
5.4 0.493138
5.5 0.510164
5.6 0.531006
5.7 0.548712
5.8 0.556166
5.9 0.549517
6 0.548024
6.1 0.567545
6.2 0.587932
6.3 0.605511
6.4 0.620371
6.5 0.636165
6.6 0.647198
6.7 0.666261
6.8 0.684428
6.9 0.699879
7 0.716399
7.1 0.729451
7.2 0.741208
7.3 0.758218
7.4 0.769958
7.5 0.784684
7.6 0.794699
7.7 0.80347
7.8 0.798111
7.9 0.808445
8 0.81782
8.1 0.827716
8.2 0.835068
8.3 0.841465
8.4 0.850255
8.5 0.85657
8.6 0.860103
8.7 0.86535
8.8 0.870416
8.9 0.8759
9 0.879033
9.1 0.88503
9.2 0.887131
9.3 0.889938
9.4 0.894713
9.5 0.898574
9.6 0.900892
9.7 0.903175
9.8 0.90505
9.9 0.90729
10 0.908368
10.1 0.913442
10.2 0.915162
10.3 0.912758
10.4 0.915956
10.5 0.918306
10.6 0.920258
10.7 0.923116
10.8 0.924748
10.9 0.927144
11 0.927069
11.1 0.929482
11.2 0.928954
11.3 0.929007
11.4 0.928625
11.5 0.932244
11.6 0.931442
11.7 0.932622
11.8 0.931755
11.9 0.932787
12 0.934469
12.1 0.932666
12.2 0.935889
12.3 0.934821
12.4 0.935843
12.5 0.937389
12.6 0.938021
12.7 0.937425
12.8 0.934277
12.9 0.934696
13 0.936051
13.1 0.93684
13.2 0.935925
13.3 0.935989
13.4 0.938287
13.5 0.938178
13.6 0.936327
13.7 0.93668
13.8 0.937758
13.9 0.939485
14 0.940109
14.1 0.940027
14.2 0.939971
14.3 0.941097
14.4 0.939517
14.5 0.938799
14.6 0.937793
14.7 0.937383
14.8 0.938109
14.9 0.937928
15 0.9403
15.1 0.940723
15.2 0.941666
15.3 0.942413
15.4 0.942754
15.5 0.944318
15.6 0.94191
15.7 0.940768
15.8 0.941621
15.9 0.94137
16 0.940695
16.1 0.941643
16.2 0.937383
16.3 0.938301
16.4 0.937397
16.5 0.938664
16.6 0.937512
16.7 0.936574
16.8 0.936078
16.9 0.934801
17 0.935445
17.1 0.937052
17.2 0.938724
17.3 0.940343
17.4 0.939324
17.5 0.938985
17.6 0.940391
17.7 0.939264
17.8 0.939641
17.9 0.939028
18 0.938105
18.1 0.939239
18.2 0.938817
18.3 0.939422
18.4 0.939179
18.5 0.938601
18.6 0.937426
18.7 0.937593
18.8 0.936444
18.9 0.937048
19 0.934914
19.1 0.933404
19.2 0.932702
19.3 0.934369
19.4 0.935244
19.5 0.935042
19.6 0.935961
19.7 0.936676
19.8 0.937993
19.9 0.938033
20 0.939448
20.1 0.94024
20.2 0.939856
20.3 0.939592
20.4 0.938816
20.5 0.939857
20.6 0.939773
20.7 0.93627
20.8 0.936056
20.9 0.934132
21 0.935816
21.1 0.934359
21.2 0.938236
21.3 0.937427
21.4 0.938851
21.5 0.939158
21.6 0.93963
21.7 0.939764
21.8 0.941135
21.9 0.94171
22 0.941549
22.1 0.940279
22.2 0.941259
22.3 0.942473
22.4 0.941631
22.5 0.940999
22.6 0.936866
22.7 0.936234
22.8 0.935099
22.9 0.936949
23 0.938697
23.1 0.939011
23.2 0.937186
23.3 0.938899
23.4 0.938883
23.5 0.938564
23.6 0.938476
23.7 0.936864
23.8 0.937012
23.9 0.936001
24 0.935425
24.1 0.9349
24.2 0.935129
24.3 0.937399
24.4 0.935213
24.5 0.935636
24.6 0.936172
24.7 0.936863
24.8 0.937288
24.9 0.938346
25 0.938414
25.1 0.939098
25.2 0.938637
25.3 0.93848
25.4 0.936894
25.5 0.938845
25.6 0.937979
25.7 0.937917
25.8 0.938669
25.9 0.939614
26 0.939499
26.1 0.939316
26.2 0.940282
26.3 0.941184
26.4 0.940998
26.5 0.939456
26.6 0.940089
26.7 0.940393
26.8 0.939319
26.9 0.938579
27 0.940101
27.1 0.940021
27.2 0.939551
27.3 0.941983
27.4 0.941429
27.5 0.938145
27.6 0.937753
27.7 0.939445
27.8 0.941187
27.9 0.940823
28 0.941611
28.1 0.942131
28.2 0.941509
28.3 0.942378
28.4 0.943099
28.5 0.94357
28.6 0.945383
28.7 0.943183
28.8 0.942171
28.9 0.942704
29 0.941562
29.1 0.942114
29.2 0.941608
29.3 0.939657
29.4 0.93968
29.5 0.939711
29.6 0.937687
29.7 0.938308
29.8 0.936354
29.9 0.934526
30 0.935834
30.1 0.936863
30.2 0.934857
30.3 0.935103
30.4 0.934762
30.5 0.936118
30.6 0.937074
30.7 0.936838
30.8 0.936236
30.9 0.938133
31 0.938612
31.1 0.939237
31.2 0.937919
31.3 0.938377
31.4 0.938115
31.5 0.938029
31.6 0.938946
31.7 0.939426
31.8 0.9399
31.9 0.940055
32 0.94047
32.1 0.940947
32.2 0.93936
32.3 0.93753
32.4 0.936751
32.5 0.936937
32.6 0.938381
32.7 0.938167
32.8 0.936091
32.9 0.936461
33 0.93629
33.1 0.937856
33.2 0.936727
33.3 0.936243
33.4 0.937246
33.5 0.939216
33.6 0.939059
33.7 0.938588
33.8 0.937516
33.9 0.937884
34 0.938774
34.1 0.94012
34.2 0.941474
34.3 0.940762
34.4 0.939347
34.5 0.934867
34.6 0.933818
34.7 0.932953
34.8 0.932019
34.9 0.93351
35 0.932948
35.1 0.933514
35.2 0.930487
35.3 0.931994
35.4 0.9333
35.5 0.934067
35.6 0.935082
35.7 0.934182
35.8 0.93195
35.9 0.927432
36 0.92798
36.1 0.930216
36.2 0.927866
36.3 0.930798
36.4 0.932903
36.5 0.933471
36.6 0.932771
36.7 0.934576
36.8 0.935626
36.9 0.934605
37 0.932878
37.1 0.934404
37.2 0.935832
37.3 0.935335
37.4 0.935792
37.5 0.935932
37.6 0.93555
37.7 0.936791
37.8 0.936598
37.9 0.938993
38 0.939464
38.1 0.938694
38.2 0.938527
38.3 0.938845
38.4 0.938281
38.5 0.93886
38.6 0.940444
38.7 0.941382
38.8 0.941571
38.9 0.940211
39 0.938913
39.1 0.940161
39.2 0.936734
39.3 0.938568
39.4 0.937836
39.5 0.938319
39.6 0.93729
39.7 0.938874
39.8 0.937793
39.9 0.937779
40 0.93875
40.1 0.938696
40.2 0.937437
40.3 0.937768
40.4 0.938103
40.5 0.938005
40.6 0.936971
40.7 0.938991
40.8 0.938986
40.9 0.940047
41 0.938977
41.1 0.941747
41.2 0.940479
41.3 0.941626
41.4 0.94055
41.5 0.939726
41.6 0.939497
41.7 0.940683
41.8 0.941389
41.9 0.940892
42 0.940912
42.1 0.941679
42.2 0.943378
42.3 0.94292
42.4 0.94433
42.5 0.943238
42.6 0.941588
42.7 0.940408
42.8 0.940263
42.9 0.94043
43 0.939143
43.1 0.937821
43.2 0.938984
43.3 0.934998
43.4 0.935763
43.5 0.934449
43.6 0.935901
43.7 0.936811
43.8 0.939019
43.9 0.940444
44 0.939497
44.1 0.938705
44.2 0.93845
44.3 0.940143
44.4 0.93908
44.5 0.938977
44.6 0.938317
44.7 0.939047
44.8 0.938924
44.9 0.938196
45 0.937115
45.1 0.938088
45.2 0.938565
45.3 0.938395
45.4 0.93765
45.5 0.938209
45.6 0.937678
45.7 0.938242
45.8 0.937181
45.9 0.937961
46 0.938583
46.1 0.938811
46.2 0.939118
46.3 0.939163
46.4 0.93833
46.5 0.933842
46.6 0.933917
46.7 0.934409
46.8 0.934272
46.9 0.93602
47 0.937191
47.1 0.939379
47.2 0.938858
47.3 0.938665
47.4 0.938273
47.5 0.936669
47.6 0.936077
47.7 0.936912
47.8 0.933758
47.9 0.933332
48 0.932686
48.1 0.933252
48.2 0.932971
48.3 0.93499
48.4 0.935582
48.5 0.936744
48.6 0.937924
48.7 0.938859
48.8 0.936737
48.9 0.93765
49 0.937707
49.1 0.937177
49.2 0.937109
49.3 0.936256
49.4 0.936866
49.5 0.936551
49.6 0.939484
49.7 0.938529
49.8 0.93719
49.9 0.937718
50 0.936234
50.1 0.937634
50.2 0.936848
50.3 0.936684
50.4 0.934942
50.5 0.933088
50.6 0.932339
50.7 0.933642
50.8 0.933804
50.9 0.934786
51 0.935294
51.1 0.93593
51.2 0.937153
51.3 0.937958
51.4 0.938388
51.5 0.938268
51.6 0.935171
51.7 0.936068
51.8 0.936119
51.9 0.937065
52 0.936111
52.1 0.937184
52.2 0.93782
52.3 0.939327
52.4 0.938805
52.5 0.938718
52.6 0.938867
52.7 0.937488
52.8 0.939825
52.9 0.93833
53 0.937115
53.1 0.936851
53.2 0.937549
53.3 0.938026
53.4 0.939016
53.5 0.940116
53.6 0.940033
53.7 0.940583
53.8 0.937558
53.9 0.935892
54 0.939453
54.1 0.939827
54.2 0.940414
54.3 0.942142
54.4 0.942182
54.5 0.943767
54.6 0.943282
54.7 0.943003
54.8 0.942963
54.9 0.941393
55 0.939826
55.1 0.938981
55.2 0.937621
55.3 0.938722
55.4 0.938523
55.5 0.937827
55.6 0.938605
55.7 0.93812
55.8 0.938308
55.9 0.938001
56 0.937609
56.1 0.93677
56.2 0.938789
56.3 0.939461
56.4 0.939116
56.5 0.938973
56.6 0.93811
56.7 0.936318
56.8 0.936229
56.9 0.934411
57 0.933827
57.1 0.932723
57.2 0.932531
57.3 0.933216
57.4 0.934147
57.5 0.931925
57.6 0.928551
57.7 0.93122
57.8 0.932532
57.9 0.932546
58 0.932128
58.1 0.932522
58.2 0.932048
58.3 0.932945
58.4 0.932192
58.5 0.928998
58.6 0.928246
58.7 0.929075
58.8 0.928873
58.9 0.928142
59 0.92819
59.1 0.92996
59.2 0.93025
59.3 0.930202
59.4 0.932221
59.5 0.934858
59.6 0.936164
59.7 0.935927
59.8 0.935018
59.9 0.934787
60 0.937613
60.1 0.938471
60.2 0.939649
60.3 0.940485
60.4 0.940855
60.5 0.941284
60.6 0.941919
60.7 0.940709
60.8 0.940815
60.9 0.940311
61 0.942372
61.1 0.94233
61.2 0.941716
61.3 0.940611
61.4 0.937468
61.5 0.938904
61.6 0.93915
61.7 0.938683
61.8 0.938933
61.9 0.937703
62 0.936694
62.1 0.937268
62.2 0.93714
62.3 0.936037
62.4 0.936332
62.5 0.938586
62.6 0.939766
62.7 0.941223
62.8 0.942886
62.9 0.94135
63 0.941393
63.1 0.941276
63.2 0.941203
63.3 0.940132
63.4 0.940729
63.5 0.940286
63.6 0.941395
63.7 0.939993
63.8 0.938911
63.9 0.940419
64 0.941921
64.1 0.942191
64.2 0.941498
64.3 0.936876
64.4 0.93742
64.5 0.935641
64.6 0.935819
64.7 0.935282
64.8 0.935402
64.9 0.935569
65 0.93423
65.1 0.936171
65.2 0.936659
65.3 0.934658
65.4 0.936058
65.5 0.937601
65.6 0.93823
65.7 0.938553
65.8 0.938584
65.9 0.939058
66 0.935801
66.1 0.936866
66.2 0.937058
66.3 0.938886
66.4 0.938975
66.5 0.938297
66.6 0.938292
66.7 0.938735
66.8 0.936755
66.9 0.938405
67 0.938556
67.1 0.935046
67.2 0.934655
67.3 0.935954
67.4 0.934671
67.5 0.936265
67.6 0.936233
67.7 0.936152
67.8 0.935148
67.9 0.936912
68 0.936915
68.1 0.937393
68.2 0.937305
68.3 0.938882
68.4 0.937709
68.5 0.939026
68.6 0.939758
68.7 0.940506
68.8 0.942151
68.9 0.942938
69 0.943
69.1 0.943682
69.2 0.943725
69.3 0.941253
69.4 0.94098
69.5 0.939833
69.6 0.940031
69.7 0.939752
69.8 0.941468
69.9 0.941569
70 0.941832
70.1 0.941392
70.2 0.94035
70.3 0.939638
70.4 0.941827
70.5 0.941243
70.6 0.940468
70.7 0.939537
70.8 0.939861
70.9 0.9402
71 0.940436
71.1 0.938856
71.2 0.939181
71.3 0.939264
71.4 0.93801
71.5 0.938911
71.6 0.938807
71.7 0.940043
71.8 0.939211
71.9 0.939619
72 0.93773
72.1 0.93892
72.2 0.93916
72.3 0.93774
72.4 0.937657
72.5 0.938358
72.6 0.937463
72.7 0.935401
72.8 0.936716
72.9 0.935899
73 0.935748
73.1 0.935109
73.2 0.934025
73.3 0.933692
73.4 0.933837
73.5 0.934366
73.6 0.935622
73.7 0.935637
73.8 0.937753
73.9 0.936921
74 0.936092
74.1 0.936036
74.2 0.939104
74.3 0.939073
74.4 0.93948
74.5 0.939555
74.6 0.938692
74.7 0.937897
74.8 0.936103
74.9 0.936413
75 0.935232
75.1 0.937175
75.2 0.938327
75.3 0.937518
75.4 0.937401
75.5 0.937005
75.6 0.936321
75.7 0.937506
75.8 0.938653
75.9 0.939616
76 0.940991
76.1 0.940305
76.2 0.939425
76.3 0.939589
76.4 0.939394
76.5 0.938214
76.6 0.93867
76.7 0.936655
76.8 0.936253
76.9 0.936799
77 0.936969
77.1 0.932621
77.2 0.934191
77.3 0.934401
77.4 0.936828
77.5 0.938027
77.6 0.937644
77.7 0.939204
77.8 0.937945
77.9 0.938031
78 0.937766
78.1 0.936531
78.2 0.934006
78.3 0.935669
78.4 0.93629
78.5 0.936643
78.6 0.938721
78.7 0.938804
78.8 0.938499
78.9 0.937541
79 0.936192
79.1 0.938041
79.2 0.936324
79.3 0.937585
79.4 0.940481
79.5 0.938432
79.6 0.935262
79.7 0.934356
79.8 0.932801
79.9 0.930871
80 0.931118
80.1 0.931656
80.2 0.933268
80.3 0.934612
80.4 0.934779
80.5 0.935947
80.6 0.93439
80.7 0.936112
80.8 0.937106
80.9 0.938412
81 0.936519
81.1 0.936154
81.2 0.936543
81.3 0.936539
81.4 0.933862
81.5 0.932126
81.6 0.932719
81.7 0.932618
81.8 0.934221
81.9 0.934902
82 0.935695
82.1 0.934888
82.2 0.935195
82.3 0.936191
82.4 0.937804
82.5 0.937741
82.6 0.935405
82.7 0.936183
82.8 0.93495
82.9 0.934719
83 0.934225
83.1 0.9341
83.2 0.931822
83.3 0.932232
83.4 0.935423
83.5 0.936236
83.6 0.938346
83.7 0.939327
83.8 0.938418
83.9 0.937269
84 0.937684
84.1 0.937351
84.2 0.938971
84.3 0.938313
84.4 0.939779
84.5 0.941288
84.6 0.941501
84.7 0.940772
84.8 0.940118
84.9 0.938389
85 0.939379
85.1 0.939552
85.2 0.940436
85.3 0.940214
85.4 0.940861
85.5 0.94112
85.6 0.939918
85.7 0.940131
85.8 0.937327
85.9 0.938479
86 0.93843
86.1 0.93956
86.2 0.940803
86.3 0.941233
86.4 0.940549
86.5 0.940365
86.6 0.937981
86.7 0.937896
86.8 0.937509
86.9 0.936004
87 0.937634
87.1 0.938384
87.2 0.940961
87.3 0.943016
87.4 0.940314
87.5 0.941537
87.6 0.942042
87.7 0.940785
87.8 0.940382
87.9 0.940178
88 0.939382
88.1 0.939977
88.2 0.937943
88.3 0.937808
88.4 0.936634
88.5 0.936568
88.6 0.937383
88.7 0.936429
88.8 0.936606
88.9 0.937737
89 0.939571
89.1 0.939149
89.2 0.938681
89.3 0.938806
89.4 0.940104
89.5 0.939931
89.6 0.940608
89.7 0.940019
89.8 0.93773
89.9 0.935258
90 0.935919
90.1 0.937302
90.2 0.93761
90.3 0.937892
90.4 0.938406
90.5 0.938652
90.6 0.939446
90.7 0.939529
90.8 0.93982
90.9 0.939175
91 0.939557
91.1 0.938117
91.2 0.936503
91.3 0.936351
91.4 0.937234
91.5 0.93667
91.6 0.93694
91.7 0.936309
91.8 0.936799
91.9 0.939102
92 0.939393
92.1 0.937166
92.2 0.937214
92.3 0.938635
92.4 0.940556
92.5 0.939309
92.6 0.938174
92.7 0.938721
92.8 0.93666
92.9 0.937779
93 0.937648
93.1 0.939526
93.2 0.939991
93.3 0.940701
93.4 0.938813
93.5 0.939432
93.6 0.940125
93.7 0.939504
93.8 0.939417
93.9 0.939092
94 0.936399
94.1 0.938477
94.2 0.939186
94.3 0.938503
94.4 0.93889
94.5 0.94182
94.6 0.940809
94.7 0.940493
94.8 0.942427
94.9 0.941186
95 0.940791
95.1 0.940604
95.2 0.941461
95.3 0.937566
95.4 0.937274
95.5 0.936164
95.6 0.936103
95.7 0.937156
95.8 0.936646
95.9 0.935881
96 0.934741
96.1 0.936319
96.2 0.936744
96.3 0.935536
96.4 0.934263
96.5 0.935808
96.6 0.934821
96.7 0.936398
96.8 0.936766
96.9 0.937143
97 0.939104
97.1 0.940182
97.2 0.939697
97.3 0.940153
97.4 0.93945
97.5 0.939034
97.6 0.938133
97.7 0.940643
97.8 0.937986
97.9 0.93865
98 0.941378
98.1 0.9415
98.2 0.941187
98.3 0.940472
98.4 0.939544
98.5 0.938348
98.6 0.938323
98.7 0.94083
98.8 0.942525
98.9 0.944423
99 0.939181
99.1 0.9399
99.2 0.939011
99.3 0.936878
99.4 0.937073
99.5 0.93704
99.6 0.935677
99.7 0.938
99.8 0.940814
99.9 0.940644
100 0.940297
100.1 0.940473
100.2 0.939708
100.3 0.938732
100.4 0.939392
100.5 0.938402
100.6 0.938458
100.7 0.939151
100.8 0.940435
100.9 0.940812
101 0.941256
101.1 0.940424
101.2 0.937284
101.3 0.938496
101.4 0.938669
101.5 0.938847
101.6 0.939255
101.7 0.937078
101.8 0.934826
101.9 0.937395
102 0.937426
102.1 0.937392
102.2 0.93658
102.3 0.936701
102.4 0.936639
102.5 0.93779
102.6 0.938816
102.7 0.937703
102.8 0.939582
102.9 0.938136
103 0.93685
103.1 0.93839
103.2 0.939275
103.3 0.937688
103.4 0.935004
103.5 0.93521
103.6 0.937586
103.7 0.937518
103.8 0.938347
103.9 0.937072
104 0.937582
104.1 0.935743
104.2 0.938845
104.3 0.93985
104.4 0.940802
104.5 0.941575
104.6 0.940125
104.7 0.939756
104.8 0.938957
104.9 0.938678
105 0.938774
105.1 0.937923
105.2 0.939657
105.3 0.939366
105.4 0.940317
105.5 0.941886
105.6 0.9415
105.7 0.94091
105.8 0.942008
105.9 0.941443
106 0.942824
106.1 0.941642
106.2 0.942033
106.3 0.940712
106.4 0.939489
106.5 0.940737
106.6 0.939099
106.7 0.940308
106.8 0.941118
106.9 0.94199
107 0.941418
107.1 0.942006
107.2 0.941288
107.3 0.941254
107.4 0.939947
107.5 0.939876
107.6 0.936484
107.7 0.934918
107.8 0.933948
107.9 0.93314
108 0.932344
108.1 0.935519
108.2 0.935685
108.3 0.935139
108.4 0.935932
108.5 0.937715
108.6 0.936459
108.7 0.935537
108.8 0.934477
108.9 0.935237
109 0.936968
109.1 0.937191
109.2 0.939005
109.3 0.94006
109.4 0.939978
109.5 0.936632
109.6 0.938093
109.7 0.939421
109.8 0.939662
109.9 0.940872
110 0.941077
110.1 0.940419
110.2 0.941483
110.3 0.942087
110.4 0.941119
110.5 0.940506
110.6 0.93839
110.7 0.939065
110.8 0.934214
110.9 0.934016
111 0.932867
111.1 0.934265
111.2 0.935261
111.3 0.936421
111.4 0.934026
111.5 0.930442
111.6 0.931824
111.7 0.931659
111.8 0.931179
111.9 0.930639
112 0.930431
112.1 0.934426
112.2 0.935344
112.3 0.937404
112.4 0.938833
112.5 0.939317
112.6 0.939359
112.7 0.937032
112.8 0.935312
112.9 0.93709
113 0.936911
113.1 0.937745
113.2 0.935214
113.3 0.936213
113.4 0.934723
113.5 0.934664
113.6 0.934806
113.7 0.935838
113.8 0.936447
113.9 0.938458
114 0.938516
114.1 0.938369
114.2 0.939032
114.3 0.939208
114.4 0.937782
114.5 0.938925
114.6 0.939105
114.7 0.940142
114.8 0.940172
114.9 0.939593
115 0.938016
115.1 0.938695
115.2 0.94078
115.3 0.939721
115.4 0.939133
115.5 0.938448
115.6 0.938266
115.7 0.937927
115.8 0.935922
115.9 0.936341
116 0.936765
116.1 0.936081
116.2 0.936073
116.3 0.936951
116.4 0.937457
116.5 0.937757
116.6 0.935783
116.7 0.933061
116.8 0.9332
116.9 0.935062
117 0.935161
117.1 0.935324
117.2 0.936476
117.3 0.935326
117.4 0.933744
117.5 0.933848
117.6 0.933413
117.7 0.933577
117.8 0.93289
117.9 0.934015
118 0.936404
118.1 0.937515
118.2 0.938427
118.3 0.938755
118.4 0.940462
118.5 0.940007
118.6 0.939721
118.7 0.941517
118.8 0.935829
118.9 0.936935
119 0.938189
119.1 0.938127
119.2 0.935322
119.3 0.935313
119.4 0.934168
119.5 0.936045
119.6 0.934152
119.7 0.934795
119.8 0.93689
119.9 0.937424
120 0.937259
120.1 0.93913
120.2 0.939264
120.3 0.939265
120.4 0.939718
120.5 0.940174
120.6 0.941119
120.7 0.941154
120.8 0.938432
120.9 0.937964
121 0.937969
121.1 0.939142
121.2 0.939269
121.3 0.93954
121.4 0.93932
121.5 0.940981
121.6 0.941053
121.7 0.940143
121.8 0.940759
121.9 0.938442
122 0.940087
122.1 0.939775
122.2 0.939687
122.3 0.939623
122.4 0.939055
122.5 0.938583
122.6 0.937239
122.7 0.935929
122.8 0.937892
122.9 0.937883
123 0.937286
123.1 0.938172
123.2 0.93663
123.3 0.937484
123.4 0.936474
123.5 0.939727
123.6 0.937383
123.7 0.937521
123.8 0.937648
123.9 0.937345
124 0.937752
124.1 0.938068
124.2 0.939591
124.3 0.936811
124.4 0.936458
124.5 0.937541
124.6 0.939637
124.7 0.935429
124.8 0.935602
124.9 0.936566
125 0.937237
125.1 0.936597
125.2 0.936743
125.3 0.936943
125.4 0.937312
125.5 0.93505
125.6 0.93625
125.7 0.935505
125.8 0.935726
125.9 0.936539
126 0.937083
126.1 0.936652
126.2 0.936334
126.3 0.938414
126.4 0.937059
126.5 0.937254
126.6 0.931095
126.7 0.932757
126.8 0.931186
126.9 0.933164
127 0.93507
127.1 0.93635
127.2 0.935665
127.3 0.937435
127.4 0.937185
127.5 0.936914
127.6 0.937788
127.7 0.9357
127.8 0.935782
127.9 0.936709
128 0.936849
128.1 0.933884
128.2 0.934277
128.3 0.935859
128.4 0.934241
128.5 0.935469
128.6 0.935473
128.7 0.934418
128.8 0.933836
128.9 0.93624
129 0.937314
129.1 0.934832
129.2 0.934157
129.3 0.933135
129.4 0.932923
129.5 0.930756
129.6 0.933412
129.7 0.934206
129.8 0.935316
129.9 0.93582
130 0.936395
130.1 0.937739
130.2 0.937176
130.3 0.937662
130.4 0.937165
130.5 0.936378
130.6 0.938051
130.7 0.937485
130.8 0.940007
130.9 0.942038
131 0.942864
131.1 0.943209
131.2 0.941606
131.3 0.940776
131.4 0.942347
131.5 0.940697
131.6 0.939591
131.7 0.939765
131.8 0.939891
131.9 0.939661
132 0.938833
132.1 0.939856
132.2 0.939675
132.3 0.940731
132.4 0.939221
132.5 0.938788
132.6 0.938494
132.7 0.938726
132.8 0.939026
132.9 0.939518
133 0.938921
133.1 0.938724
133.2 0.939589
133.3 0.938705
133.4 0.937471
133.5 0.938043
133.6 0.937462
133.7 0.936637
133.8 0.934683
133.9 0.934839
134 0.93659
134.1 0.937877
134.2 0.939198
134.3 0.93882
134.4 0.940317
134.5 0.939258
134.6 0.939492
134.7 0.939453
134.8 0.939367
134.9 0.938622
135 0.939395
135.1 0.937016
135.2 0.934094
135.3 0.935485
135.4 0.935747
135.5 0.93555
135.6 0.936489
135.7 0.935129
135.8 0.938266
135.9 0.941181
136 0.942317
136.1 0.940382
136.2 0.938258
136.3 0.938708
136.4 0.935156
136.5 0.935647
136.6 0.936774
136.7 0.936592
136.8 0.937482
136.9 0.938327
137 0.938183
137.1 0.941445
137.2 0.939113
137.3 0.939834
137.4 0.939801
137.5 0.940075
137.6 0.939853
137.7 0.937225
137.8 0.937554
137.9 0.93698
138 0.937154
138.1 0.935678
138.2 0.9365
138.3 0.936622
138.4 0.937313
138.5 0.936085
138.6 0.9356
138.7 0.938055
138.8 0.936484
138.9 0.936948
139 0.937589
139.1 0.932422
139.2 0.936885
139.3 0.93832
139.4 0.9395
139.5 0.940934
139.6 0.942074
139.7 0.942542
139.8 0.942328
139.9 0.942056
140 0.942311
140.1 0.940582
140.2 0.939423
140.3 0.938776
140.4 0.938067
140.5 0.938788
140.6 0.940883
140.7 0.94087
140.8 0.940547
140.9 0.940606
141 0.941921
141.1 0.942463
141.2 0.943713
141.3 0.945112
141.4 0.943057
141.5 0.942379
141.6 0.942107
141.7 0.941886
141.8 0.940113
141.9 0.941187
142 0.942582
142.1 0.940822
142.2 0.940828
142.3 0.942754
142.4 0.942629
142.5 0.943503
142.6 0.942024
142.7 0.941595
142.8 0.939608
142.9 0.938784
143 0.939611
143.1 0.940222
143.2 0.936633
143.3 0.936346
143.4 0.935717
143.5 0.936816
143.6 0.935112
143.7 0.935814
143.8 0.935585
143.9 0.93439
144 0.933318
144.1 0.934792
144.2 0.934744
144.3 0.934294
144.4 0.934321
144.5 0.934282
144.6 0.935435
144.7 0.934483
144.8 0.936182
144.9 0.938095
145 0.937212
145.1 0.938974
145.2 0.940614
145.3 0.940373
145.4 0.94006
145.5 0.941093
145.6 0.942737
145.7 0.941194
145.8 0.940206
145.9 0.939346
146 0.939353
146.1 0.938065
146.2 0.937605
146.3 0.938642
146.4 0.939005
146.5 0.940434
146.6 0.941948
146.7 0.942718
146.8 0.943315
146.9 0.944273
147 0.94252
147.1 0.940569
147.2 0.940055
147.3 0.939062
147.4 0.939411
147.5 0.93949
147.6 0.938454
147.7 0.937986
147.8 0.935794
147.9 0.936832
148 0.937854
148.1 0.940115
148.2 0.940375
148.3 0.939313
148.4 0.939927
148.5 0.938673
148.6 0.937643
148.7 0.940013
148.8 0.941477
148.9 0.94097
149 0.939941
149.1 0.941089
149.2 0.942089
149.3 0.936225
149.4 0.936932
149.5 0.938399
149.6 0.939072
149.7 0.938957
149.8 0.937416
149.9 0.938802
150 0.938941
150.1 0.938358
150.2 0.93703
150.3 0.936862
150.4 0.936423
150.5 0.936172
150.6 0.937473
150.7 0.94087
150.8 0.940721
150.9 0.941169
151 0.940293
151.1 0.93983
151.2 0.939984
151.3 0.940508
151.4 0.941562
151.5 0.940348
151.6 0.939642
151.7 0.938879
151.8 0.939263
151.9 0.93799
152 0.93829
152.1 0.938037
152.2 0.938244
152.3 0.938086
152.4 0.939224
152.5 0.939517
152.6 0.937204
152.7 0.939041
152.8 0.936546
152.9 0.937726
153 0.938652
153.1 0.937415
153.2 0.935608
153.3 0.936425
153.4 0.937223
153.5 0.938075
153.6 0.940345
153.7 0.939898
153.8 0.940095
153.9 0.94134
154 0.939383
154.1 0.939961
154.2 0.939195
154.3 0.938784
154.4 0.935822
154.5 0.937593
154.6 0.937825
154.7 0.937669
154.8 0.939248
154.9 0.939003
155 0.938666
155.1 0.938144
155.2 0.938249
155.3 0.936079
155.4 0.937541
155.5 0.936169
155.6 0.937569
155.7 0.936166
155.8 0.93474
155.9 0.935127
156 0.936708
156.1 0.938572
156.2 0.938473
156.3 0.938375
156.4 0.93813
156.5 0.940414
156.6 0.939666
156.7 0.940905
156.8 0.940982
156.9 0.938257
157 0.939471
157.1 0.9394
157.2 0.93879
157.3 0.938848
157.4 0.938856
157.5 0.938541
157.6 0.938116
157.7 0.937764
157.8 0.938544
157.9 0.938946
158 0.940009
158.1 0.940051
158.2 0.940652
158.3 0.936988
158.4 0.93722
158.5 0.93867
158.6 0.94044
158.7 0.937837
158.8 0.938669
158.9 0.939168
159 0.93943
159.1 0.93954
159.2 0.940833
159.3 0.941994
159.4 0.943218
159.5 0.943267
159.6 0.942434
159.7 0.942264
159.8 0.941787
159.9 0.941942
160 0.94409
160.1 0.944719
160.2 0.943678
160.3 0.943149
160.4 0.942474
160.5 0.94224
160.6 0.940362
160.7 0.94055
160.8 0.939265
160.9 0.938065
161 0.939496
161.1 0.939031
161.2 0.940659
161.3 0.940657
161.4 0.942553
161.5 0.944087
161.6 0.942469
161.7 0.940137
161.8 0.939135
161.9 0.937608
162 0.937008
162.1 0.934824
162.2 0.933531
162.3 0.934813
162.4 0.934192
162.5 0.93664
162.6 0.937434
162.7 0.937536
162.8 0.939531
162.9 0.937707
163 0.938362
163.1 0.937998
163.2 0.939475
163.3 0.937369
163.4 0.935677
163.5 0.938216
163.6 0.938907
163.7 0.938289
163.8 0.939312
163.9 0.939363
164 0.940247
164.1 0.940588
164.2 0.939624
164.3 0.941818
164.4 0.940657
164.5 0.937314
164.6 0.936622
164.7 0.937263
164.8 0.936745
164.9 0.937434
165 0.935355
165.1 0.936246
165.2 0.937768
165.3 0.937424
165.4 0.938443
165.5 0.939945
165.6 0.938814
165.7 0.939588
165.8 0.941305
165.9 0.937979
166 0.939411
166.1 0.940558
166.2 0.940578
166.3 0.941156
166.4 0.940681
166.5 0.940313
166.6 0.940431
166.7 0.94137
166.8 0.942209
166.9 0.941648
167 0.941955
167.1 0.94129
167.2 0.938402
167.3 0.937839
167.4 0.936826
167.5 0.93691
167.6 0.938339
167.7 0.937899
167.8 0.939017
167.9 0.93808
168 0.939206
168.1 0.938716
168.2 0.939491
168.3 0.939751
168.4 0.939237
168.5 0.939035
168.6 0.937595
168.7 0.936803
168.8 0.938551
168.9 0.93971
169 0.939249
169.1 0.940492
169.2 0.940593
169.3 0.939663
169.4 0.93969
169.5 0.938972
169.6 0.939452
169.7 0.938136
169.8 0.936102
169.9 0.936145
170 0.938152
170.1 0.938964
170.2 0.939984
170.3 0.939232
170.4 0.937972
170.5 0.934504
170.6 0.932718
170.7 0.933705
170.8 0.932547
170.9 0.933851
171 0.935674
171.1 0.93539
171.2 0.934075
171.3 0.935164
171.4 0.933672
171.5 0.936085
171.6 0.936764
171.7 0.937107
171.8 0.939967
171.9 0.940067
172 0.942768
172.1 0.943274
172.2 0.943173
172.3 0.941026
172.4 0.940256
172.5 0.940642
172.6 0.939621
172.7 0.937249
172.8 0.936822
172.9 0.936219
173 0.937146
173.1 0.938397
173.2 0.936745
173.3 0.938981
173.4 0.939141
173.5 0.940851
173.6 0.940079
173.7 0.939777
173.8 0.941586
173.9 0.939399
174 0.93741
174.1 0.938223
174.2 0.939168
174.3 0.940047
174.4 0.940041
174.5 0.940858
174.6 0.939417
174.7 0.936677
174.8 0.939375
174.9 0.939857
175 0.939632
175.1 0.938947
175.2 0.937106
175.3 0.937566
175.4 0.93766
175.5 0.937495
175.6 0.93596
175.7 0.938423
175.8 0.939033
175.9 0.93797
176 0.93878
176.1 0.938907
176.2 0.939101
176.3 0.940724
176.4 0.940198
176.5 0.938977
176.6 0.93917
176.7 0.938993
176.8 0.937911
176.9 0.937397
177 0.93604
177.1 0.936331
177.2 0.938705
177.3 0.938118
177.4 0.940265
177.5 0.93993
177.6 0.939148
177.7 0.938109
177.8 0.938763
177.9 0.937307
178 0.937194
178.1 0.933283
178.2 0.933042
178.3 0.935228
178.4 0.936674
178.5 0.937968
178.6 0.938959
178.7 0.938219
178.8 0.935691
178.9 0.934871
179 0.935457
179.1 0.93373
179.2 0.933054
179.3 0.93377
179.4 0.93017
179.5 0.930361
179.6 0.932389
179.7 0.933619
179.8 0.933714
179.9 0.932448
180 0.933874
180.1 0.932052
180.2 0.93376
180.3 0.9353
180.4 0.935542
180.5 0.933842
180.6 0.933411
180.7 0.935606
180.8 0.935935
180.9 0.936233
181 0.936614
181.1 0.930251
181.2 0.931947
181.3 0.930295
181.4 0.932032
181.5 0.9332
181.6 0.93475
181.7 0.935936
181.8 0.935102
181.9 0.934791
182 0.93393
182.1 0.934615
182.2 0.937136
182.3 0.938643
182.4 0.937672
182.5 0.934988
182.6 0.936438
182.7 0.93383
182.8 0.931468
182.9 0.931039
183 0.932865
183.1 0.935316
183.2 0.930735
183.3 0.931138
183.4 0.933639
183.5 0.933138
183.6 0.935351
183.7 0.937836
183.8 0.938483
183.9 0.939482
184 0.93923
184.1 0.939928
184.2 0.938406
184.3 0.940377
184.4 0.941232
184.5 0.941405
184.6 0.940768
184.7 0.938897
184.8 0.940247
184.9 0.939478
185 0.93869
185.1 0.938788
185.2 0.93763
185.3 0.937703
185.4 0.935602
185.5 0.933533
185.6 0.933531
185.7 0.934788
185.8 0.936561
185.9 0.937969
186 0.937247
186.1 0.937201
186.2 0.935287
186.3 0.936202
186.4 0.937257
186.5 0.93719
186.6 0.933147
186.7 0.937058
186.8 0.935675
186.9 0.931433
187 0.932613
187.1 0.933221
187.2 0.933115
187.3 0.93459
187.4 0.937619
187.5 0.939457
187.6 0.938702
187.7 0.937485
187.8 0.937311
187.9 0.935007
188 0.929135
188.1 0.929637
188.2 0.932987
188.3 0.931893
188.4 0.932239
188.5 0.932311
188.6 0.934132
188.7 0.934727
188.8 0.93366
188.9 0.934752
189 0.935759
189.1 0.936536
189.2 0.937013
189.3 0.937997
189.4 0.937996
189.5 0.938239
189.6 0.938919
189.7 0.936773
189.8 0.937755
189.9 0.938553
190 0.93898
190.1 0.93867
190.2 0.939803
190.3 0.939802
190.4 0.939148
190.5 0.939953
190.6 0.938916
190.7 0.941466
190.8 0.941749
190.9 0.938137
191 0.937307
191.1 0.937819
191.2 0.934407
191.3 0.933991
191.4 0.937351
191.5 0.940169
191.6 0.938147
191.7 0.937802
191.8 0.937827
191.9 0.937845
192 0.936631
192.1 0.937148
192.2 0.937164
192.3 0.937349
192.4 0.939162
192.5 0.939497
192.6 0.939348
192.7 0.940429
192.8 0.937955
192.9 0.936134
193 0.935181
193.1 0.934534
193.2 0.934449
193.3 0.93321
193.4 0.930258
193.5 0.931396
193.6 0.933236
193.7 0.934856
193.8 0.93592
193.9 0.938121
194 0.939153
194.1 0.938458
194.2 0.937502
194.3 0.938124
194.4 0.938454
194.5 0.939306
194.6 0.939972
194.7 0.93854
194.8 0.936732
194.9 0.936982
195 0.936146
195.1 0.935161
195.2 0.935362
195.3 0.935486
195.4 0.934884
195.5 0.935616
195.6 0.936474
195.7 0.935231
195.8 0.933883
195.9 0.934501
196 0.936573
196.1 0.937599
196.2 0.933046
196.3 0.93512
196.4 0.935369
196.5 0.934439
196.6 0.936135
196.7 0.93791
196.8 0.939368
196.9 0.939563
197 0.939882
197.1 0.939172
197.2 0.939796
197.3 0.939774
197.4 0.939982
197.5 0.939856
197.6 0.938439
197.7 0.938447
197.8 0.939329
197.9 0.938246
198 0.937517
198.1 0.937852
198.2 0.938551
198.3 0.938645
198.4 0.937242
198.5 0.938905
198.6 0.935756
198.7 0.936536
198.8 0.937535
198.9 0.939002
199 0.940761
199.1 0.934599
199.2 0.934151
199.3 0.937176
199.4 0.937579
199.5 0.939361
199.6 0.939132
199.7 0.938361
199.8 0.939442
199.9 0.938611
200 0.936667
200.1 0.935792
200.2 0.936401
200.3 0.937053
200.4 0.937904
200.5 0.937584
200.6 0.937231
200.7 0.937707
200.8 0.938516
200.9 0.936707
201 0.9377
201.1 0.937061
201.2 0.93778
201.3 0.936549
201.4 0.937639
201.5 0.938639
201.6 0.939592
201.7 0.938452
201.8 0.939673
201.9 0.940335
202 0.941113
202.1 0.942425
202.2 0.940476
202.3 0.941728
202.4 0.941422
202.5 0.941038
202.6 0.942902
202.7 0.937262
202.8 0.938348
202.9 0.938776
203 0.937104
203.1 0.939797
203.2 0.940091
203.3 0.936667
203.4 0.936446
203.5 0.933631
203.6 0.930247
203.7 0.933445
203.8 0.935549
203.9 0.935356
204 0.937248
204.1 0.936864
204.2 0.937723
204.3 0.936123
204.4 0.93703
204.5 0.933578
204.6 0.934768
204.7 0.932497
204.8 0.931236
204.9 0.929521
205 0.932994
205.1 0.934821
205.2 0.936761
205.3 0.936274
205.4 0.937642
205.5 0.938661
205.6 0.939312
205.7 0.939794
205.8 0.94009
205.9 0.940957
206 0.940599
206.1 0.938767
206.2 0.93767
206.3 0.938302
206.4 0.937454
206.5 0.937845
206.6 0.93811
206.7 0.939221
206.8 0.940493
206.9 0.942213
207 0.942295
207.1 0.942004
207.2 0.942732
207.3 0.942866
207.4 0.943326
207.5 0.942161
207.6 0.941723
207.7 0.941606
207.8 0.93974
207.9 0.939822
208 0.937153
208.1 0.936214
208.2 0.937582
208.3 0.939511
208.4 0.940554
208.5 0.942
208.6 0.942505
208.7 0.944261
208.8 0.942499
208.9 0.939392
209 0.937518
209.1 0.935351
209.2 0.937571
209.3 0.940183
209.4 0.939774
209.5 0.938779
209.6 0.939886
209.7 0.9389
209.8 0.939185
209.9 0.939705
210 0.93565
210.1 0.936273
210.2 0.936712
210.3 0.937107
210.4 0.93855
210.5 0.939291
210.6 0.938357
210.7 0.939346
210.8 0.939202
210.9 0.940069
211 0.93924
211.1 0.939198
211.2 0.938948
211.3 0.936924
211.4 0.934434
211.5 0.934461
211.6 0.933562
211.7 0.935952
211.8 0.936132
211.9 0.938119
212 0.940743
212.1 0.938893
212.2 0.939392
212.3 0.940577
212.4 0.939592
212.5 0.940034
212.6 0.941806
212.7 0.942828
212.8 0.942008
212.9 0.941315
213 0.941238
213.1 0.941107
213.2 0.940475
213.3 0.941194
213.4 0.939609
213.5 0.941616
213.6 0.940996
213.7 0.939812
213.8 0.939482
213.9 0.939801
214 0.939044
214.1 0.93798
214.2 0.937665
214.3 0.939535
214.4 0.940983
214.5 0.941251
214.6 0.940286
214.7 0.939891
214.8 0.936782
214.9 0.936302
215 0.936337
215.1 0.936136
215.2 0.936659
215.3 0.93577
215.4 0.93548
215.5 0.935563
215.6 0.934542
215.7 0.935895
215.8 0.936473
215.9 0.936071
216 0.936008
216.1 0.935134
216.2 0.936229
216.3 0.937024
216.4 0.937125
216.5 0.937629
216.6 0.938206
216.7 0.938285
216.8 0.936775
216.9 0.935497
217 0.936731
217.1 0.936373
217.2 0.936491
217.3 0.936624
217.4 0.936512
217.5 0.934777
217.6 0.936006
217.7 0.937262
217.8 0.936494
217.9 0.935133
218 0.935709
218.1 0.935585
218.2 0.935316
218.3 0.930731
218.4 0.932526
218.5 0.931628
218.6 0.931558
218.7 0.93263
218.8 0.935781
218.9 0.936761
219 0.937738
219.1 0.938164
219.2 0.939646
219.3 0.940016
219.4 0.940005
219.5 0.939816
219.6 0.937931
219.7 0.937922
219.8 0.93961
219.9 0.940174
220 0.940047
220.1 0.941904
220.2 0.942624
220.3 0.941829
220.4 0.940217
220.5 0.939272
220.6 0.941095
220.7 0.939993
220.8 0.94037
220.9 0.939306
221 0.938268
221.1 0.93549
221.2 0.93464
221.3 0.935915
221.4 0.936316
221.5 0.936952
221.6 0.938599
221.7 0.938129
221.8 0.93643
221.9 0.936904
222 0.93547
222.1 0.93663
222.2 0.939203
222.3 0.936702
222.4 0.937196
222.5 0.938321
222.6 0.938313
222.7 0.937603
222.8 0.938224
222.9 0.93681
223 0.937057
223.1 0.934717
223.2 0.935989
223.3 0.935377
223.4 0.936307
223.5 0.936558
223.6 0.938436
223.7 0.936933
223.8 0.938927
223.9 0.939366
224 0.939416
224.1 0.938286
224.2 0.938865
224.3 0.938361
224.4 0.938648
224.5 0.93845
224.6 0.938097
224.7 0.938002
224.8 0.93727
224.9 0.935073
225 0.935863
225.1 0.936685
225.2 0.937242
225.3 0.938442
225.4 0.938403
225.5 0.939162
225.6 0.939402
225.7 0.940523
225.8 0.940692
225.9 0.939724
226 0.940309
226.1 0.938641
226.2 0.939246
226.3 0.938846
226.4 0.939263
226.5 0.938161
226.6 0.938811
226.7 0.940161
226.8 0.940795
226.9 0.941052
227 0.941445
227.1 0.940685
227.2 0.940786
227.3 0.940318
227.4 0.941652
227.5 0.940479
227.6 0.940333
227.7 0.939148
227.8 0.939632
227.9 0.940059
228 0.9377
228.1 0.938091
228.2 0.936124
228.3 0.936619
228.4 0.933399
228.5 0.934895
228.6 0.93572
228.7 0.935881
228.8 0.937443
228.9 0.939132
229 0.938735
229.1 0.941434
229.2 0.940011
229.3 0.939136
229.4 0.940462
229.5 0.940849
229.6 0.941694
229.7 0.941272
229.8 0.939937
229.9 0.939118
230 0.938207
230.1 0.935762
230.2 0.935158
230.3 0.93555
230.4 0.935768
230.5 0.935562
230.6 0.937477
230.7 0.938242
230.8 0.938559
230.9 0.940253
231 0.940642
231.1 0.939661
231.2 0.938278
231.3 0.937029
231.4 0.936512
231.5 0.935453
231.6 0.936338
231.7 0.937665
231.8 0.937723
231.9 0.936752
232 0.935552
232.1 0.936709
232.2 0.936143
232.3 0.93387
232.4 0.933939
232.5 0.933959
232.6 0.936983
232.7 0.938236
232.8 0.938423
232.9 0.937145
233 0.937588
233.1 0.937523
233.2 0.938125
233.3 0.935936
233.4 0.936219
233.5 0.936085
233.6 0.936831
233.7 0.938776
233.8 0.940085
233.9 0.939999
234 0.940141
234.1 0.940827
234.2 0.94
234.3 0.941435
234.4 0.939334
234.5 0.940735
234.6 0.940665
234.7 0.940667
234.8 0.939931
234.9 0.939586
235 0.940247
235.1 0.940788
235.2 0.940192
235.3 0.940512
235.4 0.93832
235.5 0.93681
235.6 0.937285
235.7 0.938274
235.8 0.93902
235.9 0.940697
236 0.938531
236.1 0.938004
236.2 0.936816
236.3 0.939504
236.4 0.940192
236.5 0.940832
236.6 0.941286
236.7 0.941181
236.8 0.941757
236.9 0.940183
237 0.939503
237.1 0.938138
237.2 0.938262
237.3 0.936957
237.4 0.937494
237.5 0.937537
237.6 0.939006
237.7 0.939294
237.8 0.939466
237.9 0.938328
238 0.940649
238.1 0.939427
238.2 0.937566
238.3 0.938554
238.4 0.936815
238.5 0.937852
238.6 0.934558
238.7 0.933034
238.8 0.934855
238.9 0.936305
239 0.934552
239.1 0.93441
239.2 0.935721
239.3 0.936224
239.4 0.932222
239.5 0.935212
239.6 0.934431
239.7 0.934791
239.8 0.935609
239.9 0.9349
240 0.938208
240.1 0.937813
240.2 0.936863
240.3 0.93288
240.4 0.935302
240.5 0.937314
240.6 0.938795
240.7 0.940445
240.8 0.942288
240.9 0.941969
241 0.94228
241.1 0.941926
241.2 0.942154
241.3 0.941977
241.4 0.94186
241.5 0.939125
241.6 0.931611
241.7 0.932899
241.8 0.934281
241.9 0.937058
242 0.934365
242.1 0.93471
242.2 0.933857
242.3 0.936553
242.4 0.935984
242.5 0.935493
242.6 0.935284
242.7 0.937618
242.8 0.940013
242.9 0.939366
243 0.940039
243.1 0.93924
243.2 0.9384
243.3 0.937492
243.4 0.93868
243.5 0.939561
243.6 0.9376
243.7 0.935494
243.8 0.936539
243.9 0.93696
244 0.939482
244.1 0.938817
244.2 0.939698
244.3 0.939111
244.4 0.936955
244.5 0.935618
244.6 0.936692
244.7 0.937576
244.8 0.938972
244.9 0.938387
245 0.937469
245.1 0.93682
245.2 0.937366
245.3 0.939831
245.4 0.937462
245.5 0.936481
245.6 0.935987
245.7 0.936236
245.8 0.936469
245.9 0.937095
246 0.937263
246.1 0.938784
246.2 0.936973
246.3 0.936585
246.4 0.935583
246.5 0.933033
246.6 0.933601
246.7 0.932571
246.8 0.932169
246.9 0.933097
247 0.93257
247.1 0.931282
247.2 0.932062
247.3 0.932134
247.4 0.932364
247.5 0.93434
247.6 0.934289
247.7 0.935317
247.8 0.932969
247.9 0.934134
248 0.937683
248.1 0.93826
248.2 0.938342
248.3 0.938231
248.4 0.937068
248.5 0.936576
248.6 0.935122
248.7 0.937269
248.8 0.937917
248.9 0.938736
249 0.940987
249.1 0.941512
249.2 0.941581
249.3 0.941183
249.4 0.942339
249.5 0.940166
249.6 0.939806
249.7 0.938227
249.8 0.938549
249.9 0.931317
250 0.934331
250.1 0.932685
250.2 0.933439
250.3 0.930777
250.4 0.93467
250.5 0.935664
250.6 0.933217
250.7 0.934531
250.8 0.934608
250.9 0.93705
251 0.935628
251.1 0.93696
251.2 0.936945
251.3 0.935914
251.4 0.936616
251.5 0.934736
251.6 0.934331
251.7 0.931509
251.8 0.932022
251.9 0.931963
252 0.932154
252.1 0.934471
252.2 0.935728
252.3 0.936093
252.4 0.936616
252.5 0.9358
252.6 0.936535
252.7 0.932436
252.8 0.932307
252.9 0.934905
253 0.9354
253.1 0.937182
253.2 0.935788
253.3 0.936955
253.4 0.936726
253.5 0.938264
253.6 0.939425
253.7 0.940981
253.8 0.939626
253.9 0.939553
254 0.93965
254.1 0.939828
254.2 0.939763
254.3 0.940456
254.4 0.938717
254.5 0.939735
254.6 0.940007
254.7 0.940306
254.8 0.939775
254.9 0.939667
255 0.938296
255.1 0.939048
255.2 0.938037
255.3 0.936031
255.4 0.937565
255.5 0.937814
255.6 0.938799
255.7 0.939238
255.8 0.938313
255.9 0.940166
256 0.940246
256.1 0.940399
256.2 0.939591
256.3 0.940242
256.4 0.940666
256.5 0.942625
256.6 0.943463
256.7 0.941778
256.8 0.939958
256.9 0.939041
257 0.939804
257.1 0.940265
257.2 0.940009
257.3 0.939686
257.4 0.939899
257.5 0.937363
257.6 0.938131
257.7 0.938208
257.8 0.938212
257.9 0.937105
258 0.937593
258.1 0.938549
258.2 0.939321
258.3 0.936222
258.4 0.939431
258.5 0.940107
258.6 0.939378
258.7 0.939542
258.8 0.939103
258.9 0.939461
259 0.938631
259.1 0.938218
259.2 0.937543
259.3 0.937929
259.4 0.937626
259.5 0.938125
259.6 0.940005
259.7 0.941033
259.8 0.940246
259.9 0.939777
260 0.939308
260.1 0.938781
260.2 0.938371
260.3 0.939169
260.4 0.941233
260.5 0.942775
260.6 0.940162
260.7 0.941088
260.8 0.940976
260.9 0.941823
261 0.93967
261.1 0.937999
261.2 0.939566
261.3 0.939569
261.4 0.939282
261.5 0.937419
261.6 0.938617
261.7 0.938181
261.8 0.938906
261.9 0.939063
262 0.938923
262.1 0.93967
262.2 0.93968
262.3 0.938857
262.4 0.940357
262.5 0.941094
262.6 0.940183
262.7 0.940653
262.8 0.939365
262.9 0.941567
263 0.941229
263.1 0.942506
263.2 0.944063
263.3 0.944321
263.4 0.945708
263.5 0.943689
263.6 0.941381
263.7 0.944237
263.8 0.943642
263.9 0.943299
264 0.943373
264.1 0.944452
264.2 0.942509
264.3 0.941059
264.4 0.941737
264.5 0.942101
264.6 0.941924
264.7 0.940268
264.8 0.939382
264.9 0.939885
265 0.93995
265.1 0.939078
265.2 0.939582
265.3 0.936517
265.4 0.936251
265.5 0.936743
265.6 0.938552
265.7 0.940279
265.8 0.940502
265.9 0.940378
266 0.940616
266.1 0.940872
266.2 0.940922
266.3 0.940539
266.4 0.939339
266.5 0.93756
266.6 0.939411
266.7 0.940105
266.8 0.94114
266.9 0.942366
267 0.940472
267.1 0.940222
267.2 0.942039
267.3 0.937512
267.4 0.936887
267.5 0.93612
267.6 0.937663
267.7 0.934653
267.8 0.936666
267.9 0.936568
268 0.936974
268.1 0.937478
268.2 0.936467
268.3 0.936205
268.4 0.935037
268.5 0.934547
268.6 0.93729
268.7 0.938724
268.8 0.936613
268.9 0.935633
269 0.935113
269.1 0.935329
269.2 0.936017
269.3 0.936096
269.4 0.934206
269.5 0.935595
269.6 0.936455
269.7 0.937461
269.8 0.937626
269.9 0.933133
270 0.933462
270.1 0.932943
270.2 0.93458
270.3 0.93516
270.4 0.936685
270.5 0.937545
270.6 0.937729
270.7 0.93693
270.8 0.938453
270.9 0.937341
271 0.939257
271.1 0.941395
271.2 0.941061
271.3 0.940256
271.4 0.939485
271.5 0.940156
271.6 0.939893
271.7 0.940304
271.8 0.941472
271.9 0.941446
272 0.940822
272.1 0.940842
272.2 0.941804
272.3 0.941134
272.4 0.940685
272.5 0.94131
272.6 0.942214
272.7 0.942406
272.8 0.941121
272.9 0.940097
273 0.937261
273.1 0.936094
273.2 0.937344
273.3 0.934272
273.4 0.935655
273.5 0.936848
273.6 0.936835
273.7 0.936649
273.8 0.938851
273.9 0.939129
274 0.940011
274.1 0.940374
274.2 0.936977
274.3 0.938674
274.4 0.937776
274.5 0.936215
274.6 0.937534
274.7 0.936978
274.8 0.938092
274.9 0.937828
275 0.939013
275.1 0.938929
275.2 0.939132
275.3 0.937689
275.4 0.938116
275.5 0.938825
275.6 0.939183
275.7 0.937614
275.8 0.937371
275.9 0.937696
276 0.937015
276.1 0.938957
276.2 0.939706
276.3 0.939412
276.4 0.933055
276.5 0.932589
276.6 0.934654
276.7 0.934541
276.8 0.933642
276.9 0.937599
277 0.935668
277.1 0.936135
277.2 0.936716
277.3 0.935066
277.4 0.935573
277.5 0.93321
277.6 0.934114
277.7 0.936215
277.8 0.935672
277.9 0.934979
278 0.933665
278.1 0.93229
278.2 0.933539
278.3 0.934176
278.4 0.936277
278.5 0.93673
278.6 0.935528
278.7 0.935235
278.8 0.935181
278.9 0.932572
279 0.935575
279.1 0.934565
279.2 0.935884
279.3 0.936428
279.4 0.938496
279.5 0.937932
279.6 0.937166
279.7 0.937961
279.8 0.937486
279.9 0.938838
280 0.938126
280.1 0.938628
280.2 0.940132
280.3 0.937098
280.4 0.937211
280.5 0.937913
280.6 0.93826
280.7 0.937458
280.8 0.937009
280.9 0.93822
281 0.940107
281.1 0.938625
281.2 0.939627
281.3 0.936611
281.4 0.93914
281.5 0.938594
281.6 0.935795
281.7 0.935177
281.8 0.936769
281.9 0.936574
282 0.937184
282.1 0.935912
282.2 0.935337
282.3 0.936555
282.4 0.937307
282.5 0.934419
282.6 0.934385
282.7 0.935065
282.8 0.934228
282.9 0.935294
283 0.936759
283.1 0.938905
283.2 0.939277
283.3 0.939755
283.4 0.938456
283.5 0.939838
283.6 0.940251
283.7 0.939838
283.8 0.939944
283.9 0.941009
284 0.940636
284.1 0.942837
284.2 0.944347
284.3 0.942232
284.4 0.941047
284.5 0.939959
284.6 0.939663
284.7 0.941639
284.8 0.942047
284.9 0.941392
285 0.941641
285.1 0.940927
285.2 0.94075
285.3 0.938944
285.4 0.938273
285.5 0.934638
285.6 0.9338
285.7 0.934894
285.8 0.934266
285.9 0.935815
286 0.933802
286.1 0.935104
286.2 0.934586
286.3 0.935694
286.4 0.935133
286.5 0.936384
286.6 0.937016
286.7 0.936635
286.8 0.937562
286.9 0.934237
287 0.936672
287.1 0.935733
287.2 0.936583
287.3 0.937328
287.4 0.938239
287.5 0.937681
287.6 0.93719
287.7 0.936935
287.8 0.937291
287.9 0.939077
288 0.939601
288.1 0.939553
288.2 0.938965
288.3 0.939221
288.4 0.935196
288.5 0.936351
288.6 0.937184
288.7 0.936391
288.8 0.937029
288.9 0.938848
289 0.93882
289.1 0.939947
289.2 0.937413
289.3 0.938372
289.4 0.937608
289.5 0.937389
289.6 0.939629
289.7 0.940832
289.8 0.939971
289.9 0.940843
290 0.938557
290.1 0.938983
290.2 0.938685
290.3 0.937494
290.4 0.939004
290.5 0.939332
290.6 0.940844
290.7 0.94227
290.8 0.941195
290.9 0.941511
291 0.941487
291.1 0.941102
291.2 0.941208
291.3 0.94121
291.4 0.937649
291.5 0.936895
291.6 0.9396
291.7 0.938226
291.8 0.938753
291.9 0.940164
292 0.94025
292.1 0.94068
292.2 0.939308
292.3 0.937986
292.4 0.939728
292.5 0.939899
292.6 0.939569
292.7 0.938972
292.8 0.941058
292.9 0.940465
293 0.941767
293.1 0.94193
293.2 0.940914
293.3 0.940776
293.4 0.940508
293.5 0.939855
293.6 0.941274
293.7 0.939854
293.8 0.939135
293.9 0.936958
294 0.935873
294.1 0.935937
294.2 0.936261
294.3 0.937317
294.4 0.939008
294.5 0.93818
294.6 0.939853
294.7 0.940664
294.8 0.939572
294.9 0.940634
295 0.940088
295.1 0.939194
295.2 0.940659
295.3 0.939977
295.4 0.939981
295.5 0.940105
295.6 0.940094
295.7 0.941958
295.8 0.942405
295.9 0.940345
296 0.938718
296.1 0.937812
296.2 0.935337
296.3 0.936538
296.4 0.935961
296.5 0.935408
296.6 0.937782
296.7 0.938376
296.8 0.940078
296.9 0.940396
297 0.941337
297.1 0.943306
297.2 0.941605
297.3 0.940168
297.4 0.937777
297.5 0.937696
297.6 0.937565
297.7 0.938443
297.8 0.940317
297.9 0.940806
298 0.939942
298.1 0.939844
298.2 0.941092
298.3 0.941686
298.4 0.941248
298.5 0.941114
298.6 0.939242
298.7 0.938334
298.8 0.93959
298.9 0.940141
299 0.938374
299.1 0.938851
299.2 0.939647
299.3 0.940319
299.4 0.941611
299.5 0.941309
299.6 0.940187
299.7 0.939181
299.8 0.93847
299.9 0.93736
300 0.937243
300.1 0.935248
300.2 0.936537
300.3 0.936939
300.4 0.93485
300.5 0.934227
300.6 0.935646
300.7 0.937584
300.8 0.936314
300.9 0.9362
301 0.937888
301.1 0.936303
301.2 0.93773
301.3 0.937718
301.4 0.937333
301.5 0.939217
301.6 0.937473
301.7 0.935428
301.8 0.937703
301.9 0.938604
302 0.938511
302.1 0.939456
302.2 0.938267
302.3 0.939169
302.4 0.939288
302.5 0.939377
302.6 0.939011
302.7 0.940625
302.8 0.940124
302.9 0.939885
303 0.939905
303.1 0.939427
303.2 0.940488
303.3 0.939611
303.4 0.937463
303.5 0.940181
303.6 0.940188
303.7 0.940354
303.8 0.939046
303.9 0.939434
304 0.94003
304.1 0.941055
304.2 0.941699
304.3 0.939983
304.4 0.94017
304.5 0.940504
304.6 0.940092
304.7 0.940784
304.8 0.941278
304.9 0.942006
305 0.940825
305.1 0.940014
305.2 0.940629
305.3 0.939531
305.4 0.941015
305.5 0.94073
305.6 0.94158
305.7 0.942182
305.8 0.942268
305.9 0.941582
306 0.942697
306.1 0.942209
306.2 0.941611
306.3 0.939185
306.4 0.939383
306.5 0.938689
306.6 0.938559
306.7 0.938986
306.8 0.938783
306.9 0.938885
307 0.939909
307.1 0.939453
307.2 0.938848
307.3 0.937406
307.4 0.938949
307.5 0.938162
307.6 0.937517
307.7 0.934531
307.8 0.934397
307.9 0.931568
308 0.929558
308.1 0.93099
308.2 0.923556
308.3 0.925779
308.4 0.928566
308.5 0.928848
308.6 0.929211
308.7 0.925771
308.8 0.927078
308.9 0.929356
309 0.931408
309.1 0.934319
309.2 0.93636
309.3 0.937207
309.4 0.937736
309.5 0.936595
309.6 0.938757
309.7 0.939989
309.8 0.941478
309.9 0.941829
310 0.942478
310.1 0.939805
310.2 0.938228
310.3 0.936482
310.4 0.937014
310.5 0.937126
310.6 0.938328
310.7 0.939452
310.8 0.938984
310.9 0.938527
311 0.939003
311.1 0.939686
311.2 0.936134
311.3 0.936178
311.4 0.93704
311.5 0.939349
311.6 0.939202
311.7 0.939257
311.8 0.940468
311.9 0.938012
312 0.937382
312.1 0.936786
312.2 0.93633
312.3 0.937073
312.4 0.937166
312.5 0.93742
312.6 0.940263
312.7 0.938946
312.8 0.939682
312.9 0.940239
313 0.938307
313.1 0.936692
313.2 0.936446
313.3 0.936492
313.4 0.937625
313.5 0.938706
313.6 0.938687
313.7 0.937863
313.8 0.939812
313.9 0.939335
314 0.935871
314.1 0.936318
314.2 0.939133
314.3 0.938664
314.4 0.938062
314.5 0.941049
314.6 0.939564
314.7 0.938876
314.8 0.939631
314.9 0.939725
315 0.940764
315.1 0.941217
315.2 0.940644
315.3 0.941593
315.4 0.942529
315.5 0.941495
315.6 0.939769
315.7 0.94132
315.8 0.941223
315.9 0.941105
316 0.940726
316.1 0.939594
316.2 0.939498
316.3 0.938778
316.4 0.938898
316.5 0.938464
316.6 0.937482
316.7 0.939021
316.8 0.939502
316.9 0.937503
317 0.938603
317.1 0.939252
317.2 0.939456
317.3 0.939092
317.4 0.937505
317.5 0.938459
317.6 0.938256
317.7 0.93988
317.8 0.937738
317.9 0.938394
318 0.938706
318.1 0.937834
318.2 0.937538
318.3 0.938048
318.4 0.938841
318.5 0.937185
318.6 0.938062
318.7 0.935825
318.8 0.936815
318.9 0.936458
319 0.935947
319.1 0.936032
319.2 0.937875
319.3 0.938456
319.4 0.938518
319.5 0.937111
319.6 0.936161
319.7 0.935065
319.8 0.937847
319.9 0.937869
320 0.93414
320.1 0.934431
320.2 0.935914
320.3 0.936101
320.4 0.935774
320.5 0.936253
320.6 0.93795
320.7 0.939137
320.8 0.93785
320.9 0.936255
321 0.940109
321.1 0.941273
321.2 0.942359
321.3 0.942786
321.4 0.942429
321.5 0.941001
321.6 0.94102
321.7 0.939892
321.8 0.940297
321.9 0.938134
322 0.937445
322.1 0.937656
322.2 0.936635
322.3 0.936731
322.4 0.934929
322.5 0.935924
322.6 0.938189
322.7 0.940182
322.8 0.941652
322.9 0.9432
323 0.942202
323.1 0.941725
323.2 0.941558
323.3 0.942718
323.4 0.942552
323.5 0.941466
323.6 0.940378
323.7 0.935749
323.8 0.936306
323.9 0.936444
324 0.939564
324.1 0.938979
324.2 0.938106
324.3 0.937481
324.4 0.937494
324.5 0.937964
324.6 0.936762
324.7 0.936403
324.8 0.936513
324.9 0.936977
325 0.935793
325.1 0.937022
325.2 0.939081
325.3 0.938148
325.4 0.93834
325.5 0.938911
325.6 0.938522
325.7 0.937948
325.8 0.939545
325.9 0.939563
326 0.94084
326.1 0.938575
326.2 0.9376
326.3 0.938319
326.4 0.936146
326.5 0.936646
326.6 0.937025
326.7 0.936373
326.8 0.935597
326.9 0.936362
327 0.935888
327.1 0.937827
327.2 0.938617
327.3 0.939894
327.4 0.939352
327.5 0.936218
327.6 0.937429
327.7 0.937452
327.8 0.936468
327.9 0.936311
328 0.937062
328.1 0.937235
328.2 0.937663
328.3 0.936787
328.4 0.934449
328.5 0.936602
328.6 0.93573
328.7 0.936891
328.8 0.937829
328.9 0.938088
329 0.938786
329.1 0.939981
329.2 0.940799
329.3 0.940347
329.4 0.940759
329.5 0.937522
329.6 0.936067
329.7 0.935652
329.8 0.936598
329.9 0.938102
330 0.936062
330.1 0.937632
330.2 0.938243
330.3 0.938504
330.4 0.939107
330.5 0.939617
330.6 0.939692
330.7 0.937301
330.8 0.938939
330.9 0.941002
331 0.940219
331.1 0.940247
331.2 0.939869
331.3 0.938676
331.4 0.937908
331.5 0.936972
331.6 0.93713
331.7 0.938112
331.8 0.939438
331.9 0.939182
332 0.939786
332.1 0.940745
332.2 0.941325
332.3 0.941108
332.4 0.941196
332.5 0.941767
332.6 0.940981
332.7 0.938911
332.8 0.939507
332.9 0.941148
333 0.93977
333.1 0.939293
333.2 0.938513
333.3 0.939702
333.4 0.939727
333.5 0.941015
333.6 0.94046
333.7 0.939079
333.8 0.939298
333.9 0.939423
334 0.939136
334.1 0.938695
334.2 0.939449
334.3 0.938725
334.4 0.937549
334.5 0.934635
334.6 0.936145
334.7 0.935622
334.8 0.935036
334.9 0.934672
335 0.934709
335.1 0.934052
335.2 0.934635
335.3 0.937622
335.4 0.939939
335.5 0.940302
335.6 0.941104
335.7 0.941218
335.8 0.941318
335.9 0.942198
336 0.936706
336.1 0.934871
336.2 0.934189
336.3 0.935507
336.4 0.936088
336.5 0.936986
336.6 0.938895
336.7 0.938885
336.8 0.940268
336.9 0.941448
337 0.942347
337.1 0.941309
337.2 0.941491
337.3 0.940401
337.4 0.940581
337.5 0.939212
337.6 0.938534
337.7 0.9381
337.8 0.935523
337.9 0.937331
338 0.936455
338.1 0.937783
338.2 0.93842
338.3 0.937475
338.4 0.937895
338.5 0.93824
338.6 0.939159
338.7 0.940146
338.8 0.938085
338.9 0.939234
339 0.939973
339.1 0.941252
339.2 0.939275
339.3 0.93801
339.4 0.936989
339.5 0.93737
339.6 0.936902
339.7 0.938565
339.8 0.94033
339.9 0.940941
340 0.939776
340.1 0.94021
340.2 0.940974
340.3 0.940767
340.4 0.942223
340.5 0.943195
340.6 0.943746
340.7 0.942798
340.8 0.941537
340.9 0.941887
341 0.941969
341.1 0.941607
341.2 0.942114
341.3 0.941107
341.4 0.939474
341.5 0.939944
341.6 0.938799
341.7 0.938574
341.8 0.939612
341.9 0.938812
342 0.939031
342.1 0.938045
342.2 0.935684
342.3 0.936224
342.4 0.936107
342.5 0.937328
342.6 0.93874
342.7 0.94045
342.8 0.941924
342.9 0.942684
343 0.942814
343.1 0.942635
343.2 0.941602
343.3 0.941651
343.4 0.940337
343.5 0.939121
343.6 0.938785
343.7 0.937648
343.8 0.93532
343.9 0.936604
344 0.934976
344.1 0.938219
344.2 0.938112
344.3 0.939572
344.4 0.936053
344.5 0.937453
344.6 0.937818
344.7 0.938549
344.8 0.939394
344.9 0.938574
345 0.937323
345.1 0.93858
345.2 0.939341
345.3 0.940439
345.4 0.940377
345.5 0.94081
345.6 0.940378
345.7 0.93997
345.8 0.939982
345.9 0.940613
346 0.939647
346.1 0.941399
346.2 0.940514
346.3 0.940004
346.4 0.940537
346.5 0.940283
346.6 0.939979
346.7 0.936489
346.8 0.937349
346.9 0.940156
347 0.9401
347.1 0.93939
347.2 0.938488
347.3 0.94028
347.4 0.940832
347.5 0.942089
347.6 0.942492
347.7 0.941634
347.8 0.940822
347.9 0.937553
348 0.938457
348.1 0.938831
348.2 0.938072
348.3 0.93876
348.4 0.937511
348.5 0.937819
348.6 0.93786
348.7 0.937052
348.8 0.935851
348.9 0.934566
349 0.935278
349.1 0.93621
349.2 0.936541
349.3 0.936443
349.4 0.936798
349.5 0.939715
349.6 0.939756
349.7 0.939904
349.8 0.940564
349.9 0.942461
350 0.939964
350.1 0.93854
350.2 0.938947
350.3 0.93832
350.4 0.938024
350.5 0.937096
350.6 0.93672
350.7 0.937853
350.8 0.938723
350.9 0.938319
351 0.936457
351.1 0.935661
351.2 0.936428
351.3 0.938553
351.4 0.938956
351.5 0.939002
351.6 0.93945
351.7 0.939112
351.8 0.938479
351.9 0.938702
352 0.939403
352.1 0.941246
352.2 0.938868
352.3 0.938998
352.4 0.938228
352.5 0.940416
352.6 0.942199
352.7 0.944227
352.8 0.942963
352.9 0.942954
353 0.94201
353.1 0.942439
353.2 0.941859
353.3 0.942596
353.4 0.939318
353.5 0.939546
353.6 0.93931
353.7 0.94003
353.8 0.93882
353.9 0.939619
354 0.940276
354.1 0.938726
354.2 0.9401
354.3 0.93884
354.4 0.940229
354.5 0.94093
354.6 0.940202
354.7 0.938221
354.8 0.937755
354.9 0.938529
355 0.939392
355.1 0.938825
355.2 0.940413
355.3 0.940099
355.4 0.940815
355.5 0.939969
355.6 0.941997
355.7 0.942126
355.8 0.941071
355.9 0.940739
356 0.941133
356.1 0.94336
356.2 0.941997
356.3 0.941118
356.4 0.941278
356.5 0.940513
356.6 0.940688
356.7 0.93925
356.8 0.939851
356.9 0.939899
357 0.93886
357.1 0.937964
357.2 0.938532
357.3 0.940431
357.4 0.941895
357.5 0.941876
357.6 0.939124
357.7 0.938511
357.8 0.937803
357.9 0.938406
358 0.937744
358.1 0.937112
358.2 0.935988
358.3 0.936316
358.4 0.936994
358.5 0.938639
358.6 0.937999
358.7 0.937739
358.8 0.938662
358.9 0.939091
359 0.937614
359.1 0.938393
359.2 0.936994
359.3 0.935722
359.4 0.936615
359.5 0.937824
359.6 0.936219
359.7 0.938547
359.8 0.939174
359.9 0.939555
360 0.938598
360.1 0.938285
360.2 0.939571
360.3 0.939128
360.4 0.938786
360.5 0.939357
360.6 0.940165
360.7 0.938533
360.8 0.938498
360.9 0.939018
361 0.941706
361.1 0.941373
361.2 0.941311
361.3 0.941975
361.4 0.940119
361.5 0.940529
361.6 0.940833
361.7 0.940849
361.8 0.940489
361.9 0.939446
362 0.939194
362.1 0.939304
362.2 0.941311
362.3 0.94049
362.4 0.940423
362.5 0.937917
362.6 0.937976
362.7 0.938144
362.8 0.93846
362.9 0.940115
363 0.938748
363.1 0.937854
363.2 0.939501
363.3 0.939025
363.4 0.939307
363.5 0.939871
363.6 0.940205
363.7 0.93951
363.8 0.940125
363.9 0.940742
364 0.940951
364.1 0.938826
364.2 0.937931
364.3 0.938152
364.4 0.936772
364.5 0.936147
364.6 0.936367
364.7 0.935101
364.8 0.936754
364.9 0.935123
365 0.936602
365.1 0.93636
365.2 0.935809
365.3 0.937722
365.4 0.938653
365.5 0.938008
365.6 0.939121
365.7 0.937447
365.8 0.938015
365.9 0.940522
366 0.942596
366.1 0.942035
366.2 0.942187
366.3 0.941556
366.4 0.942945
366.5 0.94192
366.6 0.940187
366.7 0.940814
366.8 0.941446
366.9 0.942525
367 0.941999
367.1 0.942221
367.2 0.940114
367.3 0.939376
367.4 0.941576
367.5 0.941126
367.6 0.940482
367.7 0.938589
367.8 0.936484
367.9 0.935206
368 0.93482
368.1 0.937869
368.2 0.937679
368.3 0.940095
368.4 0.941019
368.5 0.940391
368.6 0.939238
368.7 0.938249
368.8 0.938203
368.9 0.936767
369 0.937607
369.1 0.937601
369.2 0.93588
369.3 0.937276
369.4 0.935076
369.5 0.935515
369.6 0.936251
369.7 0.939042
369.8 0.937804
369.9 0.939342
370 0.938964
370.1 0.938486
370.2 0.939505
370.3 0.938853
370.4 0.936546
370.5 0.936049
370.6 0.935117
370.7 0.93589
370.8 0.935995
370.9 0.938584
371 0.939232
371.1 0.93911
371.2 0.937586
371.3 0.936926
371.4 0.937002
371.5 0.937377
371.6 0.937623
371.7 0.939011
371.8 0.94023
371.9 0.939849
372 0.939961
372.1 0.938696
372.2 0.93835
372.3 0.93607
372.4 0.935831
372.5 0.936838
372.6 0.932098
372.7 0.932518
372.8 0.932241
372.9 0.933673
373 0.932739
373.1 0.931308
373.2 0.934804
373.3 0.935182
373.4 0.93399
373.5 0.933352
373.6 0.935274
373.7 0.935478
373.8 0.937971
373.9 0.93785
374 0.937422
374.1 0.934842
374.2 0.93475
374.3 0.934535
374.4 0.93499
374.5 0.935225
374.6 0.93509
374.7 0.93569
374.8 0.935392
374.9 0.937181
375 0.936675
375.1 0.93468
375.2 0.93495
375.3 0.938291
375.4 0.939972
375.5 0.940069
375.6 0.939976
375.7 0.939139
375.8 0.941258
375.9 0.939658
376 0.94121
376.1 0.941653
376.2 0.942218
376.3 0.94262
376.4 0.942443
376.5 0.941792
376.6 0.940745
376.7 0.94137
376.8 0.939933
376.9 0.940145
377 0.939665
377.1 0.938531
377.2 0.939998
377.3 0.937745
377.4 0.93867
377.5 0.939473
377.6 0.938468
377.7 0.939846
377.8 0.939636
377.9 0.939579
378 0.93989
378.1 0.939543
378.2 0.939034
378.3 0.940102
378.4 0.939312
378.5 0.937932
378.6 0.936692
378.7 0.933917
378.8 0.933007
378.9 0.935936
379 0.938002
379.1 0.93884
379.2 0.938949
379.3 0.936339
379.4 0.935352
379.5 0.935832
379.6 0.936208
379.7 0.935897
379.8 0.937782
379.9 0.937474
380 0.936302
380.1 0.93545
380.2 0.936434
380.3 0.936438
380.4 0.938389
380.5 0.938111
380.6 0.940413
380.7 0.936665
380.8 0.93846
380.9 0.939265
381 0.938105
381.1 0.937541
381.2 0.938236
381.3 0.940194
381.4 0.93946
381.5 0.940219
381.6 0.940027
381.7 0.938035
381.8 0.939843
381.9 0.939323
382 0.939842
382.1 0.940351
382.2 0.940141
382.3 0.940015
382.4 0.940266
382.5 0.939731
382.6 0.939694
382.7 0.938902
382.8 0.938835
382.9 0.935708
383 0.935831
383.1 0.935735
383.2 0.937015
383.3 0.936778
383.4 0.937657
383.5 0.936434
383.6 0.93819
383.7 0.935685
383.8 0.936171
383.9 0.937748
384 0.938406
384.1 0.938574
384.2 0.938679
384.3 0.939432
384.4 0.940541
384.5 0.941569
384.6 0.942112
384.7 0.94161
384.8 0.940243
384.9 0.939953
385 0.938603
385.1 0.939194
385.2 0.939116
385.3 0.938236
385.4 0.939177
385.5 0.939029
385.6 0.939987
385.7 0.939764
385.8 0.939518
385.9 0.939523
386 0.938638
386.1 0.939122
386.2 0.93653
386.3 0.937267
386.4 0.936227
386.5 0.936343
386.6 0.937013
386.7 0.937583
386.8 0.936495
386.9 0.937817
387 0.93893
387.1 0.939856
387.2 0.939629
387.3 0.940258
387.4 0.941571
387.5 0.941943
387.6 0.942902
387.7 0.938343
387.8 0.938491
387.9 0.938809
388 0.937723
388.1 0.937942
388.2 0.936632
388.3 0.937811
388.4 0.935134
388.5 0.935058
388.6 0.935157
388.7 0.937514
388.8 0.939256
388.9 0.940201
389 0.94004
389.1 0.939609
389.2 0.938135
389.3 0.937102
389.4 0.939019
389.5 0.937869
389.6 0.9388
389.7 0.940305
389.8 0.941139
389.9 0.940533
390 0.940147
390.1 0.940423
390.2 0.939539
390.3 0.940587
390.4 0.940949
390.5 0.93921
390.6 0.940321
390.7 0.939904
390.8 0.940101
390.9 0.939103
391 0.93779
391.1 0.937475
391.2 0.938223
391.3 0.938882
391.4 0.941002
391.5 0.939288
391.6 0.938683
391.7 0.937882
391.8 0.938569
391.9 0.937715
392 0.93791
392.1 0.939002
392.2 0.936952
392.3 0.93482
392.4 0.934137
392.5 0.933089
392.6 0.933751
392.7 0.93478
392.8 0.934189
392.9 0.935127
393 0.933678
393.1 0.934025
393.2 0.936359
393.3 0.935297
393.4 0.931041
393.5 0.933288
393.6 0.933836
393.7 0.936263
393.8 0.937622
393.9 0.938331
394 0.937286
394.1 0.937727
394.2 0.938424
394.3 0.93649
394.4 0.937865
394.5 0.936504
394.6 0.935338
394.7 0.935705
394.8 0.93627
394.9 0.936379
395 0.937621
395.1 0.935796
395.2 0.938862
395.3 0.940114
395.4 0.937815
395.5 0.937745
395.6 0.936583
395.7 0.937472
395.8 0.936791
395.9 0.936013
396 0.936778
396.1 0.938124
396.2 0.937558
396.3 0.938209
396.4 0.93967
396.5 0.939741
396.6 0.940489
396.7 0.940762
396.8 0.941337
396.9 0.940639
397 0.938414
397.1 0.94023
397.2 0.939581
397.3 0.938822
397.4 0.937912
397.5 0.93911
397.6 0.938178
397.7 0.938824
397.8 0.93833
397.9 0.938941
398 0.938674
398.1 0.939024
398.2 0.939871
398.3 0.937392
398.4 0.938348
398.5 0.937516
398.6 0.937471
398.7 0.936783
398.8 0.938193
398.9 0.937185
399 0.935955
399.1 0.938795
399.2 0.939207
399.3 0.936658
399.4 0.938643
399.5 0.937403
399.6 0.937906
399.7 0.937037
399.8 0.937985
399.9 0.936937
400 0.937831
400.1 0.937941
400.2 0.936466
400.3 0.939472
400.4 0.941138
400.5 0.940393
400.6 0.938976
400.7 0.9392
400.8 0.93976
400.9 0.94112
401 0.94241
401.1 0.942275
401.2 0.941423
401.3 0.942307
401.4 0.942516
401.5 0.940262
401.6 0.93973
401.7 0.940837
401.8 0.940915
401.9 0.939925
402 0.938557
402.1 0.939121
402.2 0.938186
402.3 0.936585
402.4 0.939051
402.5 0.939932
402.6 0.940724
402.7 0.939783
402.8 0.937898
402.9 0.937877
403 0.938361
403.1 0.939046
403.2 0.938676
403.3 0.937746
403.4 0.936554
403.5 0.938632
403.6 0.93903
403.7 0.938251
403.8 0.93701
403.9 0.936092
404 0.934499
404.1 0.931938
404.2 0.933262
404.3 0.934733
404.4 0.932646
404.5 0.93316
404.6 0.933619
404.7 0.933554
404.8 0.932619
404.9 0.932693
405 0.93405
405.1 0.935354
405.2 0.935397
405.3 0.934407
405.4 0.936678
405.5 0.935709
405.6 0.934751
405.7 0.936089
405.8 0.936429
405.9 0.9352
406 0.936321
406.1 0.935759
406.2 0.936189
406.3 0.933649
406.4 0.934847
406.5 0.933909
406.6 0.934644
406.7 0.935922
406.8 0.936765
406.9 0.934692
407 0.936252
407.1 0.936767
407.2 0.936868
407.3 0.936339
407.4 0.936612
407.5 0.936533
407.6 0.937729
407.7 0.937484
407.8 0.938225
407.9 0.939061
408 0.938767
408.1 0.939243
408.2 0.937671
408.3 0.936917
408.4 0.938259
408.5 0.936658
408.6 0.935888
408.7 0.936217
408.8 0.935265
408.9 0.93594
409 0.938006
409.1 0.939168
409.2 0.938149
409.3 0.93873
409.4 0.936588
409.5 0.936309
409.6 0.938625
409.7 0.938142
409.8 0.936793
409.9 0.938663
410 0.938812
410.1 0.938121
410.2 0.937479
410.3 0.936844
410.4 0.938147
410.5 0.937774
410.6 0.938816
410.7 0.939539
410.8 0.941204
410.9 0.939834
411 0.940414
411.1 0.940759
411.2 0.939247
411.3 0.939442
411.4 0.940357
411.5 0.938458
411.6 0.939258
411.7 0.938719
411.8 0.941051
411.9 0.940612
412 0.940444
412.1 0.940485
412.2 0.939281
412.3 0.94011
412.4 0.939684
412.5 0.937451
412.6 0.938861
412.7 0.939118
412.8 0.939056
412.9 0.939359
413 0.940772
413.1 0.940097
413.2 0.937986
413.3 0.938055
413.4 0.939809
413.5 0.939752
413.6 0.938928
413.7 0.937668
413.8 0.936081
413.9 0.937009
414 0.938974
414.1 0.939604
414.2 0.937303
414.3 0.934318
414.4 0.935086
414.5 0.933853
414.6 0.935129
414.7 0.93756
414.8 0.93812
414.9 0.936514
415 0.936647
415.1 0.937987
415.2 0.938284
415.3 0.939932
415.4 0.938658
415.5 0.940064
415.6 0.941326
415.7 0.941009
415.8 0.938929
415.9 0.941801
416 0.937898
416.1 0.938009
416.2 0.940486
416.3 0.941915
416.4 0.941088
416.5 0.941393
416.6 0.940971
416.7 0.942578
416.8 0.942674
416.9 0.942275
417 0.943175
417.1 0.942264
417.2 0.943975
417.3 0.94383
417.4 0.943257
417.5 0.943771
417.6 0.94078
417.7 0.940599
417.8 0.940738
417.9 0.940025
418 0.93888
418.1 0.938647
418.2 0.93843
418.3 0.937308
418.4 0.9372
418.5 0.934363
418.6 0.935593
418.7 0.934476
418.8 0.934126
418.9 0.933557
419 0.932119
419.1 0.932816
419.2 0.933017
419.3 0.933979
419.4 0.934437
419.5 0.935732
419.6 0.935542
419.7 0.935747
419.8 0.936229
419.9 0.935983
420 0.936689
420.1 0.937148
420.2 0.9373
420.3 0.934937
420.4 0.937352
420.5 0.937124
420.6 0.937536
420.7 0.937827
420.8 0.939643
420.9 0.940715
421 0.941228
421.1 0.942556
421.2 0.941482
421.3 0.941491
421.4 0.942425
421.5 0.942287
421.6 0.940774
421.7 0.938816
421.8 0.93784
421.9 0.938109
422 0.939749
422.1 0.938863
422.2 0.939567
422.3 0.940262
422.4 0.938675
422.5 0.937423
422.6 0.937299
422.7 0.936837
422.8 0.937031
422.9 0.938612
423 0.937802
423.1 0.935384
423.2 0.936964
423.3 0.938995
423.4 0.938971
423.5 0.935109
423.6 0.936968
423.7 0.937253
423.8 0.938822
423.9 0.936876
424 0.93624
424.1 0.936326
424.2 0.936282
424.3 0.934099
424.4 0.935488
424.5 0.935434
424.6 0.935184
424.7 0.935331
424.8 0.933569
424.9 0.935859
425 0.935663
425.1 0.935755
425.2 0.93565
425.3 0.938124
425.4 0.937622
425.5 0.937495
425.6 0.938548
425.7 0.941183
425.8 0.938032
425.9 0.938843
426 0.938782
426.1 0.93972
426.2 0.939457
426.3 0.93964
426.4 0.940642
426.5 0.941027
426.6 0.941407
426.7 0.938078
426.8 0.937982
426.9 0.936767
427 0.935968
427.1 0.934755
427.2 0.93578
427.3 0.934612
427.4 0.933748
427.5 0.936989
427.6 0.936177
427.7 0.938931
427.8 0.940661
427.9 0.940305
428 0.940267
428.1 0.939656
428.2 0.941459
428.3 0.942009
428.4 0.941343
428.5 0.942581
428.6 0.939689
428.7 0.939348
428.8 0.940665
428.9 0.940303
429 0.941051
429.1 0.941662
429.2 0.939869
429.3 0.940431
429.4 0.941741
429.5 0.941724
429.6 0.941302
429.7 0.940902
429.8 0.941281
429.9 0.940287
430 0.937807
430.1 0.938606
430.2 0.939467
430.3 0.93855
430.4 0.940154
430.5 0.940847
430.6 0.940859
430.7 0.939415
430.8 0.939364
430.9 0.938249
431 0.937903
431.1 0.938876
431.2 0.939715
431.3 0.938644
431.4 0.938863
431.5 0.937523
431.6 0.934762
431.7 0.935418
431.8 0.937348
431.9 0.936225
432 0.936102
432.1 0.937355
432.2 0.937195
432.3 0.936349
432.4 0.937041
432.5 0.938134
432.6 0.93853
432.7 0.937921
432.8 0.937098
432.9 0.934975
433 0.937151
433.1 0.935678
433.2 0.937049
433.3 0.940156
433.4 0.939219
433.5 0.93942
433.6 0.94048
433.7 0.937137
433.8 0.938673
433.9 0.935437
434 0.934584
434.1 0.93559
434.2 0.935977
434.3 0.936979
434.4 0.93675
434.5 0.936285
434.6 0.936443
434.7 0.93865
434.8 0.940196
434.9 0.93948
435 0.94031
435.1 0.94079
435.2 0.938544
435.3 0.938742
435.4 0.940141
435.5 0.939903
435.6 0.94065
435.7 0.939369
435.8 0.941322
435.9 0.94073
436 0.940305
436.1 0.94028
436.2 0.940962
436.3 0.941552
436.4 0.941828
436.5 0.942345
436.6 0.941676
436.7 0.940924
436.8 0.939814
436.9 0.940172
437 0.938763
437.1 0.939183
437.2 0.937911
437.3 0.934396
437.4 0.934554
437.5 0.935045
437.6 0.934353
437.7 0.935803
437.8 0.935099
437.9 0.935846
438 0.937664
438.1 0.93894
438.2 0.938954
438.3 0.940416
438.4 0.940313
438.5 0.940214
438.6 0.939299
438.7 0.938362
438.8 0.938185
438.9 0.939168
439 0.939706
439.1 0.938027
439.2 0.939741
439.3 0.939776
439.4 0.941137
439.5 0.939726
439.6 0.941159
439.7 0.940577
439.8 0.941504
439.9 0.940572
440 0.940961
440.1 0.939267
440.2 0.940379
440.3 0.938746
440.4 0.936089
440.5 0.937759
440.6 0.936942
440.7 0.937503
440.8 0.936909
440.9 0.930499
441 0.932285
441.1 0.934158
441.2 0.934351
441.3 0.935817
441.4 0.93843
441.5 0.937482
441.6 0.938761
441.7 0.939377
441.8 0.93845
441.9 0.93691
442 0.937423
442.1 0.935419
442.2 0.934905
442.3 0.934129
442.4 0.933574
442.5 0.932132
442.6 0.936073
442.7 0.9374
442.8 0.939434
442.9 0.939898
443 0.941102
443.1 0.939762
443.2 0.939167
443.3 0.939739
443.4 0.939086
443.5 0.938609
443.6 0.93845
443.7 0.939425
443.8 0.938669
443.9 0.938103
444 0.93649
444.1 0.936718
444.2 0.938482
444.3 0.938624
444.4 0.936892
444.5 0.936063
444.6 0.936488
444.7 0.939385
444.8 0.940659
444.9 0.94051
445 0.939575
445.1 0.937402
445.2 0.937132
445.3 0.937004
445.4 0.936104
445.5 0.93704
445.6 0.93866
445.7 0.937938
445.8 0.936855
445.9 0.938111
446 0.939544
446.1 0.938173
446.2 0.934901
446.3 0.935681
446.4 0.934834
446.5 0.935165
446.6 0.936311
446.7 0.937009
446.8 0.938274
446.9 0.93854
447 0.937644
447.1 0.936759
447.2 0.93658
447.3 0.937615
447.4 0.938028
447.5 0.937933
447.6 0.935318
447.7 0.936999
447.8 0.937522
447.9 0.937964
448 0.938898
448.1 0.938254
448.2 0.937841
448.3 0.938547
448.4 0.938945
448.5 0.940755
448.6 0.94037
448.7 0.938402
448.8 0.939424
448.9 0.941519
449 0.941628
449.1 0.942279
449.2 0.944027
449.3 0.942055
449.4 0.941818
449.5 0.942109
449.6 0.941889
449.7 0.941234
449.8 0.941071
449.9 0.940499
450 0.939233
450.1 0.936483
450.2 0.937465
450.3 0.936601
450.4 0.93785
450.5 0.938981
450.6 0.938447
450.7 0.940732
450.8 0.940099
450.9 0.941823
451 0.941596
451.1 0.941107
451.2 0.941493
451.3 0.940781
451.4 0.939075
451.5 0.938651
451.6 0.935621
451.7 0.937325
451.8 0.938095
451.9 0.93898
452 0.938457
452.1 0.93962
452.2 0.939992
452.3 0.937981
452.4 0.938077
452.5 0.940212
452.6 0.939143
452.7 0.93933
452.8 0.939791
452.9 0.94088
453 0.937422
453.1 0.93946
453.2 0.937788
453.3 0.93425
453.4 0.93472
453.5 0.935862
453.6 0.939039
453.7 0.939981
453.8 0.940936
453.9 0.937631
454 0.93817
454.1 0.939848
454.2 0.93874
454.3 0.938559
454.4 0.938929
454.5 0.939204
454.6 0.938045
454.7 0.937991
454.8 0.937452
454.9 0.936694
455 0.937413
455.1 0.939316
455.2 0.94047
455.3 0.941011
455.4 0.940476
455.5 0.941186
455.6 0.940644
455.7 0.939411
455.8 0.93932
455.9 0.939045
456 0.939238
456.1 0.938987
456.2 0.93918
456.3 0.940067
456.4 0.938618
456.5 0.937218
456.6 0.939078
456.7 0.939211
456.8 0.940307
456.9 0.939976
457 0.936812
457.1 0.935721
457.2 0.935453
457.3 0.935361
457.4 0.937478
457.5 0.935826
457.6 0.937292
457.7 0.936344
457.8 0.935358
457.9 0.937309
458 0.936445
458.1 0.937121
458.2 0.938832
458.3 0.938831
458.4 0.939738
458.5 0.940138
458.6 0.939576
458.7 0.940834
458.8 0.939063
458.9 0.939861
459 0.940397
459.1 0.940409
459.2 0.939749
459.3 0.938928
459.4 0.940557
459.5 0.941215
459.6 0.937681
459.7 0.937967
459.8 0.938394
459.9 0.938845
460 0.939172
460.1 0.939935
460.2 0.938591
460.3 0.939615
460.4 0.93921
460.5 0.938923
460.6 0.936788
460.7 0.936238
460.8 0.938051
460.9 0.939081
461 0.939391
461.1 0.938292
461.2 0.937151
461.3 0.9375
461.4 0.936111
461.5 0.936039
461.6 0.937843
461.7 0.941039
461.8 0.942165
461.9 0.9414
462 0.942163
462.1 0.939089
462.2 0.938863
462.3 0.937961
462.4 0.937328
462.5 0.939351
462.6 0.940021
462.7 0.939043
462.8 0.940172
462.9 0.940212
463 0.940682
463.1 0.941482
463.2 0.941143
463.3 0.941497
463.4 0.93929
463.5 0.93825
463.6 0.938036
463.7 0.936017
463.8 0.935166
463.9 0.936313
464 0.938422
464.1 0.937973
464.2 0.938945
464.3 0.940273
464.4 0.939011
464.5 0.936539
464.6 0.937134
464.7 0.937711
464.8 0.935462
464.9 0.935657
465 0.932831
465.1 0.93262
465.2 0.934351
465.3 0.935192
465.4 0.935723
465.5 0.935423
465.6 0.936044
465.7 0.935595
465.8 0.93618
465.9 0.934708
466 0.934328
466.1 0.933386
466.2 0.933278
466.3 0.936495
466.4 0.936257
466.5 0.935669
466.6 0.936758
466.7 0.937566
466.8 0.937007
466.9 0.937205
467 0.937089
467.1 0.937124
467.2 0.938358
467.3 0.93873
467.4 0.938628
467.5 0.937842
467.6 0.93813
467.7 0.939652
467.8 0.939479
467.9 0.939059
468 0.938085
468.1 0.937794
468.2 0.939336
468.3 0.939236
468.4 0.938113
468.5 0.939342
468.6 0.938166
468.7 0.939174
468.8 0.940209
468.9 0.940855
469 0.940877
469.1 0.938835
469.2 0.937854
469.3 0.935167
469.4 0.93563
469.5 0.937382
469.6 0.934689
469.7 0.93467
469.8 0.934066
469.9 0.935225
470 0.938195
470.1 0.936448
470.2 0.937771
470.3 0.936521
470.4 0.935799
470.5 0.936906
470.6 0.937253
470.7 0.936042
470.8 0.935843
470.9 0.934678
471 0.935097
471.1 0.934659
471.2 0.936425
471.3 0.937108
471.4 0.937168
471.5 0.938162
471.6 0.938645
471.7 0.938501
471.8 0.939875
471.9 0.939831
472 0.940777
472.1 0.939863
472.2 0.941611
472.3 0.941268
472.4 0.940764
472.5 0.940159
472.6 0.942902
472.7 0.941398
472.8 0.942261
472.9 0.942397
473 0.943419
473.1 0.942248
473.2 0.942328
473.3 0.941688
473.4 0.941723
473.5 0.942458
473.6 0.941336
473.7 0.941221
473.8 0.940903
473.9 0.941143
474 0.939514
474.1 0.937622
474.2 0.938132
474.3 0.938903
474.4 0.938348
474.5 0.938641
474.6 0.939043
474.7 0.939428
474.8 0.939194
474.9 0.938033
475 0.937174
475.1 0.936999
475.2 0.937022
475.3 0.9376
475.4 0.939078
475.5 0.938955
475.6 0.93619
475.7 0.936395
475.8 0.935446
475.9 0.936312
476 0.937239
476.1 0.936837
476.2 0.937318
476.3 0.937228
476.4 0.93808
476.5 0.934394
476.6 0.933744
476.7 0.934329
476.8 0.935958
476.9 0.936694
477 0.937551
477.1 0.93877
477.2 0.937997
477.3 0.935871
477.4 0.935623
477.5 0.936619
477.6 0.938692
477.7 0.94029
477.8 0.939144
477.9 0.937984
478 0.939587
478.1 0.938915
478.2 0.939357
478.3 0.940731
478.4 0.943061
478.5 0.944621
478.6 0.942157
478.7 0.939874
478.8 0.940698
478.9 0.940586
479 0.938471
479.1 0.935539
479.2 0.936714
479.3 0.936288
479.4 0.934372
479.5 0.9368
479.6 0.937068
479.7 0.938998
479.8 0.939288
479.9 0.941068
480 0.940505
480.1 0.938971
480.2 0.940574
480.3 0.938735
480.4 0.936781
480.5 0.9376
480.6 0.937278
480.7 0.936551
480.8 0.936349
480.9 0.937517
481 0.938252
481.1 0.937133
481.2 0.936757
481.3 0.935077
481.4 0.935783
481.5 0.936754
481.6 0.936654
481.7 0.933531
481.8 0.933456
481.9 0.933158
482 0.932481
482.1 0.934715
482.2 0.935191
482.3 0.935505
482.4 0.934496
482.5 0.935302
482.6 0.936455
482.7 0.939229
482.8 0.936961
482.9 0.937674
483 0.938749
483.1 0.94135
483.2 0.942848
483.3 0.941723
483.4 0.940948
483.5 0.937921
483.6 0.937029
483.7 0.938099
483.8 0.938816
483.9 0.940211
484 0.940629
484.1 0.940278
484.2 0.938242
484.3 0.938898
484.4 0.93925
484.5 0.940292
484.6 0.941112
484.7 0.939951
484.8 0.940645
484.9 0.940115
485 0.941902
485.1 0.942299
485.2 0.940025
485.3 0.939273
485.4 0.939653
485.5 0.9402
485.6 0.939082
485.7 0.939738
485.8 0.934895
485.9 0.935616
486 0.937496
486.1 0.937993
486.2 0.936282
486.3 0.93641
486.4 0.93589
486.5 0.936122
486.6 0.937698
486.7 0.937606
486.8 0.93824
486.9 0.937126
487 0.937017
487.1 0.937466
487.2 0.93872
487.3 0.937601
487.4 0.938574
487.5 0.940469
487.6 0.940909
487.7 0.942706
487.8 0.941021
487.9 0.939229
488 0.939194
488.1 0.937745
488.2 0.938445
488.3 0.938793
488.4 0.939294
488.5 0.938261
488.6 0.940973
488.7 0.941869
488.8 0.940858
488.9 0.939442
489 0.937271
489.1 0.941289
489.2 0.937921
489.3 0.937722
489.4 0.939037
489.5 0.937631
489.6 0.938135
489.7 0.939669
489.8 0.939743
489.9 0.939945
490 0.938451
490.1 0.938634
490.2 0.9405
490.3 0.939605
490.4 0.938857
490.5 0.937764
490.6 0.939052
490.7 0.938138
490.8 0.938663
490.9 0.939249
491 0.938959
491.1 0.939629
491.2 0.939666
491.3 0.938802
491.4 0.939319
491.5 0.938876
491.6 0.940078
491.7 0.941127
491.8 0.940463
491.9 0.941763
492 0.941469
492.1 0.938817
492.2 0.938813
492.3 0.937466
492.4 0.938266
492.5 0.939267
492.6 0.9397
492.7 0.938807
492.8 0.93737
492.9 0.936228
493 0.937236
493.1 0.934186
493.2 0.934653
493.3 0.931393
493.4 0.932476
493.5 0.933547
493.6 0.934394
493.7 0.934277
493.8 0.93549
493.9 0.936646
494 0.936158
494.1 0.937326
494.2 0.937194
494.3 0.936817
494.4 0.939478
494.5 0.938524
494.6 0.939639
494.7 0.941084
494.8 0.938644
494.9 0.939377
495 0.93826
495.1 0.938884
495.2 0.939476
495.3 0.938531
495.4 0.936445
495.5 0.937865
495.6 0.93645
495.7 0.936638
495.8 0.937303
495.9 0.939113
496 0.939613
496.1 0.939329
496.2 0.939722
496.3 0.940684
496.4 0.940256
496.5 0.93949
496.6 0.936537
496.7 0.937238
496.8 0.937849
496.9 0.937771
497 0.938797
497.1 0.937274
497.2 0.937561
497.3 0.938268
497.4 0.939691
497.5 0.939341
497.6 0.939505
497.7 0.938342
497.8 0.939187
497.9 0.937623
498 0.935882
498.1 0.936446
498.2 0.935745
498.3 0.934901
498.4 0.935685
498.5 0.936547
498.6 0.937932
498.7 0.939239
498.8 0.938996
498.9 0.938543
499 0.937625
499.1 0.938077
499.2 0.937905
499.3 0.939656
499.4 0.93921
499.5 0.940368
499.6 0.94164
499.7 0.941362
499.8 0.941312
499.9 0.94173
