0 0.0425508
0.1 0.038533
0.2 0.0261547
0.3 0.0300879
0.4 0.0298283
0.5 0.0333615
0.6 0.0415116
0.7 0.0278006
0.8 0.0317218
0.9 0.0414072
1 0.0577983
1.1 0.0603193
1.2 0.0525852
1.3 0.0457197
1.4 0.0567592
1.5 0.0678361
1.6 0.0756662
1.7 0.0792864
1.8 0.0725133
1.9 0.0828202
2 0.0795932
2.1 0.0921511
2.2 0.101651
2.3 0.117467
2.4 0.136298
2.5 0.143116
2.6 0.148219
2.7 0.137456
2.8 0.146139
2.9 0.161992
3 0.173743
3.1 0.182684
3.2 0.192079
3.3 0.212012
3.4 0.217498
3.5 0.226097
3.6 0.249419
3.7 0.258825
3.8 0.278797
3.9 0.277564
4 0.290792
4.1 0.305359
4.2 0.319491
4.3 0.324924
4.4 0.332193
4.5 0.335387
4.6 0.351886
4.7 0.376338
4.8 0.395453
4.9 0.408873
5 0.415778
5.1 0.429429
5.2 0.428791
5.3 0.438189
5.4 0.454472
5.5 0.475934
5.6 0.486614
5.7 0.49764
5.8 0.511029
5.9 0.526355
6 0.538225
6.1 0.542887
6.2 0.565829
6.3 0.576607
6.4 0.582927
6.5 0.594363
6.6 0.601378
6.7 0.621928
6.8 0.618583
6.9 0.631147
7 0.65062
7.1 0.660017
7.2 0.667412
7.3 0.684712
7.4 0.696274
7.5 0.704834
7.6 0.712523
7.7 0.727097
7.8 0.738081
7.9 0.735523
8 0.751138
8.1 0.752085
8.2 0.761636
8.3 0.771966
8.4 0.777077
8.5 0.784968
8.6 0.784793
8.7 0.79344
8.8 0.802851
8.9 0.814292
9 0.823882
9.1 0.825696
9.2 0.833713
9.3 0.838981
9.4 0.842506
9.5 0.846566
9.6 0.852844
9.7 0.854841
9.8 0.85776
9.9 0.860914
10 0.867032
10.1 0.871757
10.2 0.877699
10.3 0.882376
10.4 0.886309
10.5 0.879423
10.6 0.877014
10.7 0.880562
10.8 0.8869
10.9 0.889568
11 0.88061
11.1 0.884468
11.2 0.888054
11.3 0.896601
11.4 0.898615
11.5 0.904263
11.6 0.904194
11.7 0.90665
11.8 0.905969
11.9 0.907626
12 0.908906
12.1 0.906696
12.2 0.908977
12.3 0.908123
12.4 0.909114
12.5 0.91046
12.6 0.910371
12.7 0.912277
12.8 0.913325
12.9 0.913715
13 0.91844
13.1 0.920874
13.2 0.918599
13.3 0.918503
13.4 0.920653
13.5 0.92017
13.6 0.917872
13.7 0.913411
13.8 0.912992
13.9 0.914303
14 0.913743
14.1 0.914735
14.2 0.918342
14.3 0.916453
14.4 0.915065
14.5 0.919001
14.6 0.918342
14.7 0.918209
14.8 0.915807
14.9 0.92061
15 0.920934
15.1 0.921318
15.2 0.923582
15.3 0.924793
15.4 0.925576
15.5 0.92737
15.6 0.925344
15.7 0.923089
15.8 0.922924
15.9 0.924261
16 0.923279
16.1 0.92333
16.2 0.918842
16.3 0.92327
16.4 0.921532
16.5 0.921668
16.6 0.919793
16.7 0.920577
16.8 0.919709
16.9 0.916709
17 0.918344
17.1 0.92079
17.2 0.920176
17.3 0.919774
17.4 0.918476
17.5 0.918888
17.6 0.922374
17.7 0.919092
17.8 0.917497
17.9 0.919418
18 0.917845
18.1 0.919565
18.2 0.918686
18.3 0.916087
18.4 0.918345
18.5 0.918248
18.6 0.918529
18.7 0.920597
18.8 0.919844
18.9 0.919326
19 0.919507
19.1 0.918322
19.2 0.919374
19.3 0.917255
19.4 0.917658
19.5 0.921641
19.6 0.92048
19.7 0.920902
19.8 0.919649
19.9 0.921178
20 0.923334
20.1 0.922431
20.2 0.924328
20.3 0.920113
20.4 0.91661
20.5 0.919005
20.6 0.92184
20.7 0.921844
20.8 0.921644
20.9 0.916979
21 0.915814
21.1 0.918052
21.2 0.919882
21.3 0.920602
21.4 0.920869
21.5 0.924048
21.6 0.923304
21.7 0.920937
21.8 0.923418
21.9 0.922528
22 0.919471
22.1 0.916609
22.2 0.914727
22.3 0.914876
22.4 0.91582
22.5 0.921246
22.6 0.920336
22.7 0.917647
22.8 0.92074
22.9 0.922973
23 0.924749
23.1 0.923593
23.2 0.919567
23.3 0.91935
23.4 0.923906
23.5 0.922954
23.6 0.922447
23.7 0.924243
23.8 0.924735
23.9 0.926217
24 0.926894
24.1 0.922638
24.2 0.92295
24.3 0.9252
24.4 0.92616
24.5 0.92608
24.6 0.925721
24.7 0.926907
24.8 0.926835
24.9 0.930359
25 0.930087
25.1 0.931049
25.2 0.925915
25.3 0.920122
25.4 0.918161
25.5 0.916456
25.6 0.919377
25.7 0.92087
25.8 0.920262
25.9 0.919668
26 0.918083
26.1 0.920063
26.2 0.919512
26.3 0.922486
26.4 0.919449
26.5 0.918151
26.6 0.916162
26.7 0.911767
26.8 0.91358
26.9 0.913877
27 0.913123
27.1 0.915379
27.2 0.916282
27.3 0.917025
27.4 0.918246
27.5 0.913588
27.6 0.916911
27.7 0.916808
27.8 0.910228
27.9 0.912922
28 0.907392
28.1 0.910716
28.2 0.913943
28.3 0.914333
28.4 0.916618
28.5 0.91934
28.6 0.918477
28.7 0.916799
28.8 0.917222
28.9 0.912521
29 0.911655
29.1 0.914325
29.2 0.912814
29.3 0.912185
29.4 0.913591
29.5 0.912783
29.6 0.914186
29.7 0.913209
29.8 0.915215
29.9 0.916522
30 0.914683
30.1 0.911238
30.2 0.912596
30.3 0.913976
30.4 0.91785
30.5 0.914502
30.6 0.915769
30.7 0.919598
30.8 0.921767
30.9 0.918093
31 0.919805
31.1 0.922218
31.2 0.918705
31.3 0.920021
31.4 0.914545
31.5 0.915226
31.6 0.918583
31.7 0.918969
31.8 0.921946
31.9 0.925109
32 0.926742
32.1 0.926126
32.2 0.926752
32.3 0.926725
32.4 0.924977
32.5 0.925304
32.6 0.922349
32.7 0.920663
32.8 0.917008
32.9 0.915877
33 0.917011
33.1 0.916856
33.2 0.91761
33.3 0.91812
33.4 0.917856
33.5 0.918849
33.6 0.919159
33.7 0.920019
33.8 0.920496
33.9 0.921922
34 0.922198
34.1 0.921846
34.2 0.918961
34.3 0.919604
34.4 0.920097
34.5 0.9221
34.6 0.921367
34.7 0.92117
34.8 0.920729
34.9 0.919372
35 0.918136
35.1 0.916967
35.2 0.91608
35.3 0.917538
35.4 0.918306
35.5 0.92005
35.6 0.917012
35.7 0.915734
35.8 0.915875
35.9 0.915687
36 0.913418
36.1 0.916634
36.2 0.909612
36.3 0.908435
36.4 0.906008
36.5 0.905165
36.6 0.904841
36.7 0.904391
36.8 0.907184
36.9 0.908607
37 0.909069
37.1 0.913646
37.2 0.914482
37.3 0.917918
37.4 0.918131
37.5 0.918768
37.6 0.917725
37.7 0.91753
37.8 0.919405
37.9 0.920204
38 0.917051
38.1 0.916935
38.2 0.918332
38.3 0.918323
38.4 0.917886
38.5 0.919189
38.6 0.919032
38.7 0.92326
38.8 0.923135
38.9 0.920652
39 0.920777
39.1 0.920614
39.2 0.920106
39.3 0.913695
39.4 0.91353
39.5 0.912855
39.6 0.912289
39.7 0.913487
39.8 0.90901
39.9 0.907595
40 0.903033
40.1 0.906388
40.2 0.909005
40.3 0.907526
40.4 0.910252
40.5 0.910148
40.6 0.912055
40.7 0.917504
40.8 0.915888
40.9 0.914932
41 0.909277
41.1 0.908742
41.2 0.91156
41.3 0.912252
41.4 0.915609
41.5 0.915486
41.6 0.920992
41.7 0.919289
41.8 0.923693
41.9 0.924061
42 0.923694
42.1 0.921922
42.2 0.920092
42.3 0.918826
42.4 0.919532
42.5 0.922578
42.6 0.919869
42.7 0.919459
42.8 0.922896
42.9 0.922016
43 0.919808
43.1 0.919091
43.2 0.919238
43.3 0.919584
43.4 0.921359
43.5 0.92173
43.6 0.920349
43.7 0.918159
43.8 0.918346
43.9 0.920321
44 0.923685
44.1 0.921473
44.2 0.918637
44.3 0.916626
44.4 0.918558
44.5 0.919798
44.6 0.919122
44.7 0.919692
44.8 0.919438
44.9 0.91817
45 0.921576
45.1 0.923749
45.2 0.925156
45.3 0.92482
45.4 0.925807
45.5 0.922542
45.6 0.92262
45.7 0.921128
45.8 0.924773
45.9 0.922659
46 0.921847
46.1 0.921064
46.2 0.919701
46.3 0.917641
46.4 0.914532
46.5 0.915458
46.6 0.916963
46.7 0.915766
46.8 0.918989
46.9 0.920684
47 0.918862
47.1 0.919246
47.2 0.919196
47.3 0.917234
47.4 0.921087
47.5 0.918959
47.6 0.921128
47.7 0.922223
47.8 0.924938
47.9 0.923851
48 0.923161
48.1 0.920278
48.2 0.919626
48.3 0.919882
48.4 0.92142
48.5 0.920485
48.6 0.920741
48.7 0.919304
48.8 0.919577
48.9 0.920661
49 0.9225
49.1 0.920419
49.2 0.919204
49.3 0.919603
49.4 0.917469
49.5 0.916102
49.6 0.916894
49.7 0.913596
49.8 0.914469
49.9 0.914684
50 0.913516
50.1 0.912984
50.2 0.909103
50.3 0.911429
50.4 0.911932
50.5 0.913514
50.6 0.915018
50.7 0.915675
50.8 0.91408
50.9 0.917555
51 0.915542
51.1 0.916915
51.2 0.918863
51.3 0.922267
51.4 0.921536
51.5 0.922357
51.6 0.922445
51.7 0.925189
51.8 0.9255
51.9 0.923114
52 0.92346
52.1 0.92612
52.2 0.92557
52.3 0.923752
52.4 0.919975
52.5 0.923208
52.6 0.923353
52.7 0.923468
52.8 0.920979
52.9 0.920532
53 0.91957
53.1 0.919204
53.2 0.916943
53.3 0.916603
53.4 0.913124
53.5 0.913662
53.6 0.911199
53.7 0.908635
53.8 0.91314
53.9 0.909607
54 0.910323
54.1 0.915085
54.2 0.91532
54.3 0.910688
54.4 0.912301
54.5 0.91536
54.6 0.917101
54.7 0.9182
54.8 0.916939
54.9 0.916448
55 0.915403
55.1 0.915832
55.2 0.916287
55.3 0.919151
55.4 0.920686
55.5 0.9202
55.6 0.924847
55.7 0.924706
55.8 0.921402
55.9 0.921029
56 0.91868
56.1 0.917247
56.2 0.918437
56.3 0.917949
56.4 0.918032
56.5 0.921088
56.6 0.916664
56.7 0.91832
56.8 0.919437
56.9 0.917366
57 0.918238
57.1 0.919817
57.2 0.92089
57.3 0.916562
57.4 0.919299
57.5 0.921198
57.6 0.920676
57.7 0.922474
57.8 0.918978
57.9 0.9173
58 0.917842
58.1 0.920528
58.2 0.918277
58.3 0.919714
58.4 0.914328
58.5 0.916192
58.6 0.917163
58.7 0.915252
58.8 0.917101
58.9 0.916741
59 0.918234
59.1 0.916644
59.2 0.915514
59.3 0.914794
59.4 0.918743
59.5 0.922874
59.6 0.919428
59.7 0.920437
59.8 0.924152
59.9 0.923088
60 0.923946
60.1 0.924518
60.2 0.925343
60.3 0.925835
60.4 0.92321
60.5 0.922767
60.6 0.92213
60.7 0.922866
60.8 0.922734
60.9 0.923043
61 0.920265
61.1 0.922446
61.2 0.923768
61.3 0.920902
61.4 0.918797
61.5 0.919842
61.6 0.92184
61.7 0.921585
61.8 0.924343
61.9 0.923083
62 0.919592
62.1 0.922597
62.2 0.920703
62.3 0.918916
62.4 0.919041
62.5 0.91874
62.6 0.916897
62.7 0.919004
62.8 0.920088
62.9 0.920669
63 0.923512
63.1 0.924292
63.2 0.92558
63.3 0.92543
63.4 0.921953
63.5 0.919715
63.6 0.919044
63.7 0.922649
63.8 0.923053
63.9 0.920911
64 0.920173
64.1 0.920258
64.2 0.921649
64.3 0.92288
64.4 0.920974
64.5 0.91594
64.6 0.916516
64.7 0.918262
64.8 0.911101
64.9 0.910745
65 0.910656
65.1 0.910238
65.2 0.912745
65.3 0.913893
65.4 0.911226
65.5 0.913765
65.6 0.910984
65.7 0.915827
65.8 0.917035
65.9 0.915957
66 0.916198
66.1 0.916927
66.2 0.915459
66.3 0.918497
66.4 0.920251
66.5 0.920474
66.6 0.918555
66.7 0.91773
66.8 0.917302
66.9 0.919569
67 0.918237
67.1 0.917605
67.2 0.918262
67.3 0.917177
67.4 0.916283
67.5 0.919121
67.6 0.918762
67.7 0.915658
67.8 0.916758
67.9 0.915731
68 0.915713
68.1 0.917672
68.2 0.917484
68.3 0.917941
68.4 0.916319
68.5 0.916762
68.6 0.916403
68.7 0.915987
68.8 0.917357
68.9 0.919512
69 0.919372
69.1 0.917232
69.2 0.918385
69.3 0.922454
69.4 0.922046
69.5 0.920189
69.6 0.917739
69.7 0.917568
69.8 0.917729
69.9 0.916514
70 0.915399
70.1 0.912253
70.2 0.916033
70.3 0.914195
70.4 0.911586
70.5 0.916312
70.6 0.916223
70.7 0.917988
70.8 0.918115
70.9 0.916294
71 0.918398
71.1 0.918799
71.2 0.917885
71.3 0.916653
71.4 0.918061
71.5 0.920192
71.6 0.921131
71.7 0.91832
71.8 0.919111
71.9 0.921357
72 0.921084
72.1 0.919019
72.2 0.922333
72.3 0.92161
72.4 0.919309
72.5 0.920702
72.6 0.919859
72.7 0.919177
72.8 0.919868
72.9 0.919457
73 0.92102
73.1 0.923415
73.2 0.924903
73.3 0.925113
73.4 0.923735
73.5 0.924789
73.6 0.923912
73.7 0.924134
73.8 0.92592
73.9 0.923743
74 0.924718
74.1 0.922399
74.2 0.920551
74.3 0.917161
74.4 0.919089
74.5 0.917815
74.6 0.919127
74.7 0.921864
74.8 0.921721
74.9 0.921965
75 0.918633
75.1 0.919178
75.2 0.921503
75.3 0.921696
75.4 0.916565
75.5 0.916852
75.6 0.916649
75.7 0.917967
75.8 0.916979
75.9 0.914248
76 0.918229
76.1 0.917841
76.2 0.916061
76.3 0.919343
76.4 0.918472
76.5 0.919182
76.6 0.917512
76.7 0.91548
76.8 0.914728
76.9 0.917633
77 0.916841
77.1 0.918003
77.2 0.915227
77.3 0.913061
77.4 0.9133
77.5 0.910799
77.6 0.913526
77.7 0.914658
77.8 0.912087
77.9 0.912462
78 0.914342
78.1 0.917344
78.2 0.917001
78.3 0.91695
78.4 0.918377
78.5 0.916868
78.6 0.92063
78.7 0.915507
78.8 0.914946
78.9 0.914535
79 0.913362
79.1 0.912532
79.2 0.916137
79.3 0.91768
79.4 0.918573
79.5 0.919104
79.6 0.923047
79.7 0.9186
79.8 0.920004
79.9 0.915408
80 0.91667
80.1 0.919298
80.2 0.921312
80.3 0.920457
80.4 0.9189
80.5 0.920529
80.6 0.922718
80.7 0.917892
80.8 0.916545
80.9 0.916536
81 0.916973
81.1 0.918917
81.2 0.916729
81.3 0.918324
81.4 0.919332
81.5 0.919672
81.6 0.919601
81.7 0.918115
81.8 0.91947
81.9 0.919962
82 0.918569
82.1 0.914251
82.2 0.915281
82.3 0.912513
82.4 0.913939
82.5 0.914967
82.6 0.918046
82.7 0.917453
82.8 0.916589
82.9 0.916337
83 0.914803
83.1 0.915607
83.2 0.915317
83.3 0.914905
83.4 0.915264
83.5 0.912823
83.6 0.912398
83.7 0.913882
83.8 0.917832
83.9 0.9173
84 0.91832
84.1 0.916656
84.2 0.916442
84.3 0.916626
84.4 0.91664
84.5 0.914407
84.6 0.917426
84.7 0.917027
84.8 0.917983
84.9 0.917633
85 0.913031
85.1 0.915174
85.2 0.917113
85.3 0.917469
85.4 0.916992
85.5 0.917746
85.6 0.917661
85.7 0.920205
85.8 0.916765
85.9 0.916995
86 0.914176
86.1 0.9173
86.2 0.916325
86.3 0.913798
86.4 0.916449
86.5 0.920718
86.6 0.918374
86.7 0.919895
86.8 0.920336
86.9 0.920326
87 0.918876
87.1 0.919459
87.2 0.919991
87.3 0.922212
87.4 0.921101
87.5 0.918907
87.6 0.919407
87.7 0.91771
87.8 0.920212
87.9 0.919983
88 0.91823
88.1 0.918734
88.2 0.91887
88.3 0.918128
88.4 0.915611
88.5 0.914728
88.6 0.917158
88.7 0.916183
88.8 0.916361
88.9 0.913189
89 0.91373
89.1 0.915333
89.2 0.917316
89.3 0.917117
89.4 0.918891
89.5 0.919343
89.6 0.921497
89.7 0.919983
89.8 0.919535
89.9 0.919264
90 0.917651
90.1 0.916225
90.2 0.912906
90.3 0.913274
90.4 0.913771
90.5 0.914292
90.6 0.914404
90.7 0.916331
90.8 0.914833
90.9 0.911841
91 0.917361
91.1 0.917228
91.2 0.919917
91.3 0.92377
91.4 0.924045
91.5 0.919381
91.6 0.916527
91.7 0.916004
91.8 0.915658
91.9 0.913207
92 0.914365
92.1 0.915394
92.2 0.916083
92.3 0.915198
92.4 0.918032
92.5 0.919511
92.6 0.920766
92.7 0.919261
92.8 0.917034
92.9 0.919534
93 0.921604
93.1 0.92011
93.2 0.918404
93.3 0.916093
93.4 0.914458
93.5 0.91435
93.6 0.916926
93.7 0.917229
93.8 0.919672
93.9 0.917575
94 0.918313
94.1 0.921514
94.2 0.920209
94.3 0.919007
94.4 0.918684
94.5 0.918496
94.6 0.916714
94.7 0.916844
94.8 0.918992
94.9 0.91967
95 0.914202
95.1 0.913954
95.2 0.913789
95.3 0.910048
95.4 0.911213
95.5 0.911832
95.6 0.910547
95.7 0.9077
95.8 0.908911
95.9 0.910931
96 0.913401
96.1 0.904861
96.2 0.907476
96.3 0.911935
96.4 0.910626
96.5 0.912714
96.6 0.914847
96.7 0.913852
96.8 0.914347
96.9 0.916256
97 0.9174
97.1 0.918779
97.2 0.919564
97.3 0.917984
97.4 0.919199
97.5 0.918667
97.6 0.920716
97.7 0.921433
97.8 0.917866
97.9 0.916265
98 0.914338
98.1 0.916546
98.2 0.916902
98.3 0.917053
98.4 0.920082
98.5 0.921736
98.6 0.918901
98.7 0.919809
98.8 0.920478
98.9 0.917178
99 0.91873
99.1 0.920566
99.2 0.920663
99.3 0.916924
99.4 0.915308
99.5 0.916322
99.6 0.917795
99.7 0.917002
99.8 0.916587
99.9 0.915215
100 0.915532
100.1 0.914638
100.2 0.91349
100.3 0.912606
100.4 0.911947
100.5 0.909961
100.6 0.916658
100.7 0.914526
100.8 0.916061
100.9 0.915037
101 0.915822
101.1 0.914038
101.2 0.915427
101.3 0.917404
101.4 0.916094
101.5 0.913253
101.6 0.911266
101.7 0.910556
101.8 0.910099
101.9 0.913161
102 0.914679
102.1 0.91364
102.2 0.915627
102.3 0.915427
102.4 0.911288
102.5 0.909636
102.6 0.912327
102.7 0.910334
102.8 0.911586
102.9 0.914427
103 0.912988
103.1 0.918096
103.2 0.920017
103.3 0.919017
103.4 0.921856
103.5 0.92531
103.6 0.921328
103.7 0.917654
103.8 0.914088
103.9 0.913633
104 0.915259
104.1 0.911639
104.2 0.914242
104.3 0.914547
104.4 0.91535
104.5 0.912009
104.6 0.912715
104.7 0.912019
104.8 0.91255
104.9 0.914274
105 0.914943
105.1 0.914627
105.2 0.917943
105.3 0.918154
105.4 0.918183
105.5 0.916806
105.6 0.920719
105.7 0.923676
105.8 0.925575
105.9 0.924881
106 0.923931
106.1 0.923474
106.2 0.923889
106.3 0.924999
106.4 0.924221
106.5 0.92393
106.6 0.925104
106.7 0.924026
106.8 0.928304
106.9 0.929827
107 0.925846
107.1 0.925315
107.2 0.924488
107.3 0.92324
107.4 0.920976
107.5 0.917651
107.6 0.91693
107.7 0.916463
107.8 0.918169
107.9 0.920949
108 0.91773
108.1 0.917622
108.2 0.919119
108.3 0.921084
108.4 0.922288
108.5 0.925617
108.6 0.924808
108.7 0.923671
108.8 0.9183
108.9 0.917912
109 0.91917
109.1 0.918289
109.2 0.919987
109.3 0.919924
109.4 0.921858
109.5 0.920754
109.6 0.921971
109.7 0.924206
109.8 0.923763
109.9 0.920989
110 0.923189
110.1 0.922944
110.2 0.916336
110.3 0.915221
110.4 0.915634
110.5 0.91512
110.6 0.91587
110.7 0.917402
110.8 0.917024
110.9 0.918809
111 0.916997
111.1 0.918505
111.2 0.920073
111.3 0.920319
111.4 0.918544
111.5 0.917215
111.6 0.917411
111.7 0.920123
111.8 0.921042
111.9 0.917359
112 0.91646
112.1 0.91637
112.2 0.914116
112.3 0.911514
112.4 0.915422
112.5 0.913236
112.6 0.911311
112.7 0.914134
112.8 0.915489
112.9 0.917638
113 0.914335
113.1 0.911482
113.2 0.90825
113.3 0.910036
113.4 0.910718
113.5 0.914363
113.6 0.916312
113.7 0.913972
113.8 0.914859
113.9 0.917032
114 0.918466
114.1 0.918088
114.2 0.917651
114.3 0.921775
114.4 0.921097
114.5 0.921482
114.6 0.918388
114.7 0.920391
114.8 0.923822
114.9 0.924361
115 0.922266
115.1 0.919528
115.2 0.92086
115.3 0.922081
115.4 0.921166
115.5 0.918874
115.6 0.916811
115.7 0.914499
115.8 0.911021
115.9 0.911265
116 0.914545
116.1 0.917215
116.2 0.917375
116.3 0.919534
116.4 0.920793
116.5 0.917052
116.6 0.916619
116.7 0.918131
116.8 0.918249
116.9 0.918782
117 0.921028
117.1 0.922092
117.2 0.922566
117.3 0.920478
117.4 0.918625
117.5 0.922043
117.6 0.921508
117.7 0.920369
117.8 0.922739
117.9 0.922397
118 0.921554
118.1 0.923381
118.2 0.91998
118.3 0.91596
118.4 0.91635
118.5 0.916907
118.6 0.917829
118.7 0.917242
118.8 0.916099
118.9 0.915426
119 0.91726
119.1 0.917581
119.2 0.917321
119.3 0.91873
119.4 0.917725
119.5 0.918308
119.6 0.919576
119.7 0.917586
119.8 0.918287
119.9 0.917674
120 0.914601
120.1 0.911816
120.2 0.913523
120.3 0.914791
120.4 0.913516
120.5 0.913343
120.6 0.91386
120.7 0.912788
120.8 0.914509
120.9 0.914366
121 0.916941
121.1 0.919552
121.2 0.912999
121.3 0.914446
121.4 0.914778
121.5 0.913076
121.6 0.917219
121.7 0.914554
121.8 0.914
121.9 0.910092
122 0.909753
122.1 0.914639
122.2 0.910791
122.3 0.911511
122.4 0.918105
122.5 0.918878
122.6 0.914512
122.7 0.912996
122.8 0.916496
122.9 0.917646
123 0.91847
123.1 0.919728
123.2 0.922437
123.3 0.923129
123.4 0.921441
123.5 0.922996
123.6 0.918482
123.7 0.919854
123.8 0.916668
123.9 0.916959
124 0.91724
124.1 0.91762
124.2 0.918009
124.3 0.917177
124.4 0.919861
124.5 0.922762
124.6 0.92183
124.7 0.921655
124.8 0.918754
124.9 0.91923
125 0.92076
125.1 0.921449
125.2 0.921059
125.3 0.922155
125.4 0.921598
125.5 0.917629
125.6 0.917339
125.7 0.916398
125.8 0.916612
125.9 0.917532
126 0.917884
126.1 0.913801
126.2 0.915141
126.3 0.916433
126.4 0.914473
126.5 0.913357
126.6 0.91438
126.7 0.913145
126.8 0.914777
126.9 0.916455
127 0.916081
127.1 0.91939
127.2 0.917765
127.3 0.919112
127.4 0.9198
127.5 0.918432
127.6 0.921582
127.7 0.920898
127.8 0.919279
127.9 0.914555
128 0.917037
128.1 0.918946
128.2 0.918868
128.3 0.917909
128.4 0.918335
128.5 0.918375
128.6 0.917351
128.7 0.915865
128.8 0.919233
128.9 0.918064
129 0.920733
129.1 0.920373
129.2 0.921003
129.3 0.921789
129.4 0.921152
129.5 0.915805
129.6 0.918265
129.7 0.914773
129.8 0.916746
129.9 0.915375
130 0.914069
130.1 0.918664
130.2 0.919049
130.3 0.921669
130.4 0.923928
130.5 0.92376
130.6 0.926609
130.7 0.924217
130.8 0.920488
130.9 0.91945
131 0.917647
131.1 0.916341
131.2 0.913659
131.3 0.916105
131.4 0.917314
131.5 0.917094
131.6 0.921554
131.7 0.922522
131.8 0.923428
131.9 0.921179
132 0.92177
132.1 0.922742
132.2 0.922107
132.3 0.920653
132.4 0.917733
132.5 0.917489
132.6 0.911194
132.7 0.907099
132.8 0.910991
132.9 0.910755
133 0.910927
133.1 0.909581
133.2 0.907913
133.3 0.909917
133.4 0.912221
133.5 0.910382
133.6 0.909639
133.7 0.904638
133.8 0.908742
133.9 0.907529
134 0.906272
134.1 0.906472
134.2 0.908556
134.3 0.908653
134.4 0.909618
134.5 0.914503
134.6 0.913301
134.7 0.913431
134.8 0.913181
134.9 0.914813
135 0.914935
135.1 0.91598
135.2 0.914711
135.3 0.914279
135.4 0.913172
135.5 0.914857
135.6 0.915489
135.7 0.91532
135.8 0.914455
135.9 0.913473
136 0.917157
136.1 0.916985
136.2 0.914564
136.3 0.917489
136.4 0.916567
136.5 0.919713
136.6 0.920037
136.7 0.923503
136.8 0.922565
136.9 0.922785
137 0.922208
137.1 0.922301
137.2 0.925022
137.3 0.923948
137.4 0.92063
137.5 0.919892
137.6 0.916289
137.7 0.91695
137.8 0.916918
137.9 0.917401
138 0.918008
138.1 0.920942
138.2 0.921076
138.3 0.919966
138.4 0.921406
138.5 0.918335
138.6 0.919208
138.7 0.919782
138.8 0.920046
138.9 0.920941
139 0.920461
139.1 0.920435
139.2 0.918236
139.3 0.917883
139.4 0.919629
139.5 0.921483
139.6 0.921169
139.7 0.92544
139.8 0.922758
139.9 0.920453
140 0.916195
140.1 0.912229
140.2 0.915815
140.3 0.914293
140.4 0.915614
140.5 0.919154
140.6 0.919128
140.7 0.920274
140.8 0.917204
140.9 0.917037
141 0.918734
141.1 0.91556
141.2 0.911329
141.3 0.909414
141.4 0.912299
141.5 0.91246
141.6 0.912543
141.7 0.913646
141.8 0.91516
141.9 0.916565
142 0.913792
142.1 0.917321
142.2 0.916117
142.3 0.914149
142.4 0.913129
142.5 0.910145
142.6 0.909933
142.7 0.911489
142.8 0.912009
142.9 0.914184
143 0.916092
143.1 0.918146
143.2 0.918712
143.3 0.916565
143.4 0.915917
143.5 0.915452
143.6 0.914956
143.7 0.916155
143.8 0.917506
143.9 0.917949
144 0.91343
144.1 0.914439
144.2 0.91562
144.3 0.917759
144.4 0.917535
144.5 0.917834
144.6 0.918797
144.7 0.920283
144.8 0.918929
144.9 0.915694
145 0.915592
145.1 0.91407
145.2 0.914116
145.3 0.913902
145.4 0.914052
145.5 0.913864
145.6 0.914743
145.7 0.91389
145.8 0.915955
145.9 0.91896
146 0.921358
146.1 0.921593
146.2 0.920047
146.3 0.921921
146.4 0.923229
146.5 0.920988
146.6 0.918527
146.7 0.919162
146.8 0.921835
146.9 0.922425
147 0.92287
147.1 0.923062
147.2 0.92108
147.3 0.92107
147.4 0.917956
147.5 0.918843
147.6 0.920286
147.7 0.919241
147.8 0.918127
147.9 0.918539
148 0.919628
148.1 0.920077
148.2 0.921448
148.3 0.919456
148.4 0.92154
148.5 0.921713
148.6 0.924603
148.7 0.922504
148.8 0.924001
148.9 0.923545
149 0.924385
149.1 0.921919
149.2 0.919605
149.3 0.92045
149.4 0.920968
149.5 0.921657
149.6 0.922979
149.7 0.915699
149.8 0.916793
149.9 0.918323
150 0.920076
150.1 0.920861
150.2 0.920288
150.3 0.919212
150.4 0.921665
150.5 0.918859
150.6 0.918085
150.7 0.917227
150.8 0.920865
150.9 0.924938
151 0.923941
151.1 0.922584
151.2 0.9182
151.3 0.917047
151.4 0.915331
151.5 0.913064
151.6 0.918301
151.7 0.918964
151.8 0.918294
151.9 0.921687
152 0.921588
152.1 0.920885
152.2 0.92084
152.3 0.920401
152.4 0.923575
152.5 0.923599
152.6 0.920844
152.7 0.923171
152.8 0.923907
152.9 0.924099
153 0.918111
153.1 0.914483
153.2 0.914053
153.3 0.918662
153.4 0.914586
153.5 0.916287
153.6 0.916659
153.7 0.915653
153.8 0.913816
153.9 0.908147
154 0.908511
154.1 0.910052
154.2 0.912873
154.3 0.913781
154.4 0.914646
154.5 0.913848
154.6 0.914303
154.7 0.912874
154.8 0.912848
154.9 0.911231
155 0.90695
155.1 0.911637
155.2 0.911159
155.3 0.910808
155.4 0.915914
155.5 0.918609
155.6 0.91755
155.7 0.92048
155.8 0.922739
155.9 0.921864
156 0.922352
156.1 0.921758
156.2 0.922061
156.3 0.922032
156.4 0.921843
156.5 0.92085
156.6 0.921631
156.7 0.921448
156.8 0.921017
156.9 0.922394
157 0.919836
157.1 0.91237
157.2 0.913164
157.3 0.910919
157.4 0.910085
157.5 0.906916
157.6 0.904699
157.7 0.91243
157.8 0.911415
157.9 0.910447
158 0.911041
158.1 0.912438
158.2 0.913408
158.3 0.915994
158.4 0.916667
158.5 0.914993
158.6 0.915767
158.7 0.916936
158.8 0.915243
158.9 0.915401
159 0.915135
159.1 0.914453
159.2 0.915585
159.3 0.916673
159.4 0.919989
159.5 0.920161
159.6 0.921412
159.7 0.920465
159.8 0.921289
159.9 0.92226
160 0.922897
160.1 0.922873
160.2 0.922569
160.3 0.923256
160.4 0.924535
160.5 0.923124
160.6 0.92228
160.7 0.917436
160.8 0.91677
160.9 0.915494
161 0.917046
161.1 0.919822
161.2 0.915015
161.3 0.917509
161.4 0.916012
161.5 0.914818
161.6 0.914386
161.7 0.91519
161.8 0.915952
161.9 0.91883
162 0.916779
162.1 0.919349
162.2 0.918598
162.3 0.920763
162.4 0.920993
162.5 0.923591
162.6 0.924459
162.7 0.923324
162.8 0.923948
162.9 0.925763
163 0.930603
163.1 0.927654
163.2 0.922966
163.3 0.919782
163.4 0.919588
163.5 0.920473
163.6 0.919528
163.7 0.920578
163.8 0.919352
163.9 0.920448
164 0.918371
164.1 0.915965
164.2 0.916369
164.3 0.914362
164.4 0.913851
164.5 0.913471
164.6 0.914662
164.7 0.915839
164.8 0.912254
164.9 0.915088
165 0.917183
165.1 0.915102
165.2 0.914577
165.3 0.917419
165.4 0.919664
165.5 0.917488
165.6 0.915275
165.7 0.916796
165.8 0.917515
165.9 0.915983
166 0.917703
166.1 0.918571
166.2 0.917249
166.3 0.915034
166.4 0.915221
166.5 0.916489
166.6 0.916583
166.7 0.916064
166.8 0.917158
166.9 0.917691
167 0.918449
167.1 0.921008
167.2 0.921098
167.3 0.919727
167.4 0.920455
167.5 0.920935
167.6 0.921997
167.7 0.918278
167.8 0.917134
167.9 0.915903
168 0.918898
168.1 0.916799
168.2 0.915612
168.3 0.915314
168.4 0.913326
168.5 0.917315
168.6 0.918177
168.7 0.919129
168.8 0.921051
168.9 0.922157
169 0.91946
169.1 0.920724
169.2 0.919147
169.3 0.914623
169.4 0.915533
169.5 0.9192
169.6 0.918477
169.7 0.918814
169.8 0.917612
169.9 0.918048
170 0.915743
170.1 0.916868
170.2 0.916005
170.3 0.917375
170.4 0.917183
170.5 0.920523
170.6 0.917916
170.7 0.916917
170.8 0.91796
170.9 0.918179
171 0.917638
171.1 0.922163
171.2 0.920095
171.3 0.921223
171.4 0.919637
171.5 0.919257
171.6 0.922098
171.7 0.924496
171.8 0.926422
171.9 0.923274
172 0.929018
172.1 0.927851
172.2 0.925342
172.3 0.925839
172.4 0.924555
172.5 0.921045
172.6 0.922606
172.7 0.924135
172.8 0.923641
172.9 0.922467
173 0.9218
173.1 0.920875
173.2 0.919753
173.3 0.916932
173.4 0.920669
173.5 0.922573
173.6 0.923883
173.7 0.926153
173.8 0.926499
173.9 0.924631
174 0.922159
174.1 0.922587
174.2 0.922458
174.3 0.920929
174.4 0.918595
174.5 0.917605
174.6 0.915055
174.7 0.917145
174.8 0.914903
174.9 0.913196
175 0.914206
175.1 0.912331
175.2 0.913918
175.3 0.914719
175.4 0.913621
175.5 0.907921
175.6 0.90902
175.7 0.908768
175.8 0.911118
175.9 0.914129
176 0.914621
176.1 0.91594
176.2 0.91793
176.3 0.9157
176.4 0.916497
176.5 0.915849
176.6 0.913356
176.7 0.915883
176.8 0.917938
176.9 0.916934
177 0.918133
177.1 0.918716
177.2 0.918308
177.3 0.918825
177.4 0.917708
177.5 0.920605
177.6 0.920838
177.7 0.921246
177.8 0.921528
177.9 0.919733
178 0.921529
178.1 0.917809
178.2 0.91766
178.3 0.912596
178.4 0.915935
178.5 0.913151
178.6 0.915677
178.7 0.916108
178.8 0.917683
178.9 0.91585
179 0.917378
179.1 0.914894
179.2 0.912302
179.3 0.909552
179.4 0.906251
179.5 0.905853
179.6 0.908421
179.7 0.908103
179.8 0.909719
179.9 0.915191
180 0.914033
180.1 0.916177
180.2 0.916286
180.3 0.915868
180.4 0.920362
180.5 0.921587
180.6 0.923025
180.7 0.921937
180.8 0.920596
180.9 0.920534
181 0.919084
181.1 0.917562
181.2 0.914869
181.3 0.913552
181.4 0.915833
181.5 0.917598
181.6 0.918728
181.7 0.919088
181.8 0.913733
181.9 0.915919
182 0.915643
182.1 0.917195
182.2 0.915298
182.3 0.914298
182.4 0.914158
182.5 0.915411
182.6 0.915299
182.7 0.917093
182.8 0.918164
182.9 0.918646
183 0.920779
183.1 0.918825
183.2 0.915574
183.3 0.9182
183.4 0.917871
183.5 0.91587
183.6 0.920481
183.7 0.920748
183.8 0.917169
183.9 0.916205
184 0.917782
184.1 0.913312
184.2 0.913938
184.3 0.915547
184.4 0.91729
184.5 0.915281
184.6 0.917956
184.7 0.91902
184.8 0.92158
184.9 0.921968
185 0.91813
185.1 0.913502
185.2 0.917188
185.3 0.916968
185.4 0.915434
185.5 0.920709
185.6 0.920525
185.7 0.92027
185.8 0.919409
185.9 0.921014
186 0.921801
186.1 0.922273
186.2 0.924603
186.3 0.921327
186.4 0.920464
186.5 0.922917
186.6 0.923818
186.7 0.925274
186.8 0.923937
186.9 0.923585
187 0.92328
187.1 0.922271
187.2 0.920799
187.3 0.92166
187.4 0.923097
187.5 0.924006
187.6 0.921528
187.7 0.922381
187.8 0.919703
187.9 0.918206
188 0.916775
188.1 0.919821
188.2 0.919393
188.3 0.919232
188.4 0.920725
188.5 0.921089
188.6 0.923479
188.7 0.920651
188.8 0.916207
188.9 0.917002
189 0.914397
189.1 0.913326
189.2 0.915277
189.3 0.913761
189.4 0.912351
189.5 0.911575
189.6 0.912947
189.7 0.914078
189.8 0.914236
189.9 0.912339
190 0.910263
190.1 0.90948
190.2 0.908962
190.3 0.906643
190.4 0.910087
190.5 0.912597
190.6 0.913385
190.7 0.916295
190.8 0.917485
190.9 0.916846
191 0.919926
191.1 0.921536
191.2 0.921501
191.3 0.924177
191.4 0.922189
191.5 0.923053
191.6 0.92214
191.7 0.924221
191.8 0.926226
191.9 0.921377
192 0.922503
192.1 0.920528
192.2 0.91942
192.3 0.913795
192.4 0.914923
192.5 0.916489
192.6 0.918776
192.7 0.918017
192.8 0.918183
192.9 0.918915
193 0.921248
193.1 0.918912
193.2 0.917556
193.3 0.918968
193.4 0.918596
193.5 0.916326
193.6 0.918457
193.7 0.918948
193.8 0.919745
193.9 0.915556
194 0.919032
194.1 0.918066
194.2 0.918299
194.3 0.918481
194.4 0.917746
194.5 0.916336
194.6 0.9187
194.7 0.918506
194.8 0.91714
194.9 0.916605
195 0.914204
195.1 0.914263
195.2 0.913197
195.3 0.914733
195.4 0.918736
195.5 0.91799
195.6 0.918913
195.7 0.920906
195.8 0.920841
195.9 0.924078
196 0.922615
196.1 0.920932
196.2 0.923021
196.3 0.924696
196.4 0.924803
196.5 0.925748
196.6 0.925039
196.7 0.924686
196.8 0.924147
196.9 0.924469
197 0.927392
197.1 0.924508
197.2 0.921487
197.3 0.920712
197.4 0.919847
197.5 0.920647
197.6 0.914405
197.7 0.915797
197.8 0.919099
197.9 0.920893
198 0.919815
198.1 0.924242
198.2 0.923589
198.3 0.919775
198.4 0.916622
198.5 0.918558
198.6 0.919327
198.7 0.915768
198.8 0.916476
198.9 0.918901
199 0.917314
199.1 0.917269
199.2 0.914532
199.3 0.910988
199.4 0.911171
199.5 0.912066
199.6 0.912564
199.7 0.91475
199.8 0.917531
199.9 0.918824
200 0.917953
200.1 0.917646
200.2 0.91743
200.3 0.919636
200.4 0.918848
200.5 0.917058
200.6 0.916393
200.7 0.922237
200.8 0.925302
200.9 0.923794
201 0.923155
201.1 0.92092
201.2 0.921018
201.3 0.91948
201.4 0.918507
201.5 0.920339
201.6 0.923084
201.7 0.920841
201.8 0.919693
201.9 0.921579
202 0.919948
202.1 0.916534
202.2 0.919193
202.3 0.921826
202.4 0.920719
202.5 0.922563
202.6 0.920727
202.7 0.919035
202.8 0.922755
202.9 0.922742
203 0.925866
203.1 0.923902
203.2 0.923319
203.3 0.924899
203.4 0.920263
203.5 0.923778
203.6 0.92304
203.7 0.924497
203.8 0.922594
203.9 0.919565
204 0.91994
204.1 0.920365
204.2 0.920245
204.3 0.917617
204.4 0.914347
204.5 0.916743
204.6 0.920419
204.7 0.914778
204.8 0.913623
204.9 0.907729
205 0.910845
205.1 0.911924
205.2 0.91626
205.3 0.912269
205.4 0.911621
205.5 0.910222
205.6 0.910008
205.7 0.91063
205.8 0.909494
205.9 0.911551
206 0.913696
206.1 0.913751
206.2 0.913475
206.3 0.915185
206.4 0.919117
206.5 0.917787
206.6 0.915047
206.7 0.915146
206.8 0.917691
206.9 0.919994
207 0.921703
207.1 0.922223
207.2 0.922361
207.3 0.919704
207.4 0.921881
207.5 0.92562
207.6 0.923682
207.7 0.92652
207.8 0.923764
207.9 0.920495
208 0.921009
208.1 0.918375
208.2 0.919085
208.3 0.918901
208.4 0.920051
208.5 0.92181
208.6 0.920385
208.7 0.921963
208.8 0.922659
208.9 0.922794
209 0.924725
209.1 0.92627
209.2 0.928065
209.3 0.924176
209.4 0.924381
209.5 0.924726
209.6 0.923831
209.7 0.921923
209.8 0.918576
209.9 0.919331
210 0.920238
210.1 0.918021
210.2 0.918666
210.3 0.91534
210.4 0.917829
210.5 0.915974
210.6 0.915476
210.7 0.917932
210.8 0.918258
210.9 0.916252
211 0.916767
211.1 0.915017
211.2 0.915781
211.3 0.9194
211.4 0.920181
211.5 0.920939
211.6 0.923365
211.7 0.925191
211.8 0.919831
211.9 0.923166
212 0.923292
212.1 0.92282
212.2 0.924792
212.3 0.92819
212.4 0.928949
212.5 0.926297
212.6 0.924995
212.7 0.923967
212.8 0.926486
212.9 0.924946
213 0.923341
213.1 0.921101
213.2 0.916807
213.3 0.917068
213.4 0.916535
213.5 0.915798
213.6 0.913314
213.7 0.912764
213.8 0.915522
213.9 0.918884
214 0.918921
214.1 0.919102
214.2 0.920499
214.3 0.920766
214.4 0.92255
214.5 0.925283
214.6 0.926161
214.7 0.923829
214.8 0.917664
214.9 0.919993
215 0.921135
215.1 0.919003
215.2 0.923077
215.3 0.920597
215.4 0.916392
215.5 0.918929
215.6 0.920972
215.7 0.92193
215.8 0.922412
215.9 0.920087
216 0.921762
216.1 0.920867
216.2 0.916498
216.3 0.916291
216.4 0.917946
216.5 0.916394
216.6 0.91718
216.7 0.918775
216.8 0.916732
216.9 0.916237
217 0.915425
217.1 0.917148
217.2 0.915281
217.3 0.914074
217.4 0.913354
217.5 0.913546
217.6 0.917119
217.7 0.915077
217.8 0.9153
217.9 0.917045
218 0.918213
218.1 0.916818
218.2 0.91874
218.3 0.917675
218.4 0.919426
218.5 0.921457
218.6 0.921861
218.7 0.921519
218.8 0.923133
218.9 0.920871
219 0.916454
219.1 0.913862
219.2 0.913179
219.3 0.917815
219.4 0.916114
219.5 0.915161
219.6 0.914464
219.7 0.918757
219.8 0.919424
219.9 0.914047
220 0.91519
220.1 0.918748
220.2 0.918733
220.3 0.916915
220.4 0.917334
220.5 0.918179
220.6 0.917623
220.7 0.919124
220.8 0.917207
220.9 0.918524
221 0.919248
221.1 0.918292
221.2 0.918514
221.3 0.919496
221.4 0.921921
221.5 0.922667
221.6 0.925112
221.7 0.92387
221.8 0.921168
221.9 0.918608
222 0.916104
222.1 0.914278
222.2 0.913428
222.3 0.911089
222.4 0.911402
222.5 0.911503
222.6 0.910059
222.7 0.911476
222.8 0.912406
222.9 0.913407
223 0.913694
223.1 0.915844
223.2 0.915259
223.3 0.917968
223.4 0.920789
223.5 0.922335
223.6 0.922749
223.7 0.922198
223.8 0.923555
223.9 0.922819
224 0.925831
224.1 0.924441
224.2 0.925488
224.3 0.924995
224.4 0.922142
224.5 0.923282
224.6 0.925084
224.7 0.927314
224.8 0.92801
224.9 0.928705
225 0.92865
225.1 0.927632
225.2 0.924919
225.3 0.925005
225.4 0.925197
225.5 0.926507
225.6 0.924042
225.7 0.925147
225.8 0.922341
225.9 0.91936
226 0.918643
226.1 0.917388
226.2 0.920932
226.3 0.922069
226.4 0.922558
226.5 0.923999
226.6 0.926344
226.7 0.922298
226.8 0.922404
226.9 0.919739
227 0.916213
227.1 0.916678
227.2 0.918332
227.3 0.921385
227.4 0.920989
227.5 0.918498
227.6 0.918959
227.7 0.919894
227.8 0.921416
227.9 0.922839
228 0.922635
228.1 0.922728
228.2 0.921403
228.3 0.922454
228.4 0.919855
228.5 0.919441
228.6 0.922101
228.7 0.921399
228.8 0.917853
228.9 0.917518
229 0.915822
229.1 0.919059
229.2 0.920081
229.3 0.91888
229.4 0.919519
229.5 0.919165
229.6 0.918917
229.7 0.915861
229.8 0.911792
229.9 0.905557
230 0.908196
230.1 0.912259
230.2 0.913664
230.3 0.916625
230.4 0.918107
230.5 0.920802
230.6 0.923166
230.7 0.924479
230.8 0.923798
230.9 0.924411
231 0.921311
231.1 0.922433
231.2 0.92432
231.3 0.924269
231.4 0.923888
231.5 0.922683
231.6 0.923488
231.7 0.920262
231.8 0.918718
231.9 0.916473
232 0.919215
232.1 0.915065
232.2 0.916743
232.3 0.913058
232.4 0.912123
232.5 0.909693
232.6 0.91227
232.7 0.912342
232.8 0.913066
232.9 0.916608
233 0.916308
233.1 0.916777
233.2 0.915791
233.3 0.914491
233.4 0.913643
233.5 0.911757
233.6 0.908912
233.7 0.91124
233.8 0.909812
233.9 0.910502
234 0.907212
234.1 0.91131
234.2 0.915785
234.3 0.916107
234.4 0.916369
234.5 0.915712
234.6 0.917081
234.7 0.916265
234.8 0.918209
234.9 0.921162
235 0.92375
235.1 0.924678
235.2 0.92523
235.3 0.922439
235.4 0.918504
235.5 0.918408
235.6 0.917495
235.7 0.916899
235.8 0.914653
235.9 0.915084
236 0.915141
236.1 0.915372
236.2 0.914258
236.3 0.914434
236.4 0.91452
236.5 0.91164
236.6 0.910201
236.7 0.912913
236.8 0.915316
236.9 0.919607
237 0.919294
237.1 0.917
237.2 0.916873
237.3 0.914254
237.4 0.916628
237.5 0.91889
237.6 0.91822
237.7 0.920589
237.8 0.920741
237.9 0.917691
238 0.917694
238.1 0.915338
238.2 0.915287
238.3 0.915229
238.4 0.914209
238.5 0.9146
238.6 0.915877
238.7 0.914473
238.8 0.914315
238.9 0.916033
239 0.914735
239.1 0.917688
239.2 0.916344
239.3 0.91274
239.4 0.912734
239.5 0.912192
239.6 0.910612
239.7 0.90908
239.8 0.910467
239.9 0.91144
240 0.913675
240.1 0.915574
240.2 0.914374
240.3 0.914566
240.4 0.913577
240.5 0.911741
240.6 0.913223
240.7 0.915277
240.8 0.916958
240.9 0.916075
241 0.916254
241.1 0.915626
241.2 0.918765
241.3 0.917669
241.4 0.920274
241.5 0.921821
241.6 0.922217
241.7 0.923721
241.8 0.924518
241.9 0.923365
242 0.920933
242.1 0.922757
242.2 0.922643
242.3 0.922165
242.4 0.922526
242.5 0.923116
242.6 0.91781
242.7 0.916653
242.8 0.917671
242.9 0.915581
243 0.9171
243.1 0.918622
243.2 0.919502
243.3 0.914583
243.4 0.916726
243.5 0.918433
243.6 0.920209
243.7 0.918916
243.8 0.919983
243.9 0.920561
244 0.921063
244.1 0.920062
244.2 0.922208
244.3 0.921477
244.4 0.922363
244.5 0.920003
244.6 0.921371
244.7 0.923423
244.8 0.925711
244.9 0.925721
245 0.922663
245.1 0.922394
245.2 0.921264
245.3 0.923617
245.4 0.922059
245.5 0.921334
245.6 0.916734
245.7 0.919606
245.8 0.918962
245.9 0.91943
246 0.91978
246.1 0.920552
246.2 0.919045
246.3 0.920151
246.4 0.920974
246.5 0.921106
246.6 0.920977
246.7 0.920856
246.8 0.923058
246.9 0.922614
247 0.918925
247.1 0.917046
247.2 0.917486
247.3 0.920552
247.4 0.91807
247.5 0.918678
247.6 0.919715
247.7 0.918125
247.8 0.917615
247.9 0.918925
248 0.917575
248.1 0.91852
248.2 0.919465
248.3 0.918223
248.4 0.918952
248.5 0.918595
248.6 0.92143
248.7 0.923657
248.8 0.92191
248.9 0.921958
249 0.923759
249.1 0.922849
249.2 0.921645
249.3 0.922204
249.4 0.921964
249.5 0.92134
249.6 0.920964
249.7 0.921046
249.8 0.924449
249.9 0.923309
250 0.924275
250.1 0.923285
250.2 0.920236
250.3 0.916524
250.4 0.920958
250.5 0.923401
250.6 0.923312
250.7 0.922251
250.8 0.919491
250.9 0.920309
251 0.924245
251.1 0.923125
251.2 0.926095
251.3 0.923553
251.4 0.920227
251.5 0.922645
251.6 0.921656
251.7 0.922405
251.8 0.92133
251.9 0.920097
252 0.92302
252.1 0.922015
252.2 0.918777
252.3 0.921412
252.4 0.919154
252.5 0.921012
252.6 0.921946
252.7 0.920651
252.8 0.922459
252.9 0.925343
253 0.926429
253.1 0.923274
253.2 0.9225
253.3 0.924323
253.4 0.92239
253.5 0.9248
253.6 0.924954
253.7 0.925632
253.8 0.923426
253.9 0.920162
254 0.92237
254.1 0.921303
254.2 0.924717
254.3 0.922431
254.4 0.921854
254.5 0.920579
254.6 0.920522
254.7 0.921264
254.8 0.921116
254.9 0.921446
255 0.921619
255.1 0.923052
255.2 0.925488
255.3 0.922005
255.4 0.921802
255.5 0.915897
255.6 0.917628
255.7 0.919863
255.8 0.919623
255.9 0.919293
256 0.916133
256.1 0.915934
256.2 0.912479
256.3 0.91455
256.4 0.914395
256.5 0.914107
256.6 0.915875
256.7 0.917299
256.8 0.917028
256.9 0.919488
257 0.919448
257.1 0.919275
257.2 0.918591
257.3 0.916224
257.4 0.917026
257.5 0.915989
257.6 0.915068
257.7 0.916789
257.8 0.916656
257.9 0.92089
258 0.920186
258.1 0.919691
258.2 0.918367
258.3 0.921658
258.4 0.924059
258.5 0.923059
258.6 0.919899
258.7 0.921381
258.8 0.921084
258.9 0.919261
259 0.918513
259.1 0.921893
259.2 0.925227
259.3 0.92649
259.4 0.927415
259.5 0.924405
259.6 0.924342
259.7 0.922127
259.8 0.921821
259.9 0.919497
260 0.920503
260.1 0.922436
260.2 0.920379
260.3 0.919198
260.4 0.921396
260.5 0.918078
260.6 0.918635
260.7 0.919467
260.8 0.921621
260.9 0.921646
261 0.921745
261.1 0.922062
261.2 0.92293
261.3 0.922273
261.4 0.920156
261.5 0.917089
261.6 0.916322
261.7 0.916478
261.8 0.918682
261.9 0.918514
262 0.916211
262.1 0.91823
262.2 0.920761
262.3 0.920646
262.4 0.921175
262.5 0.921253
262.6 0.921413
262.7 0.921979
262.8 0.923873
262.9 0.92253
263 0.922284
263.1 0.920816
263.2 0.921228
263.3 0.92067
263.4 0.921628
263.5 0.920321
263.6 0.918948
263.7 0.91784
263.8 0.918015
263.9 0.916681
264 0.918736
264.1 0.920006
264.2 0.921612
264.3 0.918469
264.4 0.918283
264.5 0.919595
264.6 0.916946
264.7 0.917405
264.8 0.922845
264.9 0.920055
265 0.917731
265.1 0.915001
265.2 0.916933
265.3 0.918228
265.4 0.919793
265.5 0.922701
265.6 0.920888
265.7 0.917311
265.8 0.920232
265.9 0.923112
266 0.921281
266.1 0.919922
266.2 0.918729
266.3 0.92108
266.4 0.921958
266.5 0.920402
266.6 0.919923
266.7 0.917244
266.8 0.914732
266.9 0.916095
267 0.916438
267.1 0.920438
267.2 0.921594
267.3 0.923247
267.4 0.921657
267.5 0.92076
267.6 0.917276
267.7 0.918319
267.8 0.916648
267.9 0.919857
268 0.917921
268.1 0.915754
268.2 0.910018
268.3 0.912546
268.4 0.911694
268.5 0.914231
268.6 0.914132
268.7 0.918401
268.8 0.918905
268.9 0.919882
269 0.92081
269.1 0.919056
269.2 0.922352
269.3 0.91903
269.4 0.92049
269.5 0.916939
269.6 0.91903
269.7 0.916728
269.8 0.917288
269.9 0.917092
270 0.918371
270.1 0.920724
270.2 0.921169
270.3 0.922867
270.4 0.923608
270.5 0.925619
270.6 0.925499
270.7 0.925518
270.8 0.925374
270.9 0.923569
271 0.92472
271.1 0.924257
271.2 0.921929
271.3 0.920801
271.4 0.918059
271.5 0.920488
271.6 0.917502
271.7 0.916548
271.8 0.918393
271.9 0.920518
272 0.921681
272.1 0.921901
272.2 0.919955
272.3 0.920425
272.4 0.924045
272.5 0.925621
272.6 0.923161
272.7 0.921594
272.8 0.919419
272.9 0.919323
273 0.919258
273.1 0.918674
273.2 0.916062
273.3 0.919367
273.4 0.920326
273.5 0.920228
273.6 0.921125
273.7 0.91891
273.8 0.918805
273.9 0.916226
274 0.92054
274.1 0.92093
274.2 0.92102
274.3 0.918879
274.4 0.920557
274.5 0.919337
274.6 0.91736
274.7 0.914412
274.8 0.915202
274.9 0.917821
275 0.91715
275.1 0.910928
275.2 0.912891
275.3 0.911133
275.4 0.910084
275.5 0.90743
275.6 0.90902
275.7 0.910502
275.8 0.908558
275.9 0.909463
276 0.913542
276.1 0.916926
276.2 0.919182
276.3 0.919393
276.4 0.919386
276.5 0.919951
276.6 0.917937
276.7 0.921254
276.8 0.919133
276.9 0.915538
277 0.916263
277.1 0.912799
277.2 0.913673
277.3 0.910842
277.4 0.910407
277.5 0.911556
277.6 0.909963
277.7 0.911744
277.8 0.915036
277.9 0.911294
278 0.910706
278.1 0.91142
278.2 0.914412
278.3 0.914176
278.4 0.917061
278.5 0.915506
278.6 0.912078
278.7 0.913374
278.8 0.913193
278.9 0.91066
279 0.90931
279.1 0.912186
279.2 0.912871
279.3 0.914955
279.4 0.913991
279.5 0.917058
279.6 0.912818
279.7 0.912774
279.8 0.913514
279.9 0.917737
280 0.912843
280.1 0.913974
280.2 0.911648
280.3 0.910474
280.4 0.909267
280.5 0.911485
280.6 0.913118
280.7 0.912531
280.8 0.91591
280.9 0.918686
281 0.917987
281.1 0.918295
281.2 0.918232
281.3 0.920271
281.4 0.920833
281.5 0.921983
281.6 0.919123
281.7 0.920209
281.8 0.917974
281.9 0.919051
282 0.913137
282.1 0.917328
282.2 0.918068
282.3 0.919624
282.4 0.924506
282.5 0.923186
282.6 0.922217
282.7 0.92166
282.8 0.921755
282.9 0.919447
283 0.917358
283.1 0.917446
283.2 0.916103
283.3 0.917761
283.4 0.921382
283.5 0.918575
283.6 0.918222
283.7 0.918492
283.8 0.913946
283.9 0.914171
284 0.912598
284.1 0.915021
284.2 0.919406
284.3 0.920878
284.4 0.91773
284.5 0.92073
284.6 0.918095
284.7 0.915644
284.8 0.919276
284.9 0.91957
285 0.917759
285.1 0.915906
285.2 0.916323
285.3 0.916617
285.4 0.914175
285.5 0.914127
285.6 0.913618
285.7 0.916655
285.8 0.916447
285.9 0.918227
286 0.919183
286.1 0.914649
286.2 0.917193
286.3 0.919437
286.4 0.919315
286.5 0.918855
286.6 0.919113
286.7 0.916975
286.8 0.916485
286.9 0.915149
287 0.914144
287.1 0.916574
287.2 0.917198
287.3 0.920231
287.4 0.920334
287.5 0.919179
287.6 0.918715
287.7 0.920482
287.8 0.918956
287.9 0.914646
288 0.912452
288.1 0.908094
288.2 0.90935
288.3 0.914074
288.4 0.916791
288.5 0.913528
288.6 0.916825
288.7 0.918738
288.8 0.921182
288.9 0.923258
289 0.922671
289.1 0.918895
289.2 0.920111
289.3 0.925031
289.4 0.923375
289.5 0.919561
289.6 0.922325
289.7 0.923236
289.8 0.920364
289.9 0.91648
290 0.918804
290.1 0.918661
290.2 0.918066
290.3 0.919526
290.4 0.920594
290.5 0.920624
290.6 0.920898
290.7 0.921353
290.8 0.919146
290.9 0.920431
291 0.915877
291.1 0.917653
291.2 0.917425
291.3 0.916623
291.4 0.914528
291.5 0.916023
291.6 0.914797
291.7 0.917592
291.8 0.91632
291.9 0.915683
292 0.915529
292.1 0.919243
292.2 0.917588
292.3 0.916754
292.4 0.917015
292.5 0.91945
292.6 0.918178
292.7 0.919815
292.8 0.92015
292.9 0.919397
293 0.918025
293.1 0.918918
293.2 0.917932
293.3 0.918394
293.4 0.920739
293.5 0.920647
293.6 0.92318
293.7 0.917221
293.8 0.913072
293.9 0.914679
294 0.918141
294.1 0.917749
294.2 0.920277
294.3 0.921516
294.4 0.916207
294.5 0.917355
294.6 0.916958
294.7 0.913838
294.8 0.917001
294.9 0.91622
295 0.918285
295.1 0.918928
295.2 0.918115
295.3 0.92078
295.4 0.919531
295.5 0.919322
295.6 0.920708
295.7 0.915867
295.8 0.915614
295.9 0.917409
296 0.91946
296.1 0.921115
296.2 0.922209
296.3 0.922931
296.4 0.921121
296.5 0.922276
296.6 0.919016
296.7 0.91825
296.8 0.919003
296.9 0.920541
297 0.924066
297.1 0.926207
297.2 0.92518
297.3 0.924117
297.4 0.920563
297.5 0.921861
297.6 0.922201
297.7 0.919672
297.8 0.920316
297.9 0.919249
298 0.919673
298.1 0.922282
298.2 0.921077
298.3 0.920989
298.4 0.921195
298.5 0.920802
298.6 0.925031
298.7 0.921555
298.8 0.919465
298.9 0.919959
299 0.921452
299.1 0.919653
299.2 0.920434
299.3 0.922576
299.4 0.918779
299.5 0.918035
299.6 0.917433
299.7 0.911381
299.8 0.914257
299.9 0.914131
300 0.917068
300.1 0.921051
300.2 0.922729
300.3 0.923361
300.4 0.922864
300.5 0.921995
300.6 0.923094
300.7 0.922449
300.8 0.921832
300.9 0.923608
301 0.926601
301.1 0.928241
301.2 0.925498
301.3 0.925631
301.4 0.923605
301.5 0.927634
301.6 0.923478
301.7 0.920522
301.8 0.919796
301.9 0.921992
302 0.919763
302.1 0.921178
302.2 0.923379
302.3 0.919987
302.4 0.918505
302.5 0.922314
302.6 0.921003
302.7 0.919462
302.8 0.919682
302.9 0.920748
303 0.918225
303.1 0.919602
303.2 0.919146
303.3 0.916809
303.4 0.919609
303.5 0.919267
303.6 0.919187
303.7 0.918901
303.8 0.92126
303.9 0.921982
304 0.921238
304.1 0.924026
304.2 0.924328
304.3 0.928926
304.4 0.930193
304.5 0.928035
304.6 0.926574
304.7 0.925294
304.8 0.924265
304.9 0.924116
305 0.922563
305.1 0.926692
305.2 0.925108
305.3 0.923207
305.4 0.923135
305.5 0.924329
305.6 0.920794
305.7 0.918717
305.8 0.916227
305.9 0.919532
306 0.919567
306.1 0.920365
306.2 0.9213
306.3 0.919928
306.4 0.918507
306.5 0.918695
306.6 0.918708
306.7 0.917974
306.8 0.911577
306.9 0.910665
307 0.912792
307.1 0.913138
307.2 0.911591
307.3 0.912839
307.4 0.912948
307.5 0.909258
307.6 0.909758
307.7 0.908008
307.8 0.909157
307.9 0.90918
308 0.911804
308.1 0.915443
308.2 0.913802
308.3 0.91592
308.4 0.91465
308.5 0.920234
308.6 0.918842
308.7 0.919062
308.8 0.922276
308.9 0.924037
309 0.926532
309.1 0.926918
309.2 0.925138
309.3 0.92364
309.4 0.925206
309.5 0.924326
309.6 0.920311
309.7 0.917877
309.8 0.919042
309.9 0.917458
310 0.917416
310.1 0.917117
310.2 0.916624
310.3 0.918226
310.4 0.918815
310.5 0.91915
310.6 0.917116
310.7 0.916022
310.8 0.913111
310.9 0.913953
311 0.917407
311.1 0.91643
311.2 0.914575
311.3 0.915741
311.4 0.917695
311.5 0.916486
311.6 0.912671
311.7 0.915997
311.8 0.919188
311.9 0.920638
312 0.922751
312.1 0.923077
312.2 0.918818
312.3 0.916686
312.4 0.917182
312.5 0.917519
312.6 0.917078
312.7 0.918008
312.8 0.914722
312.9 0.919093
313 0.922153
313.1 0.92372
313.2 0.926425
313.3 0.927382
313.4 0.927274
313.5 0.925666
313.6 0.924833
313.7 0.926295
313.8 0.926101
313.9 0.92365
314 0.920593
314.1 0.920798
314.2 0.921751
314.3 0.921224
314.4 0.920644
314.5 0.923344
314.6 0.923794
314.7 0.923468
314.8 0.924532
314.9 0.922658
315 0.922531
315.1 0.923316
315.2 0.924639
315.3 0.92315
315.4 0.923331
315.5 0.923815
315.6 0.922743
315.7 0.925613
315.8 0.925605
315.9 0.9266
316 0.925471
316.1 0.926427
316.2 0.92595
316.3 0.925502
316.4 0.923723
316.5 0.923353
316.6 0.92428
316.7 0.920937
316.8 0.923201
316.9 0.921978
317 0.92009
317.1 0.92118
317.2 0.921196
317.3 0.922316
317.4 0.922488
317.5 0.923886
317.6 0.924478
317.7 0.927369
317.8 0.92719
317.9 0.925466
318 0.920608
318.1 0.919591
318.2 0.920576
318.3 0.916911
318.4 0.916464
318.5 0.916851
318.6 0.916693
318.7 0.914725
318.8 0.912928
318.9 0.912296
319 0.911204
319.1 0.915037
319.2 0.917907
319.3 0.913815
319.4 0.916711
319.5 0.91755
319.6 0.914334
319.7 0.918567
319.8 0.920747
319.9 0.91847
320 0.915556
320.1 0.91696
320.2 0.919623
320.3 0.918805
320.4 0.914626
320.5 0.914349
320.6 0.913635
320.7 0.915694
320.8 0.914899
320.9 0.918392
321 0.917323
321.1 0.914462
321.2 0.916787
321.3 0.916895
321.4 0.918841
321.5 0.916379
321.6 0.917674
321.7 0.919016
321.8 0.919782
321.9 0.922222
322 0.919494
322.1 0.919295
322.2 0.919644
322.3 0.923458
322.4 0.921255
322.5 0.920522
322.6 0.921523
322.7 0.920681
322.8 0.922041
322.9 0.922428
323 0.921661
323.1 0.919181
323.2 0.918525
323.3 0.918325
323.4 0.917493
323.5 0.919203
323.6 0.914666
323.7 0.916141
323.8 0.916082
323.9 0.913137
324 0.91771
324.1 0.9183
324.2 0.918432
324.3 0.917581
324.4 0.917315
324.5 0.916706
324.6 0.916247
324.7 0.918143
324.8 0.922711
324.9 0.921166
325 0.918291
325.1 0.916935
325.2 0.916014
325.3 0.916114
325.4 0.916672
325.5 0.914785
325.6 0.919393
325.7 0.921802
325.8 0.922432
325.9 0.923914
326 0.92775
326.1 0.9254
326.2 0.929073
326.3 0.927725
326.4 0.924854
326.5 0.926726
326.6 0.927533
326.7 0.925264
326.8 0.927478
326.9 0.928442
327 0.928784
327.1 0.926234
327.2 0.927747
327.3 0.927985
327.4 0.92631
327.5 0.929737
327.6 0.928112
327.7 0.9267
327.8 0.926684
327.9 0.927128
328 0.922937
328.1 0.9245
328.2 0.924532
328.3 0.920536
328.4 0.920713
328.5 0.923049
328.6 0.923574
328.7 0.921798
328.8 0.919162
328.9 0.920623
329 0.919802
329.1 0.922833
329.2 0.919588
329.3 0.920475
329.4 0.918713
329.5 0.920966
329.6 0.921654
329.7 0.922128
329.8 0.922835
329.9 0.924213
330 0.924144
330.1 0.92145
330.2 0.921326
330.3 0.922969
330.4 0.920001
330.5 0.921592
330.6 0.920279
330.7 0.921442
330.8 0.921716
330.9 0.92042
331 0.921088
331.1 0.920759
331.2 0.917186
331.3 0.918643
331.4 0.92162
331.5 0.919532
331.6 0.920106
331.7 0.919825
331.8 0.918423
331.9 0.916496
332 0.917996
332.1 0.91423
332.2 0.91663
332.3 0.917389
332.4 0.919327
332.5 0.916995
332.6 0.918123
332.7 0.917624
332.8 0.916744
332.9 0.913537
333 0.906658
333.1 0.909508
333.2 0.906388
333.3 0.904557
333.4 0.907083
333.5 0.908301
333.6 0.909818
333.7 0.909707
333.8 0.911407
333.9 0.91143
334 0.914122
334.1 0.915948
334.2 0.919414
334.3 0.921124
334.4 0.920902
334.5 0.917361
334.6 0.919743
334.7 0.924284
334.8 0.922993
334.9 0.920089
335 0.92194
335.1 0.922265
335.2 0.918941
335.3 0.920184
335.4 0.914217
335.5 0.917123
335.6 0.917543
335.7 0.916798
335.8 0.917427
335.9 0.9183
336 0.919444
336.1 0.917502
336.2 0.919878
336.3 0.918842
336.4 0.914187
336.5 0.913993
336.6 0.917037
336.7 0.917189
336.8 0.916444
336.9 0.915247
337 0.912775
337.1 0.911564
337.2 0.911205
337.3 0.912338
337.4 0.913406
337.5 0.914083
337.6 0.916681
337.7 0.92079
337.8 0.920054
337.9 0.921466
338 0.918517
338.1 0.91696
338.2 0.916883
338.3 0.923116
338.4 0.920239
338.5 0.919223
338.6 0.917417
338.7 0.915947
338.8 0.917606
338.9 0.919055
339 0.916241
339.1 0.915
339.2 0.915884
339.3 0.913954
339.4 0.913513
339.5 0.912766
339.6 0.915389
339.7 0.914464
339.8 0.917507
339.9 0.915181
340 0.91327
340.1 0.914847
340.2 0.916511
340.3 0.91803
340.4 0.915477
340.5 0.916296
340.6 0.917244
340.7 0.915387
340.8 0.91789
340.9 0.920156
341 0.922061
341.1 0.922034
341.2 0.922067
341.3 0.920764
341.4 0.921118
341.5 0.917865
341.6 0.91831
341.7 0.91329
341.8 0.912594
341.9 0.91335
342 0.91339
342.1 0.911428
342.2 0.911729
342.3 0.910884
342.4 0.910926
342.5 0.913162
342.6 0.912508
342.7 0.914035
342.8 0.912261
342.9 0.910736
343 0.912534
343.1 0.917434
343.2 0.916702
343.3 0.91435
343.4 0.913297
343.5 0.914589
343.6 0.912715
343.7 0.914692
343.8 0.91174
343.9 0.912283
344 0.908566
344.1 0.907088
344.2 0.904899
344.3 0.904665
344.4 0.907533
344.5 0.911749
344.6 0.911588
344.7 0.911113
344.8 0.909371
344.9 0.907573
345 0.907756
345.1 0.905772
345.2 0.909804
345.3 0.909487
345.4 0.90427
345.5 0.90543
345.6 0.905701
345.7 0.905634
345.8 0.907799
345.9 0.908877
346 0.908544
346.1 0.907255
346.2 0.908316
346.3 0.913353
346.4 0.916059
346.5 0.915994
346.6 0.912436
346.7 0.91432
346.8 0.913205
346.9 0.912092
347 0.912859
347.1 0.908549
347.2 0.907205
347.3 0.907669
347.4 0.910154
347.5 0.910561
347.6 0.915346
347.7 0.914027
347.8 0.914171
347.9 0.915511
348 0.916145
348.1 0.914178
348.2 0.918059
348.3 0.918332
348.4 0.91896
348.5 0.92445
348.6 0.922489
348.7 0.921571
348.8 0.925146
348.9 0.922488
349 0.921714
349.1 0.923415
349.2 0.9214
349.3 0.920817
349.4 0.921744
349.5 0.922821
349.6 0.922703
349.7 0.922723
349.8 0.922395
349.9 0.92289
350 0.918055
350.1 0.912873
350.2 0.918307
350.3 0.91348
350.4 0.916708
350.5 0.915302
350.6 0.912371
350.7 0.913581
350.8 0.914349
350.9 0.917134
351 0.919802
351.1 0.918886
351.2 0.918981
351.3 0.915384
351.4 0.919282
351.5 0.920393
351.6 0.920186
351.7 0.922496
351.8 0.918851
351.9 0.920321
352 0.920967
352.1 0.919127
352.2 0.919682
352.3 0.921202
352.4 0.919794
352.5 0.92136
352.6 0.916082
352.7 0.91086
352.8 0.91183
352.9 0.909785
353 0.910886
353.1 0.905181
353.2 0.908962
353.3 0.907715
353.4 0.9105
353.5 0.911467
353.6 0.910643
353.7 0.912757
353.8 0.911874
353.9 0.912951
354 0.908714
354.1 0.911503
354.2 0.91336
354.3 0.911675
354.4 0.914924
354.5 0.914879
354.6 0.918669
354.7 0.911707
354.8 0.911303
354.9 0.915322
355 0.918389
355.1 0.920835
355.2 0.920055
355.3 0.91866
355.4 0.921051
355.5 0.921061
355.6 0.918502
355.7 0.916943
355.8 0.911811
355.9 0.909537
356 0.90921
356.1 0.91111
356.2 0.909225
356.3 0.909416
356.4 0.912745
356.5 0.914838
356.6 0.913124
356.7 0.913541
356.8 0.913951
356.9 0.915961
357 0.91652
357.1 0.919848
357.2 0.922554
357.3 0.923093
357.4 0.924001
357.5 0.923693
357.6 0.922806
357.7 0.926527
357.8 0.921001
357.9 0.921169
358 0.918839
358.1 0.920267
358.2 0.920472
358.3 0.920054
358.4 0.922315
358.5 0.922417
358.6 0.918209
358.7 0.918579
358.8 0.917667
358.9 0.914612
359 0.914089
359.1 0.913654
359.2 0.913291
359.3 0.915552
359.4 0.915893
359.5 0.913715
359.6 0.913832
359.7 0.91502
359.8 0.913308
359.9 0.915178
360 0.916575
360.1 0.917162
360.2 0.915471
360.3 0.917751
360.4 0.919207
360.5 0.918445
360.6 0.91967
360.7 0.919237
360.8 0.919718
360.9 0.918782
361 0.917446
361.1 0.918389
361.2 0.919409
361.3 0.917119
361.4 0.918253
361.5 0.917697
361.6 0.918494
361.7 0.919544
361.8 0.919398
361.9 0.920052
362 0.919059
362.1 0.915793
362.2 0.915695
362.3 0.918271
362.4 0.919922
362.5 0.918802
362.6 0.919659
362.7 0.919623
362.8 0.919106
362.9 0.919503
363 0.922056
363.1 0.921409
363.2 0.914736
363.3 0.915128
363.4 0.918125
363.5 0.919947
363.6 0.922321
363.7 0.921883
363.8 0.922321
363.9 0.921669
364 0.921395
364.1 0.923
364.2 0.920802
364.3 0.91943
364.4 0.918636
364.5 0.918943
364.6 0.917805
364.7 0.918337
364.8 0.917294
364.9 0.910487
365 0.911309
365.1 0.915902
365.2 0.916537
365.3 0.913635
365.4 0.913744
365.5 0.913059
365.6 0.916287
365.7 0.912799
365.8 0.915193
365.9 0.915893
366 0.915985
366.1 0.916707
366.2 0.915814
366.3 0.916008
366.4 0.917228
366.5 0.9169
366.6 0.916714
366.7 0.91661
366.8 0.918715
366.9 0.915083
367 0.915317
367.1 0.913256
367.2 0.912043
367.3 0.911992
367.4 0.9149
367.5 0.916169
367.6 0.914605
367.7 0.909646
367.8 0.912355
367.9 0.914551
368 0.914585
368.1 0.91603
368.2 0.916493
368.3 0.914375
368.4 0.918327
368.5 0.916943
368.6 0.92124
368.7 0.923833
368.8 0.92117
368.9 0.919132
369 0.920915
369.1 0.921937
369.2 0.924891
369.3 0.920695
369.4 0.919794
369.5 0.916308
369.6 0.916788
369.7 0.918269
369.8 0.913361
369.9 0.912869
370 0.913939
370.1 0.915832
370.2 0.915352
370.3 0.916658
370.4 0.91831
370.5 0.918685
370.6 0.91603
370.7 0.917428
370.8 0.91615
370.9 0.91585
371 0.916124
371.1 0.916437
371.2 0.916728
371.3 0.912868
371.4 0.911833
371.5 0.909069
371.6 0.906582
371.7 0.905606
371.8 0.909198
371.9 0.910509
372 0.91279
372.1 0.911995
372.2 0.914732
372.3 0.91289
372.4 0.914386
372.5 0.907212
372.6 0.909368
372.7 0.911359
372.8 0.907357
372.9 0.909066
373 0.910407
373.1 0.914565
373.2 0.916092
373.3 0.920179
373.4 0.922812
373.5 0.921464
373.6 0.925395
373.7 0.925102
373.8 0.926016
373.9 0.925374
374 0.926054
374.1 0.924892
374.2 0.925843
374.3 0.923233
374.4 0.921546
374.5 0.920931
374.6 0.916869
374.7 0.917043
374.8 0.918494
374.9 0.914512
375 0.913345
375.1 0.912621
375.2 0.911569
375.3 0.912265
375.4 0.910656
375.5 0.911766
375.6 0.909581
375.7 0.908066
375.8 0.909997
375.9 0.910702
376 0.915642
376.1 0.916473
376.2 0.914923
376.3 0.912835
376.4 0.908058
376.5 0.906921
376.6 0.906592
376.7 0.904699
376.8 0.90739
376.9 0.911234
377 0.91286
377.1 0.912932
377.2 0.915462
377.3 0.913938
377.4 0.913671
377.5 0.916711
377.6 0.916627
377.7 0.915299
377.8 0.917383
377.9 0.914939
378 0.91666
378.1 0.917801
378.2 0.918814
378.3 0.919669
378.4 0.917684
378.5 0.917715
378.6 0.918414
378.7 0.920001
378.8 0.918904
378.9 0.919161
379 0.920283
379.1 0.920102
379.2 0.914921
379.3 0.919865
379.4 0.918734
379.5 0.919357
379.6 0.921671
379.7 0.923705
379.8 0.924287
379.9 0.923198
380 0.921547
380.1 0.919324
380.2 0.912282
380.3 0.910639
380.4 0.913739
380.5 0.913905
380.6 0.916295
380.7 0.916535
380.8 0.917536
380.9 0.916123
381 0.918493
381.1 0.922467
381.2 0.921583
381.3 0.918003
381.4 0.91806
381.5 0.918219
381.6 0.912607
381.7 0.914516
381.8 0.912725
381.9 0.913133
382 0.915747
382.1 0.916383
382.2 0.919513
382.3 0.920841
382.4 0.919234
382.5 0.919551
382.6 0.916789
382.7 0.91296
382.8 0.915429
382.9 0.915345
383 0.914772
383.1 0.913399
383.2 0.914181
383.3 0.9117
383.4 0.90844
383.5 0.911154
383.6 0.912432
383.7 0.913308
383.8 0.914953
383.9 0.914838
384 0.917707
384.1 0.919786
384.2 0.919922
384.3 0.918366
384.4 0.917619
384.5 0.915739
384.6 0.916768
384.7 0.9153
384.8 0.917636
384.9 0.917823
385 0.917604
385.1 0.918516
385.2 0.917226
385.3 0.916662
385.4 0.917085
385.5 0.918681
385.6 0.914891
385.7 0.921315
385.8 0.920132
385.9 0.924239
386 0.921326
386.1 0.922301
386.2 0.92507
386.3 0.925748
386.4 0.922867
386.5 0.92528
386.6 0.925759
386.7 0.926356
386.8 0.928071
386.9 0.928204
387 0.923338
387.1 0.923317
387.2 0.92107
387.3 0.921218
387.4 0.924186
387.5 0.918416
387.6 0.918324
387.7 0.918353
387.8 0.918287
387.9 0.918885
388 0.917083
388.1 0.918839
388.2 0.921659
388.3 0.91959
388.4 0.919193
388.5 0.921475
388.6 0.919591
388.7 0.922395
388.8 0.91901
388.9 0.91913
389 0.919273
389.1 0.916544
389.2 0.914873
389.3 0.91531
389.4 0.91449
389.5 0.921114
389.6 0.916536
389.7 0.918321
389.8 0.917876
389.9 0.918083
390 0.918256
390.1 0.918446
390.2 0.91976
390.3 0.918089
390.4 0.916833
390.5 0.917178
390.6 0.918373
390.7 0.921479
390.8 0.921146
390.9 0.922878
391 0.921841
391.1 0.92083
391.2 0.921387
391.3 0.92101
391.4 0.921172
391.5 0.922512
391.6 0.921545
391.7 0.922262
391.8 0.924586
391.9 0.923277
392 0.922897
392.1 0.918783
392.2 0.920312
392.3 0.921826
392.4 0.924112
392.5 0.924447
392.6 0.925511
392.7 0.926198
392.8 0.922305
392.9 0.920522
393 0.920269
393.1 0.921356
393.2 0.924971
393.3 0.927153
393.4 0.928317
393.5 0.92824
393.6 0.926318
393.7 0.922287
393.8 0.922332
393.9 0.921752
394 0.91925
394.1 0.913706
394.2 0.912102
394.3 0.913737
394.4 0.91346
394.5 0.909812
394.6 0.914297
394.7 0.915458
394.8 0.915176
394.9 0.914044
395 0.913027
395.1 0.910938
395.2 0.910928
395.3 0.913135
395.4 0.912877
395.5 0.912243
395.6 0.913535
395.7 0.914364
395.8 0.913601
395.9 0.91843
396 0.917394
396.1 0.913882
396.2 0.915772
396.3 0.915869
396.4 0.918534
396.5 0.91717
396.6 0.914178
396.7 0.915251
396.8 0.914838
396.9 0.913537
397 0.911635
397.1 0.914519
397.2 0.913123
397.3 0.91466
397.4 0.912536
397.5 0.914524
397.6 0.917671
397.7 0.918215
397.8 0.923036
397.9 0.925353
398 0.923656
398.1 0.923638
398.2 0.919862
398.3 0.921436
398.4 0.919886
398.5 0.918653
398.6 0.916474
398.7 0.916564
398.8 0.918099
398.9 0.91968
399 0.921305
399.1 0.922685
399.2 0.919093
399.3 0.917844
399.4 0.91695
399.5 0.916778
399.6 0.916717
399.7 0.919959
399.8 0.920702
399.9 0.918096
400 0.918851
400.1 0.91693
400.2 0.915939
400.3 0.91545
400.4 0.91491
400.5 0.916611
400.6 0.916126
400.7 0.916731
400.8 0.919584
400.9 0.916258
401 0.91509
401.1 0.918514
401.2 0.919103
401.3 0.91973
401.4 0.920813
401.5 0.921176
401.6 0.9218
401.7 0.917219
401.8 0.916247
401.9 0.916143
402 0.914891
402.1 0.912993
402.2 0.913062
402.3 0.914227
402.4 0.917139
402.5 0.914884
402.6 0.914956
402.7 0.916051
402.8 0.917069
402.9 0.913823
403 0.91279
403.1 0.914849
403.2 0.913694
403.3 0.915509
403.4 0.915414
403.5 0.915396
403.6 0.917388
403.7 0.91909
403.8 0.919557
403.9 0.917992
404 0.915855
404.1 0.916016
404.2 0.915549
404.3 0.914398
404.4 0.91384
404.5 0.911714
404.6 0.909472
404.7 0.909809
404.8 0.912013
404.9 0.913156
405 0.912272
405.1 0.913427
405.2 0.914038
405.3 0.908826
405.4 0.907414
405.5 0.911885
405.6 0.907358
405.7 0.91053
405.8 0.91203
405.9 0.912746
406 0.915921
406.1 0.917921
406.2 0.918527
406.3 0.918256
406.4 0.917083
406.5 0.916032
406.6 0.919692
406.7 0.918339
406.8 0.918366
406.9 0.918021
407 0.919557
407.1 0.915727
407.2 0.91664
407.3 0.915873
407.4 0.92127
407.5 0.922345
407.6 0.922479
407.7 0.919569
407.8 0.920101
407.9 0.919564
408 0.918166
408.1 0.918683
408.2 0.918815
408.3 0.917093
408.4 0.918442
408.5 0.919134
408.6 0.920289
408.7 0.919885
408.8 0.918347
408.9 0.919349
409 0.919231
409.1 0.918835
409.2 0.917347
409.3 0.916714
409.4 0.917068
409.5 0.91656
409.6 0.91706
409.7 0.916854
409.8 0.917071
409.9 0.9155
410 0.915266
410.1 0.916077
410.2 0.916426
410.3 0.913189
410.4 0.912725
410.5 0.91666
410.6 0.917027
410.7 0.919793
410.8 0.91941
410.9 0.918294
411 0.915285
411.1 0.916209
411.2 0.916715
411.3 0.916944
411.4 0.917742
411.5 0.918105
411.6 0.918109
411.7 0.919371
411.8 0.917382
411.9 0.917753
412 0.921824
412.1 0.920215
412.2 0.916196
412.3 0.914346
412.4 0.917445
412.5 0.913433
412.6 0.917532
412.7 0.919914
412.8 0.920104
412.9 0.917512
413 0.916331
413.1 0.911431
413.2 0.917821
413.3 0.920717
413.4 0.920178
413.5 0.92018
413.6 0.923496
413.7 0.923834
413.8 0.925186
413.9 0.923999
414 0.927422
414.1 0.928295
414.2 0.927785
414.3 0.924561
414.4 0.927091
414.5 0.92708
414.6 0.930108
414.7 0.926693
414.8 0.924359
414.9 0.925197
415 0.922892
415.1 0.922026
415.2 0.922676
415.3 0.921025
415.4 0.92319
415.5 0.92244
415.6 0.918816
415.7 0.916291
415.8 0.916223
415.9 0.914117
416 0.916151
416.1 0.914456
416.2 0.906942
416.3 0.91004
416.4 0.910864
416.5 0.909531
416.6 0.91352
416.7 0.915401
416.8 0.916274
416.9 0.916701
417 0.917229
417.1 0.914852
417.2 0.913417
417.3 0.915555
417.4 0.917268
417.5 0.917179
417.6 0.911158
417.7 0.910702
417.8 0.906435
417.9 0.90633
418 0.909896
418.1 0.908115
418.2 0.908565
418.3 0.91091
418.4 0.913647
418.5 0.913166
418.6 0.913618
418.7 0.909918
418.8 0.906502
418.9 0.910158
419 0.908783
419.1 0.911676
419.2 0.915503
419.3 0.913622
419.4 0.916809
419.5 0.912807
419.6 0.912169
419.7 0.911792
419.8 0.910788
419.9 0.909567
420 0.910911
420.1 0.911013
420.2 0.911453
420.3 0.91166
420.4 0.913305
420.5 0.91335
420.6 0.914033
420.7 0.910448
420.8 0.914939
420.9 0.915334
421 0.918494
421.1 0.91809
421.2 0.917208
421.3 0.917369
421.4 0.920375
421.5 0.920714
421.6 0.918371
421.7 0.914748
421.8 0.912245
421.9 0.912807
422 0.913619
422.1 0.913148
422.2 0.915318
422.3 0.915032
422.4 0.917533
422.5 0.919707
422.6 0.91807
422.7 0.919402
422.8 0.91997
422.9 0.919358
423 0.919989
423.1 0.917723
423.2 0.920755
423.3 0.920218
423.4 0.918266
423.5 0.921066
423.6 0.922254
423.7 0.924021
423.8 0.921895
423.9 0.922596
424 0.923444
424.1 0.922869
424.2 0.925416
424.3 0.921755
424.4 0.915491
424.5 0.919608
424.6 0.917888
424.7 0.915633
424.8 0.919007
424.9 0.919965
425 0.920672
425.1 0.921974
425.2 0.922753
425.3 0.918427
425.4 0.917307
425.5 0.918243
425.6 0.917309
425.7 0.915794
425.8 0.911231
425.9 0.91098
426 0.913561
426.1 0.911731
426.2 0.912355
426.3 0.91227
426.4 0.91239
426.5 0.914018
426.6 0.916875
426.7 0.919121
426.8 0.915999
426.9 0.916271
427 0.912842
427.1 0.914768
427.2 0.916341
427.3 0.917017
427.4 0.914852
427.5 0.915464
427.6 0.916346
427.7 0.916971
427.8 0.919679
427.9 0.921525
428 0.919152
428.1 0.918485
428.2 0.915812
428.3 0.918181
428.4 0.917383
428.5 0.916521
428.6 0.916815
428.7 0.915893
428.8 0.916192
428.9 0.918157
429 0.917533
429.1 0.917178
429.2 0.919412
429.3 0.922618
429.4 0.91763
429.5 0.920409
429.6 0.91765
429.7 0.917311
429.8 0.913725
429.9 0.913693
430 0.913745
430.1 0.915959
430.2 0.918009
430.3 0.915335
430.4 0.915425
430.5 0.919158
430.6 0.918561
430.7 0.918155
430.8 0.919272
430.9 0.923
431 0.918326
431.1 0.919294
431.2 0.918729
431.3 0.915892
431.4 0.920004
431.5 0.918227
431.6 0.916109
431.7 0.915141
431.8 0.912105
431.9 0.913935
432 0.912222
432.1 0.914859
432.2 0.915028
432.3 0.913523
432.4 0.914119
432.5 0.91616
432.6 0.916562
432.7 0.918465
432.8 0.923028
432.9 0.924232
433 0.925384
433.1 0.92232
433.2 0.919242
433.3 0.919518
433.4 0.917847
433.5 0.9203
433.6 0.915662
433.7 0.920099
433.8 0.92144
433.9 0.921035
434 0.921442
434.1 0.920322
434.2 0.921002
434.3 0.919751
434.4 0.923423
434.5 0.923097
434.6 0.920305
434.7 0.919918
434.8 0.919964
434.9 0.921279
435 0.919389
435.1 0.915989
435.2 0.916084
435.3 0.915318
435.4 0.917302
435.5 0.918835
435.6 0.919437
435.7 0.919131
435.8 0.918248
435.9 0.915871
436 0.917844
436.1 0.918724
436.2 0.919977
436.3 0.921288
436.4 0.919427
436.5 0.920371
436.6 0.921017
436.7 0.92332
436.8 0.92361
436.9 0.923084
437 0.920077
437.1 0.91926
437.2 0.921311
437.3 0.920409
437.4 0.924755
437.5 0.924463
437.6 0.923688
437.7 0.923944
437.8 0.923781
437.9 0.920395
438 0.916099
438.1 0.913139
438.2 0.915213
438.3 0.909172
438.4 0.910998
438.5 0.915108
438.6 0.916593
438.7 0.916509
438.8 0.916556
438.9 0.915646
439 0.914124
439.1 0.91485
439.2 0.91513
439.3 0.916671
439.4 0.917117
439.5 0.918526
439.6 0.917134
439.7 0.91578
439.8 0.917769
439.9 0.917971
440 0.919429
440.1 0.919156
440.2 0.920282
440.3 0.919126
440.4 0.920654
440.5 0.916211
440.6 0.915462
440.7 0.914289
440.8 0.917775
440.9 0.915628
441 0.911594
441.1 0.912529
441.2 0.913864
441.3 0.915563
441.4 0.913447
441.5 0.915418
441.6 0.912527
441.7 0.908661
441.8 0.908569
441.9 0.912032
442 0.906158
442.1 0.905854
442.2 0.908507
442.3 0.909246
442.4 0.90989
442.5 0.912562
442.6 0.913067
442.7 0.915388
442.8 0.91654
442.9 0.916277
443 0.913182
443.1 0.915947
443.2 0.914835
443.3 0.915008
443.4 0.916848
443.5 0.914879
443.6 0.918644
443.7 0.919311
443.8 0.918718
443.9 0.922538
444 0.921226
444.1 0.918999
444.2 0.915165
444.3 0.91786
444.4 0.919059
444.5 0.921008
444.6 0.921685
444.7 0.918821
444.8 0.918208
444.9 0.915591
445 0.913831
445.1 0.910775
445.2 0.912217
445.3 0.911716
445.4 0.913673
445.5 0.912221
445.6 0.911319
445.7 0.913589
445.8 0.91722
445.9 0.91785
446 0.921868
446.1 0.925058
446.2 0.922179
446.3 0.923091
446.4 0.923252
446.5 0.92211
446.6 0.925969
446.7 0.920895
446.8 0.921206
446.9 0.921874
447 0.923262
447.1 0.921639
447.2 0.921398
447.3 0.920405
447.4 0.920626
447.5 0.920643
447.6 0.918818
447.7 0.918952
447.8 0.921143
447.9 0.919216
448 0.919154
448.1 0.918706
448.2 0.913908
448.3 0.913901
448.4 0.914643
448.5 0.914943
448.6 0.914684
448.7 0.913159
448.8 0.912668
448.9 0.91235
449 0.913795
449.1 0.912179
449.2 0.914771
449.3 0.913389
449.4 0.912404
449.5 0.91338
449.6 0.911764
449.7 0.913975
449.8 0.915143
449.9 0.91431
450 0.915268
450.1 0.917344
450.2 0.919781
450.3 0.920415
450.4 0.920622
450.5 0.921013
450.6 0.918523
450.7 0.918923
450.8 0.916976
450.9 0.920532
451 0.920378
451.1 0.922388
451.2 0.92356
451.3 0.922307
451.4 0.919292
451.5 0.918338
451.6 0.917725
451.7 0.919372
451.8 0.920489
451.9 0.918123
452 0.918218
452.1 0.916781
452.2 0.915079
452.3 0.913948
452.4 0.916414
452.5 0.915534
452.6 0.912113
452.7 0.912764
452.8 0.914953
452.9 0.917046
453 0.91618
453.1 0.915425
453.2 0.913594
453.3 0.915677
453.4 0.917845
453.5 0.915928
453.6 0.919952
453.7 0.91845
453.8 0.917572
453.9 0.917469
454 0.917555
454.1 0.913061
454.2 0.915029
454.3 0.914894
454.4 0.916284
454.5 0.917625
454.6 0.918064
454.7 0.918808
454.8 0.919147
454.9 0.917152
455 0.920538
455.1 0.919638
455.2 0.918018
455.3 0.914606
455.4 0.919122
455.5 0.91708
455.6 0.918909
455.7 0.921713
455.8 0.92241
455.9 0.927472
456 0.926829
456.1 0.926145
456.2 0.922426
456.3 0.925602
456.4 0.925196
456.5 0.927548
456.6 0.9294
456.7 0.929448
456.8 0.927434
456.9 0.92524
457 0.924317
457.1 0.925533
457.2 0.924775
457.3 0.923579
457.4 0.920985
457.5 0.919739
457.6 0.918933
457.7 0.920401
457.8 0.918544
457.9 0.91853
458 0.915843
458.1 0.91574
458.2 0.914633
458.3 0.913591
458.4 0.91445
458.5 0.917405
458.6 0.918779
458.7 0.913694
458.8 0.911114
458.9 0.913147
459 0.916916
459.1 0.919306
459.2 0.920992
459.3 0.918638
459.4 0.91736
459.5 0.918805
459.6 0.919013
459.7 0.918491
459.8 0.92112
459.9 0.911324
460 0.91568
460.1 0.915439
460.2 0.91058
460.3 0.909625
460.4 0.914267
460.5 0.915319
460.6 0.916648
460.7 0.914683
460.8 0.915313
460.9 0.917137
461 0.91664
461.1 0.914805
461.2 0.916387
461.3 0.919164
461.4 0.917721
461.5 0.919141
461.6 0.919939
461.7 0.920494
461.8 0.922304
461.9 0.921825
462 0.920773
462.1 0.922043
462.2 0.920462
462.3 0.922221
462.4 0.924592
462.5 0.923649
462.6 0.924629
462.7 0.926899
462.8 0.925816
462.9 0.925996
463 0.924556
463.1 0.922799
463.2 0.923895
463.3 0.92314
463.4 0.924284
463.5 0.926006
463.6 0.924833
463.7 0.924699
463.8 0.923199
463.9 0.927284
464 0.923742
464.1 0.920833
464.2 0.917824
464.3 0.917796
464.4 0.912355
464.5 0.917859
464.6 0.9188
464.7 0.916341
464.8 0.916949
464.9 0.91694
465 0.917338
465.1 0.920054
465.2 0.918646
465.3 0.92152
465.4 0.921945
465.5 0.921134
465.6 0.92411
465.7 0.922952
465.8 0.924314
465.9 0.92117
466 0.920604
466.1 0.919452
466.2 0.919028
466.3 0.920061
466.4 0.92068
466.5 0.921092
466.6 0.921988
466.7 0.918186
466.8 0.919777
466.9 0.91973
467 0.920917
467.1 0.919155
467.2 0.918257
467.3 0.919081
467.4 0.918587
467.5 0.916393
467.6 0.918306
467.7 0.918887
467.8 0.915056
467.9 0.91592
468 0.915444
468.1 0.914722
468.2 0.915067
468.3 0.916935
468.4 0.917727
468.5 0.920642
468.6 0.922819
468.7 0.921088
468.8 0.922656
468.9 0.922776
469 0.918317
469.1 0.918365
469.2 0.918313
469.3 0.919451
469.4 0.917484
469.5 0.915156
469.6 0.913434
469.7 0.9154
469.8 0.913811
469.9 0.915416
470 0.916774
470.1 0.916688
470.2 0.919269
470.3 0.920907
470.4 0.921966
470.5 0.921835
470.6 0.921256
470.7 0.925387
470.8 0.922417
470.9 0.920364
471 0.920268
471.1 0.920346
471.2 0.919844
471.3 0.919935
471.4 0.921764
471.5 0.920698
471.6 0.920096
471.7 0.918289
471.8 0.918656
471.9 0.914625
472 0.911756
472.1 0.914563
472.2 0.916776
472.3 0.916431
472.4 0.915223
472.5 0.915424
472.6 0.915162
472.7 0.916382
472.8 0.91713
472.9 0.919311
473 0.920555
473.1 0.922037
473.2 0.917784
473.3 0.918051
473.4 0.917548
473.5 0.917181
473.6 0.912583
473.7 0.912951
473.8 0.91378
473.9 0.91687
474 0.916923
474.1 0.914683
474.2 0.915166
474.3 0.913336
474.4 0.915553
474.5 0.915432
474.6 0.913482
474.7 0.917135
474.8 0.914848
474.9 0.913178
475 0.915366
475.1 0.916012
475.2 0.916579
475.3 0.911247
475.4 0.917828
475.5 0.917395
475.6 0.915061
475.7 0.914055
475.8 0.916597
475.9 0.918998
476 0.915568
476.1 0.915257
476.2 0.914132
476.3 0.913305
476.4 0.915198
476.5 0.9181
476.6 0.916868
476.7 0.917068
476.8 0.917842
476.9 0.919789
477 0.91997
477.1 0.924695
477.2 0.925616
477.3 0.924326
477.4 0.923713
477.5 0.927127
477.6 0.927226
477.7 0.927819
477.8 0.924703
477.9 0.922848
478 0.924524
478.1 0.921602
478.2 0.921332
478.3 0.921537
478.4 0.92406
478.5 0.927712
478.6 0.929636
478.7 0.92657
478.8 0.923235
478.9 0.923691
479 0.921762
479.1 0.92022
479.2 0.923147
479.3 0.923062
479.4 0.920364
479.5 0.918548
479.6 0.919327
479.7 0.92179
479.8 0.918864
479.9 0.918912
480 0.919611
480.1 0.919131
480.2 0.920587
480.3 0.920012
480.4 0.914874
480.5 0.916719
480.6 0.916019
480.7 0.915534
480.8 0.916727
480.9 0.920042
481 0.92058
481.1 0.919512
481.2 0.917763
481.3 0.917743
481.4 0.91969
481.5 0.920416
481.6 0.921726
481.7 0.920742
481.8 0.9195
481.9 0.915657
482 0.917012
482.1 0.915641
482.2 0.918438
482.3 0.918511
482.4 0.91968
482.5 0.919712
482.6 0.920187
482.7 0.914819
482.8 0.914786
482.9 0.90882
483 0.907934
483.1 0.911758
483.2 0.908692
483.3 0.908562
483.4 0.906129
483.5 0.906196
483.6 0.910147
483.7 0.91112
483.8 0.909152
483.9 0.914135
484 0.91564
484.1 0.915575
484.2 0.916553
484.3 0.91465
484.4 0.915398
484.5 0.915211
484.6 0.915542
484.7 0.914106
484.8 0.915435
484.9 0.919907
485 0.921983
485.1 0.92031
485.2 0.920047
485.3 0.923216
485.4 0.922571
485.5 0.922462
485.6 0.923521
485.7 0.921112
485.8 0.9233
485.9 0.925615
486 0.92547
486.1 0.924072
486.2 0.924527
486.3 0.921527
486.4 0.919777
486.5 0.919524
486.6 0.920932
486.7 0.921757
486.8 0.921366
486.9 0.919971
487 0.919995
487.1 0.9194
487.2 0.91901
487.3 0.918916
487.4 0.921654
487.5 0.91726
487.6 0.919834
487.7 0.920424
487.8 0.920423
487.9 0.921781
488 0.921752
488.1 0.920642
488.2 0.921205
488.3 0.924182
488.4 0.927794
488.5 0.927114
488.6 0.926773
488.7 0.924428
488.8 0.922929
488.9 0.922498
489 0.918629
489.1 0.915432
489.2 0.914889
489.3 0.920339
489.4 0.917625
489.5 0.917152
489.6 0.91597
489.7 0.918807
489.8 0.921678
489.9 0.92125
490 0.920967
490.1 0.918546
490.2 0.921048
490.3 0.921434
490.4 0.919297
490.5 0.921779
490.6 0.921745
490.7 0.925988
490.8 0.922388
490.9 0.919462
491 0.915235
491.1 0.914736
491.2 0.918235
491.3 0.919455
491.4 0.919659
491.5 0.919924
491.6 0.919946
491.7 0.920945
491.8 0.920528
491.9 0.918746
492 0.918938
492.1 0.919086
492.2 0.920324
492.3 0.920694
492.4 0.917676
492.5 0.918564
492.6 0.919768
492.7 0.917292
492.8 0.916365
492.9 0.915094
493 0.914424
493.1 0.915991
493.2 0.917514
493.3 0.917657
493.4 0.918052
493.5 0.920818
493.6 0.919375
493.7 0.920883
493.8 0.921959
493.9 0.920853
494 0.917283
494.1 0.919082
494.2 0.917902
494.3 0.916746
494.4 0.915859
494.5 0.914256
494.6 0.915305
494.7 0.917168
494.8 0.918274
494.9 0.918074
495 0.916203
495.1 0.915719
495.2 0.912657
495.3 0.913044
495.4 0.913751
495.5 0.916155
495.6 0.919215
495.7 0.91938
495.8 0.922091
495.9 0.923526
496 0.923422
496.1 0.922507
496.2 0.921988
496.3 0.922849
496.4 0.921784
496.5 0.915318
496.6 0.918991
496.7 0.917249
496.8 0.916681
496.9 0.916494
497 0.912454
497.1 0.91846
497.2 0.919825
497.3 0.920235
497.4 0.922808
497.5 0.919657
497.6 0.919377
497.7 0.923509
497.8 0.924107
497.9 0.923137
498 0.925279
498.1 0.927188
498.2 0.927608
498.3 0.927174
498.4 0.925974
498.5 0.929129
498.6 0.928131
498.7 0.925313
498.8 0.924894
498.9 0.926123
499 0.923555
499.1 0.919678
499.2 0.917534
499.3 0.917366
499.4 0.915982
499.5 0.914221
499.6 0.914349
499.7 0.912487
499.8 0.915924
499.9 0.923214
