0 0.0248428
0.1 0.0250352
0.2 0.0290173
0.3 0.0400099
0.4 0.0485951
0.5 0.0468465
0.6 0.0482097
0.7 0.0564986
0.8 0.0689359
0.9 0.0747434
1 0.074241
1.1 0.0845127
1.2 0.0896227
1.3 0.0953628
1.4 0.103265
1.5 0.107099
1.6 0.118376
1.7 0.118623
1.8 0.132927
1.9 0.141633
2 0.151789
2.1 0.160176
2.2 0.1741
2.3 0.17601
2.4 0.176517
2.5 0.183469
2.6 0.194709
2.7 0.206067
2.8 0.220721
2.9 0.22927
3 0.238125
3.1 0.249506
3.2 0.25943
3.3 0.264838
3.4 0.27798
3.5 0.289428
3.6 0.302582
3.7 0.307328
3.8 0.324656
3.9 0.345352
4 0.355101
4.1 0.368081
4.2 0.382093
4.3 0.398534
4.4 0.412616
4.5 0.423897
4.6 0.442459
4.7 0.450373
4.8 0.462162
4.9 0.470809
5 0.480446
5.1 0.496115
5.2 0.502034
5.3 0.507247
5.4 0.51138
5.5 0.525286
5.6 0.535492
5.7 0.549807
5.8 0.562039
5.9 0.564375
6 0.573861
6.1 0.58245
6.2 0.588375
6.3 0.602854
6.4 0.611275
6.5 0.622031
6.6 0.626813
6.7 0.630741
6.8 0.639404
6.9 0.641922
7 0.652013
7.1 0.664915
7.2 0.66658
7.3 0.670788
7.4 0.679456
7.5 0.688415
7.6 0.69327
7.7 0.697051
7.8 0.704336
7.9 0.710772
8 0.71888
8.1 0.726107
8.2 0.735885
8.3 0.737767
8.4 0.743128
8.5 0.746196
8.6 0.752537
8.7 0.75806
8.8 0.764059
8.9 0.767032
9 0.771758
9.1 0.772968
9.2 0.776385
9.3 0.78301
9.4 0.786724
9.5 0.792834
9.6 0.799027
9.7 0.801284
9.8 0.805023
9.9 0.806893
10 0.810651
10.1 0.815363
10.2 0.824418
10.3 0.82738
10.4 0.834787
10.5 0.837646
10.6 0.838433
10.7 0.844892
10.8 0.844389
10.9 0.846569
11 0.85005
11.1 0.85761
11.2 0.860157
11.3 0.860294
11.4 0.8662
11.5 0.872179
11.6 0.873251
11.7 0.873908
11.8 0.877901
11.9 0.879472
12 0.883362
12.1 0.883569
12.2 0.88678
12.3 0.890436
12.4 0.893649
12.5 0.897377
12.6 0.900959
12.7 0.902756
12.8 0.904675
12.9 0.905619
13 0.908725
13.1 0.906675
13.2 0.905119
13.3 0.910734
13.4 0.911468
13.5 0.911536
13.6 0.913423
13.7 0.9165
13.8 0.917087
13.9 0.916137
14 0.91684
14.1 0.916319
14.2 0.917678
14.3 0.918119
14.4 0.918973
14.5 0.920837
14.6 0.919928
14.7 0.917781
14.8 0.918633
14.9 0.916436
15 0.915515
15.1 0.915638
15.2 0.91407
15.3 0.912285
15.4 0.911553
15.5 0.914807
15.6 0.916683
15.7 0.922033
15.8 0.926995
15.9 0.92665
16 0.928748
16.1 0.930683
16.2 0.930688
16.3 0.929571
16.4 0.929338
16.5 0.92858
16.6 0.929445
16.7 0.929582
16.8 0.931329
16.9 0.934711
17 0.935124
17.1 0.935939
17.2 0.936366
17.3 0.938769
17.4 0.939889
17.5 0.939256
17.6 0.936321
17.7 0.937547
17.8 0.935638
17.9 0.935085
18 0.932661
18.1 0.933649
18.2 0.936441
18.3 0.936624
18.4 0.936382
18.5 0.937689
18.6 0.939828
18.7 0.938023
18.8 0.938129
18.9 0.939875
19 0.938469
19.1 0.937425
19.2 0.937164
19.3 0.937405
19.4 0.941224
19.5 0.943475
19.6 0.945182
19.7 0.946183
19.8 0.944559
19.9 0.944099
20 0.943791
20.1 0.945135
20.2 0.9434
20.3 0.945101
20.4 0.943699
20.5 0.942998
20.6 0.943034
20.7 0.940252
20.8 0.938473
20.9 0.936899
21 0.937388
21.1 0.937295
21.2 0.93734
21.3 0.938014
21.4 0.935863
21.5 0.937575
21.6 0.938127
21.7 0.93581
21.8 0.93419
21.9 0.933911
22 0.935576
22.1 0.934232
22.2 0.931335
22.3 0.933088
22.4 0.934691
22.5 0.937095
22.6 0.939122
22.7 0.937531
22.8 0.937687
22.9 0.938046
23 0.938039
23.1 0.935614
23.2 0.939237
23.3 0.938733
23.4 0.936496
23.5 0.933974
23.6 0.933164
23.7 0.931759
23.8 0.930093
23.9 0.930149
24 0.930031
24.1 0.932118
24.2 0.930631
24.3 0.929513
24.4 0.92969
24.5 0.930947
24.6 0.929366
24.7 0.929753
24.8 0.926858
24.9 0.924507
25 0.924129
25.1 0.924049
25.2 0.925535
25.3 0.926739
25.4 0.926892
25.5 0.925617
25.6 0.924028
25.7 0.921578
25.8 0.922226
25.9 0.919374
26 0.919588
26.1 0.917552
26.2 0.916923
26.3 0.917391
26.4 0.918321
26.5 0.921383
26.6 0.923096
26.7 0.924337
26.8 0.922516
26.9 0.920894
27 0.91955
27.1 0.917607
27.2 0.919014
27.3 0.917644
27.4 0.918884
27.5 0.919014
27.6 0.918456
27.7 0.918973
27.8 0.919172
27.9 0.922313
28 0.925413
28.1 0.925371
28.2 0.924699
28.3 0.925844
28.4 0.924417
28.5 0.92418
28.6 0.925096
28.7 0.926791
28.8 0.924701
28.9 0.922872
29 0.921374
29.1 0.918779
29.2 0.921285
29.3 0.922644
29.4 0.918081
29.5 0.915941
29.6 0.917431
29.7 0.916478
29.8 0.914056
29.9 0.912686
30 0.912841
30.1 0.908774
30.2 0.908776
30.3 0.90904
30.4 0.909076
30.5 0.910587
30.6 0.914354
30.7 0.913151
30.8 0.917905
30.9 0.914719
31 0.915301
31.1 0.91645
31.2 0.919408
31.3 0.918888
31.4 0.918441
31.5 0.921692
31.6 0.923605
31.7 0.923995
31.8 0.921749
31.9 0.917131
32 0.91601
32.1 0.917088
32.2 0.917013
32.3 0.917325
32.4 0.918334
32.5 0.917933
32.6 0.920656
32.7 0.92156
32.8 0.921359
32.9 0.921487
33 0.921683
33.1 0.924121
33.2 0.920669
33.3 0.922357
33.4 0.92616
33.5 0.928465
33.6 0.924794
33.7 0.925993
33.8 0.930223
33.9 0.930501
34 0.932171
34.1 0.933323
34.2 0.931045
34.3 0.929911
34.4 0.928802
34.5 0.930804
34.6 0.927666
34.7 0.928159
34.8 0.927279
34.9 0.925798
35 0.927237
35.1 0.925681
35.2 0.924023
35.3 0.923751
35.4 0.924889
35.5 0.924851
35.6 0.924917
35.7 0.925727
35.8 0.921041
35.9 0.922132
36 0.920509
36.1 0.919335
36.2 0.919214
36.3 0.918711
36.4 0.917554
36.5 0.919515
36.6 0.917392
36.7 0.912666
36.8 0.910475
36.9 0.909062
37 0.909481
37.1 0.906372
37.2 0.904532
37.3 0.905992
37.4 0.905263
37.5 0.905488
37.6 0.906224
37.7 0.90667
37.8 0.908914
37.9 0.907483
38 0.909341
38.1 0.910108
38.2 0.908948
38.3 0.907837
38.4 0.903943
38.5 0.902461
38.6 0.90325
38.7 0.903008
38.8 0.904666
38.9 0.904277
39 0.909453
39.1 0.910071
39.2 0.912488
39.3 0.910334
39.4 0.911032
39.5 0.913426
39.6 0.913975
39.7 0.915133
39.8 0.908642
39.9 0.90602
40 0.904787
40.1 0.904232
40.2 0.905215
40.3 0.906977
40.4 0.908935
40.5 0.90982
40.6 0.910019
40.7 0.912443
40.8 0.910652
40.9 0.911245
41 0.910334
41.1 0.909076
41.2 0.908669
41.3 0.909439
41.4 0.909616
41.5 0.910994
41.6 0.910151
41.7 0.911254
41.8 0.914081
41.9 0.91524
42 0.910142
42.1 0.913599
42.2 0.916614
42.3 0.918646
42.4 0.919089
42.5 0.923766
42.6 0.922124
42.7 0.920589
42.8 0.921158
42.9 0.921673
43 0.924686
43.1 0.923822
43.2 0.924397
43.3 0.924371
43.4 0.922103
43.5 0.924203
43.6 0.926152
43.7 0.923311
43.8 0.923294
43.9 0.926346
44 0.924097
44.1 0.921741
44.2 0.921151
44.3 0.92279
44.4 0.919759
44.5 0.921276
44.6 0.918451
44.7 0.917838
44.8 0.917268
44.9 0.916138
45 0.91444
45.1 0.911204
45.2 0.913733
45.3 0.912577
45.4 0.916157
45.5 0.911248
45.6 0.911626
45.7 0.912282
45.8 0.914701
45.9 0.911862
46 0.909392
46.1 0.911219
46.2 0.907159
46.3 0.91047
46.4 0.908894
46.5 0.909573
46.6 0.906296
46.7 0.905947
46.8 0.90489
46.9 0.904904
47 0.907211
47.1 0.909268
47.2 0.908069
47.3 0.908004
47.4 0.908797
47.5 0.908988
47.6 0.907905
47.7 0.908052
47.8 0.907111
47.9 0.906986
48 0.901592
48.1 0.905109
48.2 0.909361
48.3 0.904767
48.4 0.904973
48.5 0.905275
48.6 0.90161
48.7 0.90427
48.8 0.904831
48.9 0.903351
49 0.904918
49.1 0.902617
49.2 0.901401
49.3 0.903115
49.4 0.904039
49.5 0.906718
49.6 0.907819
49.7 0.907599
49.8 0.90853
49.9 0.907726
50 0.908709
50.1 0.910241
50.2 0.911128
50.3 0.909953
50.4 0.910596
50.5 0.911034
50.6 0.91269
50.7 0.913033
50.8 0.912813
50.9 0.912483
51 0.912615
51.1 0.912579
51.2 0.911461
51.3 0.911985
51.4 0.912697
51.5 0.912689
51.6 0.911258
51.7 0.911938
51.8 0.910052
51.9 0.907532
52 0.904726
52.1 0.904286
52.2 0.90458
52.3 0.905665
52.4 0.906446
52.5 0.909275
52.6 0.90973
52.7 0.909787
52.8 0.910731
52.9 0.909454
53 0.908944
53.1 0.908448
53.2 0.907651
53.3 0.907829
53.4 0.904837
53.5 0.903366
53.6 0.904648
53.7 0.907508
53.8 0.905874
53.9 0.902967
54 0.906684
54.1 0.908792
54.2 0.908911
54.3 0.910965
54.4 0.912221
54.5 0.910054
54.6 0.909707
54.7 0.905526
54.8 0.900927
54.9 0.900801
55 0.904714
55.1 0.905454
55.2 0.907311
55.3 0.905686
55.4 0.907948
55.5 0.910703
55.6 0.912866
55.7 0.912147
55.8 0.909622
55.9 0.910143
56 0.9091
56.1 0.908648
56.2 0.909251
56.3 0.908257
56.4 0.912669
56.5 0.91432
56.6 0.910334
56.7 0.908649
56.8 0.909191
56.9 0.909911
57 0.910493
57.1 0.910153
57.2 0.910218
57.3 0.911317
57.4 0.911043
57.5 0.911086
57.6 0.909039
57.7 0.910701
57.8 0.91208
57.9 0.912311
58 0.911949
58.1 0.915378
58.2 0.915654
58.3 0.919323
58.4 0.918275
58.5 0.916739
58.6 0.915367
58.7 0.915087
58.8 0.90976
58.9 0.906498
59 0.90871
59.1 0.906303
59.2 0.904357
59.3 0.90438
59.4 0.90355
59.5 0.909731
59.6 0.908014
59.7 0.907243
59.8 0.906732
59.9 0.906075
60 0.904599
60.1 0.905106
60.2 0.905187
60.3 0.903743
60.4 0.902425
60.5 0.904177
60.6 0.904716
60.7 0.907982
60.8 0.909363
60.9 0.913728
61 0.912568
61.1 0.911177
61.2 0.908041
61.3 0.90746
61.4 0.906579
61.5 0.9079
61.6 0.907427
61.7 0.911367
61.8 0.913743
61.9 0.915244
62 0.918269
62.1 0.916713
62.2 0.916373
62.3 0.91591
62.4 0.916726
62.5 0.919818
62.6 0.918974
62.7 0.920669
62.8 0.920439
62.9 0.920948
63 0.924676
63.1 0.924575
63.2 0.929246
63.3 0.928976
63.4 0.93045
63.5 0.931995
63.6 0.93147
63.7 0.92928
63.8 0.929553
63.9 0.930464
64 0.929379
64.1 0.931576
64.2 0.929881
64.3 0.930055
64.4 0.930257
64.5 0.92928
64.6 0.931395
64.7 0.926663
64.8 0.92576
64.9 0.92491
65 0.924331
65.1 0.923873
65.2 0.920658
65.3 0.917231
65.4 0.917316
65.5 0.917475
65.6 0.917046
65.7 0.917986
65.8 0.916286
65.9 0.917939
66 0.918675
66.1 0.918319
66.2 0.923274
66.3 0.920966
66.4 0.918406
66.5 0.917254
66.6 0.916326
66.7 0.915363
66.8 0.915721
66.9 0.91471
67 0.913145
67.1 0.911917
67.2 0.910629
67.3 0.911346
67.4 0.913065
67.5 0.915354
67.6 0.915018
67.7 0.910465
67.8 0.911627
67.9 0.911464
68 0.913041
68.1 0.910753
68.2 0.912015
68.3 0.910099
68.4 0.910798
68.5 0.912002
68.6 0.911368
68.7 0.908566
68.8 0.909069
68.9 0.909397
69 0.909113
69.1 0.908918
69.2 0.902578
69.3 0.903425
69.4 0.90365
69.5 0.904049
69.6 0.907277
69.7 0.911891
69.8 0.910344
69.9 0.909981
70 0.912217
70.1 0.913638
70.2 0.912813
70.3 0.910958
70.4 0.909952
70.5 0.908872
70.6 0.913595
70.7 0.915091
70.8 0.915473
70.9 0.919898
71 0.921451
71.1 0.92217
71.2 0.922646
71.3 0.921318
71.4 0.920209
71.5 0.921405
71.6 0.922998
71.7 0.926524
71.8 0.925988
71.9 0.924492
72 0.925416
72.1 0.922373
72.2 0.923183
72.3 0.920132
72.4 0.916846
72.5 0.916343
72.6 0.917386
72.7 0.914717
72.8 0.916083
72.9 0.916676
73 0.914725
73.1 0.915255
73.2 0.913751
73.3 0.913427
73.4 0.915055
73.5 0.917119
73.6 0.916516
73.7 0.920964
73.8 0.921405
73.9 0.919116
74 0.921871
74.1 0.92286
74.2 0.923508
74.3 0.923456
74.4 0.926659
74.5 0.92594
74.6 0.925652
74.7 0.927796
74.8 0.927668
74.9 0.925112
75 0.923599
75.1 0.925956
75.2 0.928104
75.3 0.928522
75.4 0.924148
75.5 0.924874
75.6 0.921594
75.7 0.922491
75.8 0.919367
75.9 0.91916
76 0.916818
76.1 0.915336
76.2 0.912596
76.3 0.915237
76.4 0.915894
76.5 0.914785
76.6 0.915667
76.7 0.913693
76.8 0.912656
76.9 0.911642
77 0.910374
77.1 0.914539
77.2 0.913022
77.3 0.916787
77.4 0.919911
77.5 0.916155
77.6 0.911851
77.7 0.914458
77.8 0.912667
77.9 0.912681
78 0.909234
78.1 0.908313
78.2 0.905789
78.3 0.906112
78.4 0.910348
78.5 0.912993
78.6 0.912616
78.7 0.916194
78.8 0.914641
78.9 0.915002
79 0.914937
79.1 0.913159
79.2 0.916392
79.3 0.919214
79.4 0.915209
79.5 0.913128
79.6 0.906762
79.7 0.90562
79.8 0.906981
79.9 0.907921
80 0.906113
80.1 0.90529
80.2 0.902268
80.3 0.902046
80.4 0.899608
80.5 0.899659
80.6 0.899235
80.7 0.900512
80.8 0.901001
80.9 0.904655
81 0.902168
81.1 0.900259
81.2 0.900254
81.3 0.898495
81.4 0.901901
81.5 0.903107
81.6 0.90428
81.7 0.902907
81.8 0.903209
81.9 0.904054
82 0.904497
82.1 0.905035
82.2 0.90553
82.3 0.906558
82.4 0.907292
82.5 0.90756
82.6 0.90902
82.7 0.909903
82.8 0.906293
82.9 0.908818
83 0.909241
83.1 0.908715
83.2 0.905874
83.3 0.904957
83.4 0.908573
83.5 0.906256
83.6 0.908
83.7 0.907728
83.8 0.913719
83.9 0.915321
84 0.915014
84.1 0.915987
84.2 0.91624
84.3 0.916229
84.4 0.916523
84.5 0.920427
84.6 0.918112
84.7 0.919297
84.8 0.921773
84.9 0.921605
85 0.920151
85.1 0.921712
85.2 0.918963
85.3 0.921
85.4 0.918629
85.5 0.919982
85.6 0.919892
85.7 0.921859
85.8 0.924682
85.9 0.92393
86 0.921636
86.1 0.923653
86.2 0.925469
86.3 0.924838
86.4 0.921784
86.5 0.92534
86.6 0.923913
86.7 0.925768
86.8 0.924381
86.9 0.924219
87 0.926909
87.1 0.926706
87.2 0.927444
87.3 0.931053
87.4 0.930035
87.5 0.928648
87.6 0.927933
87.7 0.930188
87.8 0.928888
87.9 0.930941
88 0.926715
88.1 0.92835
88.2 0.927369
88.3 0.930128
88.4 0.934644
88.5 0.931
88.6 0.929575
88.7 0.931294
88.8 0.931101
88.9 0.934808
89 0.932088
89.1 0.931796
89.2 0.931225
89.3 0.928384
89.4 0.928827
89.5 0.930856
89.6 0.932082
89.7 0.931739
89.8 0.932053
89.9 0.934285
90 0.932301
90.1 0.931082
90.2 0.931323
90.3 0.928324
90.4 0.9295
90.5 0.931387
90.6 0.933601
90.7 0.929553
90.8 0.929041
90.9 0.925921
91 0.92711
91.1 0.926288
91.2 0.927617
91.3 0.926342
91.4 0.926696
91.5 0.926362
91.6 0.926293
91.7 0.929846
91.8 0.928725
91.9 0.927321
92 0.92701
92.1 0.925545
92.2 0.923724
92.3 0.923176
92.4 0.922185
92.5 0.922011
92.6 0.924478
92.7 0.923249
92.8 0.922437
92.9 0.921097
93 0.922249
93.1 0.92368
93.2 0.921648
93.3 0.920929
93.4 0.917298
93.5 0.917243
93.6 0.921244
93.7 0.919258
93.8 0.919181
93.9 0.921722
94 0.919514
94.1 0.916897
94.2 0.916967
94.3 0.91761
94.4 0.915995
94.5 0.917655
94.6 0.918038
94.7 0.917149
94.8 0.918455
94.9 0.922249
95 0.923541
95.1 0.924283
95.2 0.922683
95.3 0.92167
95.4 0.921281
95.5 0.921534
95.6 0.921347
95.7 0.924752
95.8 0.92741
95.9 0.926852
96 0.928272
96.1 0.929146
96.2 0.925922
96.3 0.92486
96.4 0.926893
96.5 0.926232
96.6 0.927045
96.7 0.926439
96.8 0.925742
96.9 0.927686
97 0.928075
97.1 0.927578
97.2 0.928543
97.3 0.92945
97.4 0.928471
97.5 0.929268
97.6 0.927749
97.7 0.92625
97.8 0.924345
97.9 0.926694
98 0.928849
98.1 0.929558
98.2 0.930687
98.3 0.930842
98.4 0.931581
98.5 0.930287
98.6 0.928834
98.7 0.929683
98.8 0.933283
98.9 0.933025
99 0.933148
99.1 0.934165
99.2 0.933525
99.3 0.931479
99.4 0.928802
99.5 0.927889
99.6 0.9286
99.7 0.930839
99.8 0.93116
99.9 0.928606
100 0.9263
100.1 0.925265
100.2 0.922075
100.3 0.923927
100.4 0.923493
100.5 0.920602
100.6 0.921281
100.7 0.922246
100.8 0.918882
100.9 0.919266
101 0.919967
101.1 0.922881
101.2 0.923892
101.3 0.922407
101.4 0.922211
101.5 0.923463
101.6 0.925348
101.7 0.922748
101.8 0.920751
101.9 0.919353
102 0.919932
102.1 0.918911
102.2 0.922786
102.3 0.923951
102.4 0.921791
102.5 0.918768
102.6 0.921289
102.7 0.920747
102.8 0.924032
102.9 0.923199
103 0.925443
103.1 0.923263
103.2 0.923906
103.3 0.922732
103.4 0.923458
103.5 0.925098
103.6 0.925761
103.7 0.923995
103.8 0.924298
103.9 0.924997
104 0.925015
104.1 0.923371
104.2 0.920239
104.3 0.922177
104.4 0.92585
104.5 0.927788
104.6 0.928971
104.7 0.929297
104.8 0.930104
104.9 0.929986
105 0.927498
105.1 0.926851
105.2 0.92589
105.3 0.9272
105.4 0.923816
105.5 0.923991
105.6 0.923515
105.7 0.919118
105.8 0.922061
105.9 0.922442
106 0.918219
106.1 0.917236
106.2 0.915822
106.3 0.917503
106.4 0.917272
106.5 0.915245
106.6 0.915935
106.7 0.916162
106.8 0.915522
106.9 0.911958
107 0.912896
107.1 0.909788
107.2 0.908879
107.3 0.907809
107.4 0.903787
107.5 0.905894
107.6 0.908499
107.7 0.907546
107.8 0.906547
107.9 0.907141
108 0.907662
108.1 0.906229
108.2 0.903971
108.3 0.905204
108.4 0.908043
108.5 0.906925
108.6 0.904757
108.7 0.906193
108.8 0.905524
108.9 0.904582
109 0.903068
109.1 0.901288
109.2 0.901508
109.3 0.903453
109.4 0.900242
109.5 0.901095
109.6 0.901247
109.7 0.899948
109.8 0.898531
109.9 0.898393
110 0.899739
110.1 0.900522
110.2 0.898196
110.3 0.901191
110.4 0.904812
110.5 0.90555
110.6 0.9052
110.7 0.906903
110.8 0.906939
110.9 0.90745
111 0.909116
111.1 0.9077
111.2 0.906521
111.3 0.90575
111.4 0.90453
111.5 0.904791
111.6 0.904431
111.7 0.901232
111.8 0.901059
111.9 0.901375
112 0.898926
112.1 0.900475
112.2 0.901977
112.3 0.90592
112.4 0.904924
112.5 0.90563
112.6 0.906961
112.7 0.907454
112.8 0.905101
112.9 0.903063
113 0.902391
113.1 0.903709
113.2 0.901301
113.3 0.899221
113.4 0.903098
113.5 0.904428
113.6 0.90328
113.7 0.907383
113.8 0.910495
113.9 0.912713
114 0.915087
114.1 0.913792
114.2 0.914366
114.3 0.912834
114.4 0.909111
114.5 0.909002
114.6 0.910998
114.7 0.911941
114.8 0.914974
114.9 0.913724
115 0.912002
115.1 0.912937
115.2 0.914686
115.3 0.918678
115.4 0.924262
115.5 0.92244
115.6 0.922715
115.7 0.922428
115.8 0.925485
115.9 0.92298
116 0.922218
116.1 0.920972
116.2 0.918041
116.3 0.922184
116.4 0.921104
116.5 0.921912
116.6 0.917371
116.7 0.917349
116.8 0.915331
116.9 0.913755
117 0.91276
117.1 0.914176
117.2 0.915537
117.3 0.9157
117.4 0.916139
117.5 0.916102
117.6 0.91716
117.7 0.91883
117.8 0.917319
117.9 0.918628
118 0.919493
118.1 0.918353
118.2 0.920622
118.3 0.920961
118.4 0.923027
118.5 0.924056
118.6 0.924215
118.7 0.923573
118.8 0.928595
118.9 0.927787
119 0.928648
119.1 0.927617
119.2 0.928779
119.3 0.92802
119.4 0.92856
119.5 0.928557
119.6 0.926172
119.7 0.92681
119.8 0.927308
119.9 0.927974
120 0.928582
120.1 0.930148
120.2 0.933697
120.3 0.931143
120.4 0.929228
120.5 0.929412
120.6 0.929558
120.7 0.929554
120.8 0.931779
120.9 0.930589
121 0.928137
121.1 0.928832
121.2 0.92655
121.3 0.927168
121.4 0.926221
121.5 0.925216
121.6 0.924462
121.7 0.923827
121.8 0.924406
121.9 0.923209
122 0.926326
122.1 0.926006
122.2 0.928554
122.3 0.927215
122.4 0.925684
122.5 0.926703
122.6 0.924813
122.7 0.924668
122.8 0.923811
122.9 0.922299
123 0.922699
123.1 0.921685
123.2 0.924126
123.3 0.924489
123.4 0.92304
123.5 0.922907
123.6 0.92209
123.7 0.92307
123.8 0.921409
123.9 0.922801
124 0.925404
124.1 0.927116
124.2 0.926647
124.3 0.926225
124.4 0.923871
124.5 0.926382
124.6 0.919529
124.7 0.921012
124.8 0.917273
124.9 0.918633
125 0.919052
125.1 0.91769
125.2 0.917468
125.3 0.915669
125.4 0.9157
125.5 0.913979
125.6 0.909162
125.7 0.906453
125.8 0.909946
125.9 0.907476
126 0.906479
126.1 0.904659
126.2 0.904544
126.3 0.902168
126.4 0.903012
126.5 0.904304
126.6 0.901814
126.7 0.898824
126.8 0.901323
126.9 0.903653
127 0.9041
127.1 0.901888
127.2 0.902277
127.3 0.897751
127.4 0.900362
127.5 0.900475
127.6 0.903862
127.7 0.90312
127.8 0.90429
127.9 0.904244
128 0.90492
128.1 0.907396
128.2 0.904902
128.3 0.907524
128.4 0.908522
128.5 0.904911
128.6 0.90371
128.7 0.90317
128.8 0.899353
128.9 0.895341
129 0.89269
129.1 0.892354
129.2 0.887696
129.3 0.884181
129.4 0.880546
129.5 0.887093
129.6 0.886472
129.7 0.887101
129.8 0.889477
129.9 0.885658
130 0.885017
130.1 0.888051
130.2 0.888985
130.3 0.886636
130.4 0.88707
130.5 0.887156
130.6 0.886104
130.7 0.886843
130.8 0.888682
130.9 0.888599
131 0.888752
131.1 0.891874
131.2 0.894432
131.3 0.898234
131.4 0.896947
131.5 0.900821
131.6 0.905752
131.7 0.906195
131.8 0.906798
131.9 0.904358
132 0.905534
132.1 0.906614
132.2 0.903349
132.3 0.903784
132.4 0.907005
132.5 0.904571
132.6 0.904174
132.7 0.904533
132.8 0.906285
132.9 0.903472
133 0.901239
133.1 0.899958
133.2 0.896703
133.3 0.897773
133.4 0.894849
133.5 0.895043
133.6 0.894614
133.7 0.901192
133.8 0.904433
133.9 0.905226
134 0.90469
134.1 0.90569
134.2 0.906365
134.3 0.907747
134.4 0.904684
134.5 0.90394
134.6 0.90549
134.7 0.906708
134.8 0.911063
134.9 0.914187
135 0.914035
135.1 0.915454
135.2 0.919133
135.3 0.923056
135.4 0.923053
135.5 0.923569
135.6 0.921377
135.7 0.922961
135.8 0.924272
135.9 0.927625
136 0.927759
136.1 0.926554
136.2 0.9248
136.3 0.922553
136.4 0.923254
136.5 0.922226
136.6 0.923787
136.7 0.92081
136.8 0.918677
136.9 0.920103
137 0.918111
137.1 0.919787
137.2 0.916286
137.3 0.915101
137.4 0.913628
137.5 0.915475
137.6 0.916327
137.7 0.912036
137.8 0.91652
137.9 0.918095
138 0.918476
138.1 0.921589
138.2 0.919527
138.3 0.92372
138.4 0.918368
138.5 0.916324
138.6 0.918228
138.7 0.919852
138.8 0.91676
138.9 0.916621
139 0.919584
139.1 0.9198
139.2 0.920708
139.3 0.920762
139.4 0.923529
139.5 0.922755
139.6 0.921488
139.7 0.921602
139.8 0.919319
139.9 0.919694
140 0.919225
140.1 0.919886
140.2 0.91969
140.3 0.91936
140.4 0.918982
140.5 0.921552
140.6 0.921662
140.7 0.922552
140.8 0.923466
140.9 0.924907
141 0.925331
141.1 0.925301
141.2 0.926084
141.3 0.926593
141.4 0.926505
141.5 0.927048
141.6 0.928652
141.7 0.926646
141.8 0.924251
141.9 0.925766
142 0.925747
142.1 0.926464
142.2 0.925584
142.3 0.926065
142.4 0.925246
142.5 0.924836
142.6 0.926386
142.7 0.927907
142.8 0.927196
142.9 0.927229
143 0.925218
143.1 0.922395
143.2 0.920618
143.3 0.921463
143.4 0.91722
143.5 0.916887
143.6 0.916021
143.7 0.914917
143.8 0.913584
143.9 0.916836
144 0.918021
144.1 0.917164
144.2 0.921277
144.3 0.919333
144.4 0.923449
144.5 0.925332
144.6 0.925408
144.7 0.924974
144.8 0.927825
144.9 0.924227
145 0.924457
145.1 0.92598
145.2 0.925883
145.3 0.923933
145.4 0.924698
145.5 0.925962
145.6 0.923976
145.7 0.925187
145.8 0.923617
145.9 0.920728
146 0.920875
146.1 0.919786
146.2 0.920418
146.3 0.917885
146.4 0.916509
146.5 0.916796
146.6 0.916683
146.7 0.915467
146.8 0.916332
146.9 0.915229
147 0.916942
147.1 0.915936
147.2 0.913881
147.3 0.914466
147.4 0.913927
147.5 0.914764
147.6 0.9133
147.7 0.911777
147.8 0.911674
147.9 0.911463
148 0.909967
148.1 0.910346
148.2 0.908892
148.3 0.910049
148.4 0.912432
148.5 0.913076
148.6 0.914828
148.7 0.912745
148.8 0.915159
148.9 0.916613
149 0.9123
149.1 0.913104
149.2 0.910798
149.3 0.911612
149.4 0.914034
149.5 0.91617
149.6 0.914922
149.7 0.916684
149.8 0.91865
149.9 0.915183
