0 0.00957371
0.1 0.00844874
0.2 0.00879131
0.3 0.00964902
0.4 0.0100172
0.5 0.0111707
0.6 0.0126994
0.7 0.0124592
0.8 0.0122671
0.9 0.0137761
1 0.0156528
1.1 0.0159135
1.2 0.0157855
1.3 0.0164458
1.4 0.0170443
1.5 0.0180665
1.6 0.0173847
1.7 0.0167841
1.8 0.0171965
1.9 0.0176188
2 0.0167517
2.1 0.0181577
2.2 0.0189677
2.3 0.0189754
2.4 0.0202493
2.5 0.0209784
2.6 0.0211792
2.7 0.0217503
2.8 0.0220749
2.9 0.022707
3 0.0227474
3.1 0.0235342
3.2 0.0247464
3.3 0.0252408
3.4 0.0242893
3.5 0.0241688
3.6 0.024738
3.7 0.0235177
3.8 0.0229566
3.9 0.0220348
4 0.0217703
4.1 0.0231641
4.2 0.022877
4.3 0.022741
4.4 0.0225705
4.5 0.0222129
4.6 0.0218468
4.7 0.0219243
4.8 0.0228198
4.9 0.0221378
5 0.0226278
5.1 0.0227088
5.2 0.0228571
5.3 0.0232029
5.4 0.0229138
5.5 0.0231563
5.6 0.0223172
5.7 0.0224886
5.8 0.022864
5.9 0.0222801
6 0.0226463
6.1 0.0223585
6.2 0.0224991
6.3 0.0223416
6.4 0.0225725
6.5 0.0217506
6.6 0.0208719
6.7 0.0199782
6.8 0.0195799
6.9 0.0187611
7 0.0181233
7.1 0.017281
7.2 0.0170432
7.3 0.0173214
7.4 0.017927
7.5 0.017675
7.6 0.0175523
7.7 0.0171285
7.8 0.0169996
7.9 0.0180162
8 0.0184407
8.1 0.017406
8.2 0.0178603
8.3 0.0189775
8.4 0.0189873
8.5 0.0199415
8.6 0.0194751
8.7 0.0194996
8.8 0.0194229
8.9 0.0195966
9 0.0186108
9.1 0.0183277
9.2 0.018701
9.3 0.0192002
9.4 0.0189501
9.5 0.0189591
9.6 0.0201066
9.7 0.0201018
9.8 0.0201263
9.9 0.0203693
10 0.0199912
10.1 0.0202492
10.2 0.0196346
10.3 0.0203698
10.4 0.0196355
10.5 0.0189451
10.6 0.0193328
10.7 0.0182799
10.8 0.0164066
10.9 0.016841
11 0.0169384
11.1 0.017018
11.2 0.016724
11.3 0.0154794
11.4 0.0159718
11.5 0.0154852
11.6 0.0155186
11.7 0.014797
11.8 0.014949
11.9 0.0168816
12 0.0159445
12.1 0.0151425
12.2 0.0145179
12.3 0.0144693
12.4 0.0134309
12.5 0.0123703
12.6 0.012364
12.7 0.0116757
12.8 0.0114428
12.9 0.010482
13 0.00947645
13.1 0.00899372
13.2 0.0091357
13.3 0.00960238
13.4 0.010367
13.5 0.0111997
13.6 0.011471
13.7 0.0108954
13.8 0.0112031
13.9 0.0104072
14 0.00953268
14.1 0.010681
14.2 0.0118518
14.3 0.0124331
14.4 0.012265
14.5 0.0118437
14.6 0.0120647
14.7 0.0117606
14.8 0.0117698
14.9 0.0116569
15 0.0103362
15.1 0.0114058
15.2 0.0118297
15.3 0.0111907
15.4 0.0113398
15.5 0.0120788
15.6 0.0111383
15.7 0.0102837
15.8 0.00992014
15.9 0.0104275
16 0.011056
16.1 0.0122474
16.2 0.0126983
16.3 0.0128573
16.4 0.0137829
16.5 0.0131755
16.6 0.0134026
16.7 0.0132977
16.8 0.013003
16.9 0.0132512
17 0.0128636
17.1 0.013823
17.2 0.0141293
17.3 0.014056
17.4 0.0153627
17.5 0.0145831
17.6 0.01513
17.7 0.0150292
17.8 0.0154141
17.9 0.0155606
18 0.0163672
18.1 0.0170685
18.2 0.0183089
18.3 0.0177423
18.4 0.0176215
18.5 0.0180737
18.6 0.0171629
18.7 0.0175398
18.8 0.0176842
18.9 0.0181681
19 0.0196931
19.1 0.0201295
19.2 0.0205456
19.3 0.0210686
19.4 0.0216082
19.5 0.0226274
19.6 0.02415
19.7 0.0255563
19.8 0.026156
19.9 0.0255634
20 0.0252757
20.1 0.0255703
20.2 0.0250106
20.3 0.0265135
20.4 0.0285541
20.5 0.0292872
20.6 0.030192
20.7 0.0318478
20.8 0.0322788
20.9 0.0333375
21 0.0346468
21.1 0.0347867
21.2 0.0349347
21.3 0.0345894
21.4 0.0355529
21.5 0.0360212
21.6 0.0348078
21.7 0.0356882
21.8 0.036606
21.9 0.0385278
22 0.0386423
22.1 0.0395327
22.2 0.0406113
22.3 0.0417963
22.4 0.042923
22.5 0.0437233
22.6 0.044985
22.7 0.0450185
22.8 0.0447476
22.9 0.0449659
23 0.0459822
23.1 0.0468599
23.2 0.0476285
23.3 0.047505
23.4 0.0472884
23.5 0.0478866
23.6 0.0483457
23.7 0.0492365
23.8 0.0500441
23.9 0.0506451
24 0.0511884
24.1 0.0506129
24.2 0.050352
24.3 0.0510958
24.4 0.0521662
24.5 0.0539281
24.6 0.0537945
24.7 0.0539188
24.8 0.0544094
24.9 0.0535953
25 0.0525586
25.1 0.05174
25.2 0.0527742
25.3 0.0534245
25.4 0.0539904
25.5 0.0533562
25.6 0.0526412
25.7 0.0532451
25.8 0.0541456
25.9 0.0541143
26 0.0545937
26.1 0.055001
26.2 0.0545653
26.3 0.0542852
26.4 0.0546272
26.5 0.054783
26.6 0.0549533
26.7 0.0560332
26.8 0.0572434
26.9 0.0571511
27 0.0582398
27.1 0.0593189
27.2 0.0604333
27.3 0.0615866
27.4 0.0615484
27.5 0.062528
27.6 0.0632988
27.7 0.0636302
27.8 0.0633911
27.9 0.0644721
28 0.0655571
28.1 0.0663481
28.2 0.0674833
28.3 0.0680635
28.4 0.06925
28.5 0.0706477
28.6 0.0721201
28.7 0.0725948
28.8 0.0736537
28.9 0.0743767
29 0.0751774
29.1 0.074874
29.2 0.0752968
29.3 0.076107
29.4 0.0774653
29.5 0.078546
29.6 0.0784192
29.7 0.0786449
29.8 0.079284
29.9 0.0796892
30 0.0795139
30.1 0.0796455
30.2 0.0793825
30.3 0.0792011
30.4 0.0804927
30.5 0.0807407
30.6 0.0806331
30.7 0.0811909
30.8 0.0820244
30.9 0.081977
31 0.0822001
31.1 0.0816123
31.2 0.0837
31.3 0.0836048
31.4 0.0839125
31.5 0.0838735
31.6 0.0845109
31.7 0.0846025
31.8 0.0841332
31.9 0.0842376
32 0.0843342
32.1 0.0839697
32.2 0.0840926
32.3 0.0850989
32.4 0.0845404
32.5 0.0858726
32.6 0.0859356
32.7 0.0856014
32.8 0.0851846
32.9 0.0860722
33 0.0857302
33.1 0.0856555
33.2 0.0848734
33.3 0.0849926
33.4 0.0843317
33.5 0.0842254
33.6 0.0845811
33.7 0.0829949
33.8 0.0827425
33.9 0.0832266
34 0.0825499
34.1 0.0824144
34.2 0.0823309
34.3 0.0831557
34.4 0.0838796
34.5 0.0829307
34.6 0.0832241
34.7 0.0832283
34.8 0.08399
34.9 0.0840919
35 0.0838472
35.1 0.0842753
35.2 0.083579
35.3 0.0833192
35.4 0.082972
35.5 0.0843222
35.6 0.0846099
35.7 0.0857366
35.8 0.0869271
35.9 0.0875074
36 0.0877388
36.1 0.0893024
36.2 0.0894382
36.3 0.0896396
36.4 0.0895537
36.5 0.0895368
36.6 0.0888383
36.7 0.0888049
36.8 0.0893634
36.9 0.0893394
37 0.0896471
37.1 0.0889714
37.2 0.0898923
37.3 0.0900412
37.4 0.0913009
37.5 0.0920179
37.6 0.0926332
37.7 0.0924085
37.8 0.093464
37.9 0.0928833
38 0.0936882
38.1 0.0940485
38.2 0.0940502
38.3 0.0946308
38.4 0.0942211
38.5 0.0939217
38.6 0.094976
38.7 0.0948123
38.8 0.0946672
38.9 0.0945707
39 0.0943957
39.1 0.0936853
39.2 0.0938938
39.3 0.0939243
39.4 0.0938127
39.5 0.0937572
39.6 0.0935614
39.7 0.0945807
39.8 0.0939352
39.9 0.0943985
40 0.0948743
40.1 0.0949606
40.2 0.0943999
40.3 0.0956322
40.4 0.0948611
40.5 0.0951829
40.6 0.0954361
40.7 0.0965111
40.8 0.0961788
40.9 0.0962052
41 0.0966956
41.1 0.0972393
41.2 0.0975511
41.3 0.0981284
41.4 0.0988599
41.5 0.0989693
41.6 0.0995144
41.7 0.100593
41.8 0.101244
41.9 0.10121
42 0.102264
42.1 0.101224
42.2 0.101738
42.3 0.101993
42.4 0.101891
42.5 0.102565
42.6 0.102697
42.7 0.103062
42.8 0.103909
42.9 0.105328
43 0.107138
43.1 0.107536
43.2 0.108244
43.3 0.108369
43.4 0.108521
43.5 0.108532
43.6 0.108299
43.7 0.108643
43.8 0.108768
43.9 0.108547
44 0.108434
44.1 0.10794
44.2 0.108537
44.3 0.107835
44.4 0.107938
44.5 0.107786
44.6 0.107295
44.7 0.108947
44.8 0.109666
44.9 0.109519
45 0.109662
45.1 0.110373
45.2 0.11125
45.3 0.11163
45.4 0.111355
45.5 0.111916
45.6 0.11201
45.7 0.112189
45.8 0.112504
45.9 0.113741
46 0.114291
46.1 0.114991
46.2 0.117321
46.3 0.118076
46.4 0.118369
46.5 0.118725
46.6 0.119575
46.7 0.11896
46.8 0.12045
46.9 0.12189
47 0.122027
47.1 0.121283
47.2 0.121065
47.3 0.122154
47.4 0.122666
47.5 0.123851
47.6 0.12359
47.7 0.123525
47.8 0.12397
47.9 0.125152
48 0.126379
48.1 0.12782
48.2 0.12804
48.3 0.128134
48.4 0.128613
48.5 0.128974
48.6 0.129324
48.7 0.130684
48.8 0.131095
48.9 0.1314
49 0.132585
49.1 0.134705
49.2 0.135688
49.3 0.135693
49.4 0.136601
49.5 0.136918
49.6 0.137851
49.7 0.138816
49.8 0.139355
49.9 0.139883
50 0.141051
50.1 0.142277
50.2 0.142416
50.3 0.142935
50.4 0.144055
50.5 0.144633
50.6 0.145472
50.7 0.145095
50.8 0.14506
50.9 0.146652
51 0.148201
51.1 0.148077
51.2 0.149212
51.3 0.149421
51.4 0.150259
51.5 0.149662
51.6 0.150066
51.7 0.151772
51.8 0.152944
51.9 0.153628
52 0.153205
52.1 0.154038
52.2 0.154106
52.3 0.153029
52.4 0.154156
52.5 0.153736
52.6 0.153524
52.7 0.152702
52.8 0.152867
52.9 0.153191
53 0.154658
53.1 0.155878
53.2 0.15622
53.3 0.156845
53.4 0.157748
53.5 0.158613
53.6 0.159061
53.7 0.158387
53.8 0.158243
53.9 0.158405
54 0.160462
54.1 0.161125
54.2 0.161598
54.3 0.1613
54.4 0.161811
54.5 0.16162
54.6 0.162693
54.7 0.162954
54.8 0.164896
54.9 0.165119
55 0.16503
55.1 0.165835
55.2 0.167359
55.3 0.168534
55.4 0.168377
55.5 0.16772
55.6 0.168692
55.7 0.167916
55.8 0.168494
55.9 0.16915
56 0.16978
56.1 0.170216
56.2 0.169391
56.3 0.16943
56.4 0.1694
56.5 0.170543
56.6 0.171179
56.7 0.171426
56.8 0.171624
56.9 0.17141
57 0.171928
57.1 0.171712
57.2 0.172132
57.3 0.171667
57.4 0.171982
57.5 0.172301
57.6 0.172053
57.7 0.172532
57.8 0.172892
57.9 0.172535
58 0.173057
58.1 0.171976
58.2 0.173436
58.3 0.173217
58.4 0.172683
58.5 0.173568
58.6 0.174152
58.7 0.174638
58.8 0.175691
58.9 0.174743
59 0.175433
59.1 0.176769
59.2 0.177303
59.3 0.176547
59.4 0.177532
59.5 0.17769
59.6 0.178303
59.7 0.178263
59.8 0.178809
59.9 0.179071
60 0.179406
60.1 0.179873
60.2 0.17901
60.3 0.179239
60.4 0.180049
60.5 0.179753
60.6 0.180536
60.7 0.180921
60.8 0.181623
60.9 0.182316
61 0.183095
61.1 0.184926
61.2 0.186724
61.3 0.185876
61.4 0.187311
61.5 0.18869
61.6 0.190332
61.7 0.19106
61.8 0.191858
61.9 0.191945
62 0.192259
62.1 0.193642
62.2 0.193678
62.3 0.195214
62.4 0.195221
62.5 0.195075
62.6 0.195658
62.7 0.196584
62.8 0.195751
62.9 0.1962
63 0.197311
63.1 0.1981
63.2 0.198089
63.3 0.197976
63.4 0.199533
63.5 0.19938
63.6 0.199872
63.7 0.199806
63.8 0.199914
63.9 0.200721
64 0.200062
64.1 0.201424
64.2 0.201304
64.3 0.200942
64.4 0.201163
64.5 0.201226
64.6 0.200782
64.7 0.200957
64.8 0.20199
64.9 0.202507
65 0.203484
65.1 0.204398
65.2 0.204761
65.3 0.206454
65.4 0.207223
65.5 0.207663
65.6 0.208512
65.7 0.209296
65.8 0.209345
65.9 0.209408
66 0.209735
66.1 0.210833
66.2 0.210646
66.3 0.211956
66.4 0.212545
66.5 0.212101
66.6 0.212975
66.7 0.212816
66.8 0.21322
66.9 0.212944
67 0.212372
67.1 0.213056
67.2 0.211879
67.3 0.212106
67.4 0.211831
67.5 0.212425
67.6 0.211309
67.7 0.211403
67.8 0.212132
67.9 0.212502
68 0.213046
68.1 0.213629
68.2 0.213423
68.3 0.214984
68.4 0.215085
68.5 0.215208
68.6 0.214736
68.7 0.215226
68.8 0.215765
68.9 0.215198
69 0.21441
69.1 0.214609
69.2 0.2153
69.3 0.215045
69.4 0.215282
69.5 0.215067
69.6 0.21558
69.7 0.215117
69.8 0.215462
69.9 0.215586
70 0.215292
70.1 0.215919
70.2 0.216978
70.3 0.218453
70.4 0.219488
70.5 0.219596
70.6 0.220094
70.7 0.220874
70.8 0.222057
70.9 0.223202
71 0.223479
71.1 0.22372
71.2 0.224325
71.3 0.225673
71.4 0.226478
71.5 0.227541
71.6 0.228901
71.7 0.228089
71.8 0.22932
71.9 0.229238
72 0.229684
72.1 0.230616
72.2 0.23065
72.3 0.230081
72.4 0.230447
72.5 0.231035
72.6 0.232273
72.7 0.232185
72.8 0.23184
72.9 0.231918
73 0.231437
73.1 0.231331
73.2 0.232005
73.3 0.232557
73.4 0.23274
73.5 0.232865
73.6 0.232819
73.7 0.231991
73.8 0.231657
73.9 0.231255
74 0.230982
74.1 0.231448
74.2 0.231594
74.3 0.232257
74.4 0.23299
74.5 0.233142
74.6 0.232927
74.7 0.233001
74.8 0.232788
74.9 0.232778
75 0.23309
75.1 0.233049
75.2 0.233208
75.3 0.23385
75.4 0.233354
75.5 0.233818
75.6 0.233631
75.7 0.233934
75.8 0.234871
75.9 0.236112
76 0.236754
76.1 0.235798
76.2 0.236464
76.3 0.2366
76.4 0.236827
76.5 0.237152
76.6 0.237387
76.7 0.236422
76.8 0.236632
76.9 0.236137
77 0.236074
77.1 0.23612
77.2 0.236357
77.3 0.23619
77.4 0.236816
77.5 0.237101
77.6 0.237351
77.7 0.237594
77.8 0.237874
77.9 0.237706
78 0.238703
78.1 0.239923
78.2 0.239799
78.3 0.239619
78.4 0.239643
78.5 0.240606
78.6 0.241608
78.7 0.242442
78.8 0.243367
78.9 0.243971
79 0.243825
79.1 0.243472
79.2 0.243194
79.3 0.242783
79.4 0.243188
79.5 0.243946
79.6 0.243444
79.7 0.243491
79.8 0.243937
79.9 0.243587
80 0.244323
80.1 0.245257
80.2 0.245302
80.3 0.245592
80.4 0.246394
80.5 0.247794
80.6 0.247957
80.7 0.24878
80.8 0.24991
80.9 0.250548
81 0.249954
81.1 0.250039
81.2 0.249793
81.3 0.2506
81.4 0.249202
81.5 0.249637
81.6 0.25014
81.7 0.250498
81.8 0.251475
81.9 0.251683
82 0.252479
82.1 0.253469
82.2 0.253197
82.3 0.253337
82.4 0.253666
82.5 0.254388
82.6 0.255057
82.7 0.254338
82.8 0.255132
82.9 0.255317
83 0.253796
83.1 0.254146
83.2 0.253186
83.3 0.254528
83.4 0.256513
83.5 0.257064
83.6 0.258162
83.7 0.259164
83.8 0.259983
83.9 0.259888
84 0.260454
84.1 0.261097
84.2 0.261367
84.3 0.262479
84.4 0.261779
84.5 0.262015
84.6 0.262228
84.7 0.26289
84.8 0.263117
84.9 0.262647
85 0.26305
85.1 0.26446
85.2 0.265117
85.3 0.265497
85.4 0.264861
85.5 0.265305
85.6 0.265222
85.7 0.265752
85.8 0.26614
85.9 0.26523
86 0.265283
86.1 0.265046
86.2 0.265309
86.3 0.26572
86.4 0.265635
86.5 0.265577
86.6 0.265972
86.7 0.266804
86.8 0.267558
86.9 0.267391
87 0.266841
87.1 0.26713
87.2 0.267627
87.3 0.266996
87.4 0.267345
87.5 0.267459
87.6 0.267537
87.7 0.267712
87.8 0.268384
87.9 0.269092
88 0.269371
88.1 0.269486
88.2 0.26878
88.3 0.268594
88.4 0.268141
88.5 0.267384
88.6 0.267023
88.7 0.266507
88.8 0.266821
88.9 0.26733
89 0.266461
89.1 0.265554
89.2 0.264692
89.3 0.264693
89.4 0.264705
89.5 0.264773
89.6 0.263749
89.7 0.263757
89.8 0.263859
89.9 0.263533
90 0.26415
90.1 0.264817
90.2 0.265656
90.3 0.266413
90.4 0.26675
90.5 0.26626
90.6 0.266398
90.7 0.266426
90.8 0.266172
90.9 0.267371
91 0.267049
91.1 0.267388
91.2 0.267327
91.3 0.268023
91.4 0.268953
91.5 0.269691
91.6 0.270907
91.7 0.271583
91.8 0.271509
91.9 0.272648
92 0.273902
92.1 0.274307
92.2 0.274085
92.3 0.273274
92.4 0.27322
92.5 0.274146
92.6 0.273959
92.7 0.273705
92.8 0.273986
92.9 0.274845
93 0.276066
93.1 0.276641
93.2 0.278037
93.3 0.279221
93.4 0.280219
93.5 0.281128
93.6 0.28191
93.7 0.282813
93.8 0.284267
93.9 0.28456
94 0.285753
94.1 0.287118
94.2 0.28794
94.3 0.288852
94.4 0.288859
94.5 0.289172
94.6 0.290059
94.7 0.290478
94.8 0.290809
94.9 0.291137
95 0.290656
95.1 0.290908
95.2 0.290691
95.3 0.291183
95.4 0.291379
95.5 0.292143
95.6 0.292558
95.7 0.293002
95.8 0.293453
95.9 0.292935
96 0.292452
96.1 0.291919
96.2 0.292329
96.3 0.291996
96.4 0.291619
96.5 0.291668
96.6 0.291702
96.7 0.291527
96.8 0.292229
96.9 0.293304
97 0.292857
97.1 0.293032
97.2 0.293081
97.3 0.292935
97.4 0.293165
97.5 0.291757
97.6 0.293163
97.7 0.293734
97.8 0.293599
97.9 0.294365
98 0.295013
98.1 0.29491
98.2 0.294933
98.3 0.294224
98.4 0.293442
98.5 0.29371
98.6 0.294049
98.7 0.295765
98.8 0.295639
98.9 0.296435
99 0.29746
99.1 0.297006
99.2 0.297307
99.3 0.296607
99.4 0.296867
99.5 0.297579
99.6 0.297696
99.7 0.298243
99.8 0.298544
99.9 0.2976
100 0.298992
100.1 0.298921
100.2 0.29886
100.3 0.298531
100.4 0.297846
100.5 0.297596
100.6 0.296848
100.7 0.297398
100.8 0.296941
100.9 0.297046
101 0.29783
101.1 0.297228
101.2 0.297332
101.3 0.297398
101.4 0.297094
101.5 0.297409
101.6 0.297436
101.7 0.296791
101.8 0.297086
101.9 0.297848
102 0.297625
102.1 0.296769
102.2 0.298166
102.3 0.298621
102.4 0.298738
102.5 0.29859
102.6 0.29845
102.7 0.298188
102.8 0.297455
102.9 0.297941
103 0.29763
103.1 0.298694
103.2 0.298992
103.3 0.298976
103.4 0.299919
103.5 0.299454
103.6 0.299868
103.7 0.299694
103.8 0.300439
103.9 0.299834
104 0.301073
104.1 0.301384
104.2 0.300725
104.3 0.301686
104.4 0.301381
104.5 0.301884
104.6 0.301388
104.7 0.301233
104.8 0.301871
104.9 0.301679
105 0.303379
105.1 0.303533
105.2 0.304664
105.3 0.304476
105.4 0.306054
105.5 0.306291
105.6 0.307767
105.7 0.30788
105.8 0.308135
105.9 0.308195
106 0.306963
106.1 0.306881
106.2 0.307609
106.3 0.307565
106.4 0.306719
106.5 0.308182
106.6 0.309041
106.7 0.309309
106.8 0.309089
106.9 0.311212
107 0.311684
107.1 0.311477
107.2 0.31262
107.3 0.312398
107.4 0.313241
107.5 0.313994
107.6 0.313664
107.7 0.313741
107.8 0.314159
107.9 0.314696
108 0.315781
108.1 0.316124
108.2 0.316165
108.3 0.316545
108.4 0.317971
108.5 0.318732
108.6 0.319552
108.7 0.320253
108.8 0.321055
108.9 0.32188
109 0.323645
109.1 0.323193
109.2 0.323112
109.3 0.323644
109.4 0.324331
109.5 0.325846
109.6 0.326371
109.7 0.32756
109.8 0.32894
109.9 0.329563
110 0.330605
110.1 0.330756
110.2 0.332527
110.3 0.332649
110.4 0.334323
110.5 0.336274
110.6 0.336858
110.7 0.336982
110.8 0.337919
110.9 0.339155
111 0.339751
111.1 0.340127
111.2 0.340645
111.3 0.340723
111.4 0.341113
111.5 0.34135
111.6 0.342426
111.7 0.343387
111.8 0.343526
111.9 0.34398
112 0.343954
112.1 0.343896
112.2 0.343695
112.3 0.34492
112.4 0.345021
112.5 0.345768
112.6 0.346655
112.7 0.34727
112.8 0.348217
112.9 0.348665
113 0.351108
113.1 0.351878
113.2 0.352406
113.3 0.353419
113.4 0.354612
113.5 0.354848
113.6 0.35575
113.7 0.355928
113.8 0.356184
113.9 0.356252
114 0.355449
114.1 0.355939
114.2 0.357372
114.3 0.357916
114.4 0.358046
114.5 0.35981
114.6 0.360892
114.7 0.361025
114.8 0.36083
114.9 0.361237
115 0.361154
115.1 0.362329
115.2 0.362501
115.3 0.363739
115.4 0.364597
115.5 0.365607
115.6 0.365837
115.7 0.366903
115.8 0.367846
115.9 0.369315
116 0.368818
116.1 0.370502
116.2 0.372437
116.3 0.372376
116.4 0.372598
116.5 0.372604
116.6 0.373157
116.7 0.374316
116.8 0.374466
116.9 0.375785
117 0.376759
117.1 0.377924
117.2 0.379907
117.3 0.381381
117.4 0.38203
117.5 0.382425
117.6 0.38364
117.7 0.384804
117.8 0.386185
117.9 0.387603
118 0.389302
118.1 0.390022
118.2 0.390241
118.3 0.391204
118.4 0.392156
118.5 0.393449
118.6 0.394679
118.7 0.395668
118.8 0.396806
118.9 0.397741
119 0.399382
119.1 0.399694
119.2 0.402369
119.3 0.403818
119.4 0.406065
119.5 0.407072
119.6 0.408419
119.7 0.41003
119.8 0.411678
119.9 0.412875
120 0.415422
120.1 0.416716
120.2 0.418452
120.3 0.419462
120.4 0.420943
120.5 0.421893
120.6 0.422814
120.7 0.42425
120.8 0.425817
120.9 0.427508
121 0.429155
121.1 0.429938
121.2 0.431489
121.3 0.43279
121.4 0.434683
121.5 0.436134
121.6 0.436317
121.7 0.436706
121.8 0.43678
121.9 0.43755
122 0.43844
122.1 0.441496
122.2 0.442541
122.3 0.442805
122.4 0.444102
122.5 0.44617
122.6 0.446399
122.7 0.447622
122.8 0.450361
122.9 0.45181
123 0.452526
123.1 0.455449
123.2 0.457032
123.3 0.456898
123.4 0.45772
123.5 0.458342
123.6 0.458882
123.7 0.460313
123.8 0.461402
123.9 0.462327
124 0.463518
124.1 0.463968
124.2 0.464274
124.3 0.465981
124.4 0.4666
124.5 0.467111
124.6 0.468946
124.7 0.47043
124.8 0.470868
124.9 0.471245
125 0.471018
125.1 0.471875
125.2 0.472647
125.3 0.472279
125.4 0.472756
125.5 0.473549
125.6 0.473971
125.7 0.474328
125.8 0.474983
125.9 0.474552
126 0.475253
126.1 0.475095
126.2 0.475278
126.3 0.475338
126.4 0.475733
126.5 0.47472
126.6 0.475122
126.7 0.475601
126.8 0.476709
126.9 0.476966
127 0.476658
127.1 0.477713
127.2 0.478337
127.3 0.478337
127.4 0.478601
127.5 0.478965
127.6 0.478645
127.7 0.477899
127.8 0.478859
127.9 0.479203
128 0.480042
128.1 0.480289
128.2 0.480773
128.3 0.48104
128.4 0.482365
128.5 0.482371
128.6 0.482453
128.7 0.482313
128.8 0.481691
128.9 0.482479
129 0.482446
129.1 0.483552
129.2 0.484861
129.3 0.484686
129.4 0.485526
129.5 0.485489
129.6 0.485502
129.7 0.486045
129.8 0.487347
129.9 0.487187
130 0.488213
130.1 0.488736
130.2 0.490948
130.3 0.490521
130.4 0.489672
130.5 0.490097
130.6 0.490555
130.7 0.491717
130.8 0.492768
130.9 0.493534
131 0.49381
131.1 0.49491
131.2 0.495001
131.3 0.494919
131.4 0.495036
131.5 0.496011
131.6 0.497124
131.7 0.498223
131.8 0.498881
131.9 0.499179
132 0.499606
132.1 0.500232
132.2 0.49963
132.3 0.499907
132.4 0.499271
132.5 0.499394
132.6 0.49901
132.7 0.498798
132.8 0.499597
132.9 0.500178
133 0.501305
133.1 0.501654
133.2 0.50145
133.3 0.501598
133.4 0.501964
133.5 0.502163
133.6 0.502404
133.7 0.502414
133.8 0.502418
133.9 0.503075
134 0.503712
134.1 0.503706
134.2 0.504937
134.3 0.505066
134.4 0.505987
134.5 0.507602
134.6 0.507684
134.7 0.507533
134.8 0.506918
134.9 0.507613
135 0.508155
135.1 0.508444
135.2 0.508631
135.3 0.509043
135.4 0.510019
135.5 0.511011
135.6 0.511421
135.7 0.511224
135.8 0.510603
135.9 0.510488
136 0.51086
136.1 0.510889
136.2 0.510891
136.3 0.510896
136.4 0.511524
136.5 0.511654
136.6 0.511078
136.7 0.512149
136.8 0.512799
136.9 0.513378
137 0.514477
137.1 0.514479
137.2 0.514892
137.3 0.515363
137.4 0.516209
137.5 0.516494
137.6 0.516435
137.7 0.517246
137.8 0.517802
137.9 0.517555
138 0.518001
138.1 0.518867
138.2 0.519421
138.3 0.520715
138.4 0.520347
138.5 0.520282
138.6 0.520472
138.7 0.520757
138.8 0.52092
138.9 0.521823
139 0.520939
139.1 0.522116
139.2 0.522034
139.3 0.521793
139.4 0.522336
139.5 0.522272
139.6 0.52264
139.7 0.522754
139.8 0.521742
139.9 0.522066
140 0.522809
140.1 0.523867
140.2 0.523807
140.3 0.524507
140.4 0.52405
140.5 0.52441
140.6 0.523827
140.7 0.524222
140.8 0.524084
140.9 0.524142
141 0.524427
141.1 0.524008
141.2 0.523853
141.3 0.524147
141.4 0.524483
141.5 0.524538
141.6 0.525691
141.7 0.525144
141.8 0.525349
141.9 0.525135
142 0.525449
142.1 0.525921
142.2 0.526029
142.3 0.526943
142.4 0.526412
142.5 0.526859
142.6 0.526769
142.7 0.527843
142.8 0.527701
142.9 0.527905
143 0.527921
143.1 0.527591
143.2 0.527929
143.3 0.527855
143.4 0.527634
143.5 0.528218
143.6 0.52898
143.7 0.529722
143.8 0.529903
143.9 0.530163
144 0.530893
144.1 0.531025
144.2 0.531035
144.3 0.531082
144.4 0.530822
144.5 0.531637
144.6 0.531164
144.7 0.530767
144.8 0.531203
144.9 0.531398
145 0.531277
145.1 0.531582
145.2 0.532675
145.3 0.532945
145.4 0.532828
145.5 0.533087
145.6 0.533274
145.7 0.53363
145.8 0.533399
145.9 0.533279
146 0.533326
146.1 0.533228
146.2 0.532933
146.3 0.532502
146.4 0.532573
146.5 0.531844
146.6 0.532062
146.7 0.53241
146.8 0.532374
146.9 0.532491
147 0.532199
147.1 0.532488
147.2 0.53195
147.3 0.53201
147.4 0.532231
147.5 0.532688
147.6 0.53283
147.7 0.53248
147.8 0.532838
147.9 0.533009
148 0.533672
148.1 0.533394
148.2 0.53366
148.3 0.534462
148.4 0.534495
148.5 0.53471
148.6 0.534643
148.7 0.534906
148.8 0.535302
148.9 0.535108
149 0.534453
149.1 0.53492
149.2 0.535171
149.3 0.535082
149.4 0.534717
149.5 0.534353
149.6 0.534389
149.7 0.534948
149.8 0.53402
149.9 0.534113
150 0.534087
150.1 0.533757
150.2 0.532553
150.3 0.532847
150.4 0.533358
150.5 0.533901
150.6 0.534184
150.7 0.533157
150.8 0.534049
150.9 0.535043
151 0.535354
151.1 0.534996
151.2 0.535099
151.3 0.535153
151.4 0.535217
151.5 0.534776
151.6 0.53464
151.7 0.534576
151.8 0.53446
151.9 0.534714
152 0.534632
152.1 0.533968
152.2 0.533432
152.3 0.533173
152.4 0.533687
152.5 0.533797
152.6 0.533467
152.7 0.532617
152.8 0.533086
152.9 0.5334
153 0.533023
153.1 0.533466
153.2 0.533539
153.3 0.53373
153.4 0.533311
153.5 0.532858
153.6 0.532868
153.7 0.533614
153.8 0.533557
153.9 0.533768
154 0.53248
154.1 0.532269
154.2 0.532177
154.3 0.531642
154.4 0.531084
154.5 0.530644
154.6 0.530692
154.7 0.528986
154.8 0.528893
154.9 0.528353
155 0.528266
155.1 0.529012
155.2 0.528696
155.3 0.528706
155.4 0.529292
155.5 0.528607
155.6 0.5287
155.7 0.527278
155.8 0.526405
155.9 0.525775
156 0.526004
156.1 0.525853
156.2 0.5262
156.3 0.526794
156.4 0.526541
156.5 0.527532
156.6 0.527852
156.7 0.527894
156.8 0.528671
156.9 0.528886
157 0.528281
157.1 0.52883
157.2 0.529103
157.3 0.527986
157.4 0.527715
157.5 0.527343
157.6 0.526974
157.7 0.526383
157.8 0.525838
157.9 0.525796
158 0.525333
158.1 0.525341
158.2 0.525181
158.3 0.525004
158.4 0.524634
158.5 0.524744
158.6 0.524745
158.7 0.524694
158.8 0.524628
158.9 0.524788
159 0.524116
159.1 0.524174
159.2 0.523319
159.3 0.522857
159.4 0.523332
159.5 0.522762
159.6 0.522929
159.7 0.522755
159.8 0.521736
159.9 0.52137
160 0.521336
160.1 0.520281
160.2 0.520167
160.3 0.52043
160.4 0.519662
160.5 0.518905
160.6 0.518712
160.7 0.518682
160.8 0.517937
160.9 0.518194
161 0.517737
161.1 0.517792
161.2 0.517924
161.3 0.517548
161.4 0.517312
161.5 0.517666
161.6 0.51692
161.7 0.516991
161.8 0.517536
161.9 0.51745
162 0.516959
162.1 0.516525
162.2 0.515646
162.3 0.516006
162.4 0.515133
162.5 0.515216
162.6 0.515105
162.7 0.514612
162.8 0.513246
162.9 0.512774
163 0.512636
163.1 0.512577
163.2 0.512377
163.3 0.51211
163.4 0.511325
163.5 0.511485
163.6 0.511021
163.7 0.510071
163.8 0.509373
163.9 0.509486
164 0.508582
164.1 0.508102
164.2 0.507956
164.3 0.507806
164.4 0.508224
164.5 0.508734
164.6 0.508582
164.7 0.508026
164.8 0.508665
164.9 0.508157
165 0.507852
165.1 0.506444
165.2 0.505669
165.3 0.505438
165.4 0.505264
165.5 0.505075
165.6 0.503815
165.7 0.50359
165.8 0.502579
165.9 0.502495
166 0.503043
166.1 0.502041
166.2 0.502403
166.3 0.501828
166.4 0.501873
166.5 0.501057
166.6 0.500462
166.7 0.499794
166.8 0.499447
166.9 0.499166
167 0.498736
167.1 0.49872
167.2 0.498462
167.3 0.498086
167.4 0.498399
167.5 0.49841
167.6 0.4977
167.7 0.497672
167.8 0.497214
167.9 0.497368
168 0.496659
168.1 0.496443
168.2 0.495683
168.3 0.495102
168.4 0.495011
168.5 0.495103
168.6 0.493643
168.7 0.493462
168.8 0.493465
168.9 0.493561
169 0.493519
169.1 0.493376
169.2 0.492128
169.3 0.492313
169.4 0.492152
169.5 0.492031
169.6 0.491636
169.7 0.490578
169.8 0.490382
169.9 0.489796
170 0.490209
170.1 0.490264
170.2 0.490288
170.3 0.490524
170.4 0.490242
170.5 0.489934
170.6 0.490033
170.7 0.490155
170.8 0.490024
170.9 0.490818
171 0.490469
171.1 0.4911
171.2 0.491549
171.3 0.491521
171.4 0.490377
171.5 0.490084
171.6 0.489222
171.7 0.489249
171.8 0.488931
171.9 0.488749
172 0.489014
172.1 0.489255
172.2 0.489095
172.3 0.489027
172.4 0.489072
172.5 0.488212
172.6 0.488143
172.7 0.488525
172.8 0.488685
172.9 0.489719
173 0.489982
173.1 0.490796
173.2 0.490653
173.3 0.49125
173.4 0.490447
173.5 0.490627
173.6 0.491151
173.7 0.490898
173.8 0.490779
173.9 0.489987
174 0.489504
174.1 0.489112
174.2 0.488523
174.3 0.488398
174.4 0.487235
174.5 0.486849
174.6 0.486101
174.7 0.486647
174.8 0.487625
174.9 0.487374
175 0.487188
175.1 0.486455
175.2 0.486087
175.3 0.486791
175.4 0.486915
175.5 0.486389
175.6 0.487063
175.7 0.486844
175.8 0.487749
175.9 0.487144
176 0.486764
176.1 0.487221
176.2 0.485878
176.3 0.484739
176.4 0.484602
176.5 0.484639
176.6 0.484039
176.7 0.484419
176.8 0.483422
176.9 0.48337
177 0.483954
177.1 0.483858
177.2 0.484196
177.3 0.484413
177.4 0.485418
177.5 0.485496
177.6 0.485887
177.7 0.486446
177.8 0.487255
177.9 0.487017
178 0.487288
178.1 0.487872
178.2 0.488292
178.3 0.488746
178.4 0.488881
178.5 0.490449
178.6 0.491759
178.7 0.492871
178.8 0.492703
178.9 0.492306
179 0.493354
179.1 0.493155
179.2 0.493832
179.3 0.493251
179.4 0.493682
179.5 0.49377
179.6 0.493989
179.7 0.493555
179.8 0.493217
179.9 0.493438
180 0.492737
180.1 0.493397
180.2 0.492996
180.3 0.492372
180.4 0.492883
180.5 0.49287
180.6 0.493407
180.7 0.493288
180.8 0.49311
180.9 0.493706
181 0.492971
181.1 0.493128
181.2 0.491698
181.3 0.491955
181.4 0.491673
181.5 0.49168
181.6 0.492063
181.7 0.492733
181.8 0.493279
181.9 0.493924
182 0.494574
182.1 0.493922
182.2 0.494327
182.3 0.493734
182.4 0.493581
182.5 0.493782
182.6 0.492926
182.7 0.493085
182.8 0.493387
182.9 0.493147
183 0.49305
183.1 0.493667
183.2 0.493281
183.3 0.494587
183.4 0.494565
183.5 0.493591
183.6 0.493519
183.7 0.493563
183.8 0.493726
183.9 0.493752
184 0.493675
184.1 0.493302
184.2 0.493641
184.3 0.493733
184.4 0.493111
184.5 0.492555
184.6 0.49309
184.7 0.491134
184.8 0.49075
184.9 0.491002
185 0.490899
185.1 0.490363
185.2 0.489517
185.3 0.489152
185.4 0.48966
185.5 0.490682
185.6 0.490361
185.7 0.489711
185.8 0.489195
185.9 0.488365
186 0.487763
186.1 0.488106
186.2 0.486936
186.3 0.485774
186.4 0.485379
186.5 0.484881
186.6 0.485038
186.7 0.485094
186.8 0.485494
186.9 0.487167
187 0.487316
187.1 0.486982
187.2 0.487899
187.3 0.488353
187.4 0.487919
187.5 0.489201
187.6 0.488602
187.7 0.487655
187.8 0.48713
187.9 0.486468
188 0.486258
188.1 0.485275
188.2 0.483256
188.3 0.48213
188.4 0.481739
188.5 0.481023
188.6 0.48019
188.7 0.480192
188.8 0.47881
188.9 0.478471
189 0.477445
189.1 0.477352
189.2 0.47682
189.3 0.476306
189.4 0.475158
189.5 0.474794
189.6 0.473891
189.7 0.473202
189.8 0.472347
189.9 0.471582
190 0.471344
190.1 0.47184
190.2 0.471444
190.3 0.470449
190.4 0.470349
190.5 0.469515
190.6 0.46913
190.7 0.468433
190.8 0.46819
190.9 0.468231
191 0.467506
191.1 0.466995
191.2 0.466609
191.3 0.466596
191.4 0.466806
191.5 0.466319
191.6 0.466757
191.7 0.467294
191.8 0.466811
191.9 0.466667
192 0.466192
192.1 0.46621
192.2 0.465329
192.3 0.465896
192.4 0.466151
192.5 0.466466
192.6 0.466733
192.7 0.466245
192.8 0.466452
192.9 0.466174
193 0.465128
193.1 0.465347
193.2 0.465462
193.3 0.464701
193.4 0.465405
193.5 0.466044
193.6 0.466908
193.7 0.466565
193.8 0.465258
193.9 0.465805
194 0.465827
194.1 0.464683
194.2 0.464096
194.3 0.46466
194.4 0.46431
194.5 0.464123
194.6 0.463418
194.7 0.463777
194.8 0.464245
194.9 0.463967
195 0.463584
195.1 0.46296
195.2 0.462164
195.3 0.461509
195.4 0.461129
195.5 0.460913
195.6 0.462094
195.7 0.461623
195.8 0.460911
195.9 0.460615
196 0.461737
196.1 0.462473
196.2 0.462705
196.3 0.463056
196.4 0.463448
196.5 0.462622
196.6 0.462627
196.7 0.462757
196.8 0.462081
196.9 0.462672
197 0.461991
197.1 0.462174
197.2 0.462901
197.3 0.463306
197.4 0.463014
197.5 0.4634
197.6 0.463631
197.7 0.463724
197.8 0.46397
197.9 0.464292
198 0.464656
198.1 0.465359
198.2 0.465902
198.3 0.466793
198.4 0.466747
198.5 0.467426
198.6 0.467344
198.7 0.466834
198.8 0.466497
198.9 0.467058
199 0.467496
199.1 0.467744
199.2 0.468004
199.3 0.467749
199.4 0.467437
199.5 0.467273
199.6 0.465627
199.7 0.464884
199.8 0.463988
199.9 0.464582
