0 0.050115
0.1 0.0493385
0.2 0.0492178
0.3 0.0488118
0.4 0.0419528
0.5 0.0365448
0.6 0.0345461
0.7 0.0337093
0.8 0.0334874
0.9 0.0358455
1 0.0356441
1.1 0.0350773
1.2 0.0352255
1.3 0.0352467
1.4 0.0466972
1.5 0.0569199
1.6 0.057677
1.7 0.0657082
1.8 0.0673391
1.9 0.0773404
2 0.0801756
2.1 0.0796367
2.2 0.0879237
2.3 0.0967507
2.4 0.097859
2.5 0.103775
2.6 0.110975
2.7 0.115264
2.8 0.121077
2.9 0.131016
3 0.137806
3.1 0.148969
3.2 0.153176
3.3 0.157282
3.4 0.164814
3.5 0.172801
3.6 0.176207
3.7 0.179891
3.8 0.183584
3.9 0.184879
4 0.190164
4.1 0.196601
4.2 0.198386
4.3 0.202311
4.4 0.211393
4.5 0.216449
4.6 0.218848
4.7 0.225523
4.8 0.219881
4.9 0.225602
5 0.228069
5.1 0.22734
5.2 0.227062
5.3 0.229971
5.4 0.234357
5.5 0.236216
5.6 0.234982
5.7 0.243216
5.8 0.254318
5.9 0.253885
6 0.253559
6.1 0.254944
6.2 0.253915
6.3 0.254401
6.4 0.254783
6.5 0.255661
6.6 0.254013
6.7 0.253452
6.8 0.247018
6.9 0.247479
7 0.260173
7.1 0.257533
7.2 0.265521
7.3 0.260212
7.4 0.253583
7.5 0.261546
7.6 0.254495
7.7 0.26057
7.8 0.251636
7.9 0.262866
8 0.268723
8.1 0.263072
8.2 0.26625
8.3 0.268756
8.4 0.264118
8.5 0.27157
8.6 0.278656
8.7 0.290146
8.8 0.302811
8.9 0.309858
9 0.314047
9.1 0.320604
9.2 0.324068
9.3 0.329759
9.4 0.334767
9.5 0.337874
9.6 0.344123
9.7 0.354644
9.8 0.358319
9.9 0.357658
10 0.349061
10.1 0.355387
10.2 0.36261
10.3 0.371737
10.4 0.381999
10.5 0.383607
10.6 0.392477
10.7 0.39785
10.8 0.405941
10.9 0.414296
11 0.42547
11.1 0.435149
11.2 0.442246
11.3 0.448512
11.4 0.460456
11.5 0.471369
11.6 0.469957
11.7 0.476811
11.8 0.485373
11.9 0.497439
12 0.508842
12.1 0.512502
12.2 0.523074
12.3 0.529432
12.4 0.536612
12.5 0.540425
12.6 0.543258
12.7 0.547652
12.8 0.544281
12.9 0.547168
13 0.555032
13.1 0.556215
13.2 0.558753
13.3 0.55926
13.4 0.557933
13.5 0.561128
13.6 0.560865
13.7 0.566981
13.8 0.566619
13.9 0.570023
14 0.574819
14.1 0.574432
14.2 0.581983
14.3 0.584777
14.4 0.587316
14.5 0.597407
14.6 0.600428
14.7 0.608246
14.8 0.612286
14.9 0.609045
