0 0.0570005
0.1 0.0610157
0.2 0.0635321
0.3 0.0597668
0.4 0.0513993
0.5 0.060047
0.6 0.0660279
0.7 0.0685237
0.8 0.0739314
0.9 0.0736929
1 0.0651176
1.1 0.0631309
1.2 0.0564603
1.3 0.05821
1.4 0.0611719
1.5 0.0538282
1.6 0.0548449
1.7 0.0580701
1.8 0.0607443
1.9 0.069075
2 0.0674968
2.1 0.0695644
2.2 0.068822
2.3 0.0774557
2.4 0.0788966
2.5 0.0809098
2.6 0.06559
2.7 0.0572772
2.8 0.0553271
2.9 0.052584
3 0.057217
3.1 0.0535512
3.2 0.0561585
3.3 0.0641194
3.4 0.0506284
3.5 0.0431747
3.6 0.049981
3.7 0.0599174
3.8 0.0551598
3.9 0.0612092
4 0.0650481
4.1 0.0764195
4.2 0.0766995
4.3 0.0809905
4.4 0.0879659
4.5 0.0734035
4.6 0.0621193
4.7 0.0565117
4.8 0.06106
4.9 0.0562798
5 0.0516124
5.1 0.0519081
5.2 0.0433058
5.3 0.0520493
5.4 0.0536977
5.5 0.0408192
5.6 0.048652
5.7 0.0502901
5.8 0.0429636
5.9 0.0459576
6 0.0341353
6.1 0.028702
6.2 0.0300823
6.3 0.0239779
6.4 0.0283892
6.5 0.0226892
6.6 0.028585
6.7 0.0308713
6.8 0.0246699
6.9 0.0299341
7 0.0300285
7.1 0.0375913
7.2 0.0392652
7.3 0.027112
7.4 0.0163703
7.5 0.0215118
7.6 0.0198112
7.7 0.0158307
7.8 0.019293
7.9 0.0158012
8 0.00681967
8.1 0.0112593
8.2 0.00657933
8.3 0.0101787
8.4 0.0177029
8.5 0.0309856
8.6 0.0251447
8.7 0.0265483
8.8 0.0266244
8.9 0.0338341
9 0.0214615
9.1 0.0264687
9.2 0.0397164
9.3 0.0326636
9.4 0.0277601
9.5 0.0216975
9.6 0.0221917
9.7 0.0201822
9.8 0.0268293
9.9 0.0196376
10 0.0317727
10.1 0.0319619
10.2 0.0308819
10.3 0.0315065
10.4 0.025078
10.5 0.0324464
10.6 0.0368032
10.7 0.0285915
10.8 0.0223088
10.9 0.0227791
11 0.0193123
11.1 0.0327225
11.2 0.039488
11.3 0.0354793
11.4 0.0421423
11.5 0.037932
11.6 0.0224941
11.7 0.0234192
11.8 0.0217243
11.9 0.0128121
12 0.018075
12.1 0.0171446
12.2 0.020727
12.3 0.029735
12.4 0.03058
12.5 0.0423673
12.6 0.0433626
12.7 0.048779
12.8 0.0530141
12.9 0.052676
13 0.0539495
13.1 0.0490871
13.2 0.0431628
13.3 0.0434474
13.4 0.0532514
13.5 0.0626406
13.6 0.0615579
13.7 0.0774015
13.8 0.0841593
13.9 0.0892963
14 0.0962609
14.1 0.0983351
14.2 0.0968743
14.3 0.0895362
14.4 0.089928
14.5 0.089183
14.6 0.0880256
14.7 0.0980485
14.8 0.0965554
14.9 0.109419
15 0.112897
15.1 0.115624
15.2 0.119126
15.3 0.113315
15.4 0.119154
15.5 0.135649
15.6 0.141561
15.7 0.144977
15.8 0.153514
15.9 0.15829
16 0.155429
16.1 0.154747
16.2 0.154911
16.3 0.146866
16.4 0.137479
16.5 0.132827
16.6 0.132332
16.7 0.132043
16.8 0.121884
16.9 0.11687
17 0.112843
17.1 0.11286
17.2 0.10454
17.3 0.0935253
17.4 0.0903362
17.5 0.100611
17.6 0.103952
17.7 0.112143
17.8 0.111902
17.9 0.109686
18 0.106835
18.1 0.111407
18.2 0.11556
18.3 0.121657
18.4 0.124534
18.5 0.125682
18.6 0.137501
18.7 0.133981
18.8 0.12615
18.9 0.125556
19 0.131095
19.1 0.148379
19.2 0.140066
19.3 0.13613
19.4 0.145118
19.5 0.135271
19.6 0.12943
19.7 0.120908
19.8 0.114312
19.9 0.113919
20 0.12179
20.1 0.119844
20.2 0.120575
20.3 0.129168
20.4 0.134345
20.5 0.137722
20.6 0.144704
20.7 0.140339
20.8 0.154492
20.9 0.162232
21 0.164323
21.1 0.166419
21.2 0.173685
21.3 0.183655
21.4 0.183593
21.5 0.202959
21.6 0.207326
21.7 0.212822
21.8 0.225316
21.9 0.2281
22 0.232052
22.1 0.230712
22.2 0.236814
22.3 0.238707
22.4 0.252334
22.5 0.257927
22.6 0.25674
22.7 0.253941
22.8 0.256445
22.9 0.268459
23 0.270908
23.1 0.278212
23.2 0.27728
23.3 0.271762
23.4 0.270034
23.5 0.264097
23.6 0.26129
23.7 0.261524
23.8 0.262799
23.9 0.26405
24 0.269734
24.1 0.269343
24.2 0.26752
24.3 0.267895
24.4 0.270375
24.5 0.27684
24.6 0.287057
24.7 0.292205
24.8 0.291707
24.9 0.28834
25 0.292284
25.1 0.306441
25.2 0.309817
25.3 0.303493
25.4 0.30684
25.5 0.312251
25.6 0.312741
25.7 0.316481
25.8 0.319581
25.9 0.313605
26 0.311492
26.1 0.297528
26.2 0.295425
26.3 0.294625
26.4 0.290603
26.5 0.288297
26.6 0.29545
26.7 0.291562
26.8 0.283292
26.9 0.276891
27 0.267305
27.1 0.262835
27.2 0.270581
27.3 0.264345
27.4 0.263497
27.5 0.265619
27.6 0.264442
27.7 0.252641
27.8 0.25116
27.9 0.242503
28 0.24037
28.1 0.239521
28.2 0.242301
28.3 0.230566
28.4 0.226543
28.5 0.234371
28.6 0.239619
28.7 0.247829
28.8 0.242436
28.9 0.246367
29 0.244199
29.1 0.242095
29.2 0.242966
29.3 0.252684
29.4 0.253714
29.5 0.257255
29.6 0.256849
29.7 0.254463
29.8 0.253192
29.9 0.252138
30 0.258119
30.1 0.265654
30.2 0.27419
30.3 0.278849
30.4 0.282686
30.5 0.290388
30.6 0.291267
30.7 0.293015
30.8 0.297844
30.9 0.294601
31 0.289946
31.1 0.287343
31.2 0.287713
31.3 0.28535
31.4 0.278492
31.5 0.284177
31.6 0.299196
31.7 0.304223
31.8 0.311622
31.9 0.313844
32 0.315356
32.1 0.32519
32.2 0.338112
32.3 0.341819
32.4 0.340002
32.5 0.32986
32.6 0.33015
32.7 0.326535
32.8 0.333246
32.9 0.335565
33 0.338546
33.1 0.346237
33.2 0.357172
33.3 0.359108
33.4 0.359923
33.5 0.36012
33.6 0.355482
33.7 0.360135
33.8 0.362897
33.9 0.369109
34 0.373768
34.1 0.37997
34.2 0.367273
34.3 0.365631
34.4 0.369211
34.5 0.36416
34.6 0.370921
34.7 0.373058
34.8 0.377687
34.9 0.377535
35 0.37161
35.1 0.381461
35.2 0.374203
35.3 0.373338
35.4 0.376929
35.5 0.37613
35.6 0.382556
35.7 0.382839
35.8 0.380631
35.9 0.384473
36 0.388202
36.1 0.398765
36.2 0.396191
36.3 0.410144
36.4 0.400143
36.5 0.400759
36.6 0.414284
36.7 0.416664
36.8 0.413561
36.9 0.409763
37 0.407118
37.1 0.411766
37.2 0.412075
37.3 0.414123
37.4 0.416089
37.5 0.420315
37.6 0.421454
37.7 0.421174
37.8 0.418187
37.9 0.425108
38 0.429121
38.1 0.433155
38.2 0.438024
38.3 0.441
38.4 0.431659
38.5 0.435902
38.6 0.427289
38.7 0.438572
38.8 0.449232
38.9 0.452387
39 0.462566
39.1 0.45942
39.2 0.448854
39.3 0.44587
39.4 0.44744
39.5 0.454264
39.6 0.457729
39.7 0.456811
39.8 0.461463
39.9 0.463714
40 0.472018
40.1 0.473381
40.2 0.482748
40.3 0.495075
40.4 0.499881
40.5 0.507114
40.6 0.509737
40.7 0.515374
40.8 0.518296
40.9 0.523307
41 0.532102
41.1 0.5271
41.2 0.527749
41.3 0.529996
41.4 0.538069
41.5 0.536056
41.6 0.548879
41.7 0.545728
41.8 0.55802
41.9 0.563591
42 0.565189
42.1 0.567229
42.2 0.571957
42.3 0.578425
42.4 0.587899
42.5 0.595833
42.6 0.596846
42.7 0.601392
42.8 0.596336
42.9 0.59477
43 0.596695
43.1 0.586243
43.2 0.592557
43.3 0.595237
43.4 0.584371
43.5 0.580893
43.6 0.585904
43.7 0.591058
43.8 0.595556
43.9 0.591649
44 0.595374
44.1 0.600808
44.2 0.600082
44.3 0.602835
44.4 0.615537
44.5 0.616725
44.6 0.621089
44.7 0.615067
44.8 0.609757
44.9 0.61512
45 0.617917
45.1 0.611194
45.2 0.611538
45.3 0.617544
45.4 0.618603
45.5 0.611302
45.6 0.618275
45.7 0.622472
45.8 0.630452
45.9 0.634192
46 0.627965
46.1 0.633871
46.2 0.63155
46.3 0.640254
46.4 0.630459
46.5 0.634533
46.6 0.638551
46.7 0.646958
46.8 0.650171
46.9 0.649908
47 0.657306
47.1 0.652755
47.2 0.655903
47.3 0.650883
47.4 0.649724
47.5 0.641698
47.6 0.644812
47.7 0.648742
47.8 0.651646
47.9 0.651063
48 0.6584
48.1 0.661203
48.2 0.64609
48.3 0.64848
48.4 0.644768
48.5 0.6429
48.6 0.641433
48.7 0.640804
48.8 0.63941
48.9 0.633507
49 0.631441
49.1 0.631259
49.2 0.626087
49.3 0.624411
49.4 0.61513
49.5 0.623446
49.6 0.624138
49.7 0.624357
49.8 0.625249
49.9 0.622513
50 0.627076
50.1 0.62563
50.2 0.625069
50.3 0.629384
50.4 0.630449
50.5 0.635843
50.6 0.64025
50.7 0.643185
50.8 0.638966
50.9 0.634895
51 0.635715
51.1 0.639744
51.2 0.638406
51.3 0.640145
51.4 0.639376
51.5 0.64479
51.6 0.656104
51.7 0.655285
51.8 0.656993
51.9 0.6558
52 0.656012
52.1 0.653467
52.2 0.656018
52.3 0.65881
52.4 0.648532
52.5 0.645915
52.6 0.648759
52.7 0.642022
52.8 0.640068
52.9 0.646966
53 0.646322
53.1 0.633581
53.2 0.632846
53.3 0.644421
53.4 0.64224
53.5 0.636951
53.6 0.645125
53.7 0.641736
53.8 0.644489
53.9 0.650008
54 0.64251
54.1 0.637212
54.2 0.638058
54.3 0.637619
54.4 0.641218
54.5 0.642026
54.6 0.641804
54.7 0.638588
54.8 0.63385
54.9 0.628536
55 0.636122
55.1 0.641623
55.2 0.637307
55.3 0.630701
55.4 0.637574
55.5 0.639153
55.6 0.634419
55.7 0.63111
55.8 0.633973
55.9 0.633779
56 0.652907
56.1 0.653105
56.2 0.657617
56.3 0.658691
56.4 0.67277
56.5 0.670506
56.6 0.667453
56.7 0.660845
56.8 0.655813
56.9 0.661382
57 0.657547
57.1 0.664882
57.2 0.665358
57.3 0.665185
57.4 0.664942
57.5 0.666534
57.6 0.657368
57.7 0.657331
57.8 0.656028
57.9 0.6541
58 0.661879
58.1 0.676062
58.2 0.684209
58.3 0.682332
58.4 0.68343
58.5 0.687073
58.6 0.688815
58.7 0.696897
58.8 0.695942
58.9 0.705253
59 0.695256
59.1 0.707587
59.2 0.709219
59.3 0.712654
59.4 0.712711
59.5 0.707928
59.6 0.704932
59.7 0.709505
59.8 0.717326
59.9 0.722389
60 0.730759
60.1 0.735906
60.2 0.740003
60.3 0.741236
60.4 0.748221
60.5 0.747817
60.6 0.740527
60.7 0.736068
60.8 0.729464
60.9 0.730472
61 0.729918
61.1 0.725079
61.2 0.723199
61.3 0.728784
61.4 0.730282
61.5 0.736692
61.6 0.738069
61.7 0.727534
61.8 0.727769
61.9 0.728349
62 0.720867
62.1 0.729083
62.2 0.725301
62.3 0.72845
62.4 0.726831
62.5 0.724781
62.6 0.728184
62.7 0.728758
62.8 0.731753
62.9 0.73939
63 0.73891
63.1 0.745116
63.2 0.751139
63.3 0.746276
63.4 0.745155
63.5 0.749797
63.6 0.753421
63.7 0.751333
63.8 0.755326
63.9 0.746638
64 0.748352
64.1 0.735943
64.2 0.733681
64.3 0.730845
64.4 0.720536
64.5 0.711898
64.6 0.713222
64.7 0.70975
64.8 0.708576
64.9 0.705594
65 0.700088
65.1 0.705358
65.2 0.702142
65.3 0.708583
65.4 0.720231
65.5 0.712933
65.6 0.706965
65.7 0.703428
65.8 0.710334
65.9 0.710954
66 0.714764
66.1 0.721883
66.2 0.730602
66.3 0.735526
66.4 0.745906
66.5 0.742167
66.6 0.739609
66.7 0.743107
66.8 0.745141
66.9 0.748417
67 0.750381
67.1 0.751011
67.2 0.757794
67.3 0.760412
67.4 0.745484
67.5 0.746188
67.6 0.752652
67.7 0.74474
67.8 0.754429
67.9 0.747273
68 0.752247
68.1 0.755818
68.2 0.756095
68.3 0.758303
68.4 0.767804
68.5 0.762413
68.6 0.757135
68.7 0.751166
68.8 0.751033
68.9 0.750033
69 0.755052
69.1 0.763782
69.2 0.755471
69.3 0.755995
69.4 0.756051
69.5 0.757299
69.6 0.757371
69.7 0.75392
69.8 0.756827
69.9 0.754336
70 0.751751
70.1 0.750218
70.2 0.750407
70.3 0.752067
70.4 0.746316
70.5 0.744007
70.6 0.739805
70.7 0.739169
70.8 0.731738
70.9 0.731742
71 0.729419
71.1 0.725377
71.2 0.718836
71.3 0.716594
71.4 0.71856
71.5 0.720001
71.6 0.724357
71.7 0.723824
71.8 0.723905
71.9 0.715639
72 0.710695
72.1 0.70143
72.2 0.703082
72.3 0.702843
72.4 0.698338
72.5 0.70043
72.6 0.690361
72.7 0.691825
72.8 0.683716
72.9 0.700024
73 0.695686
73.1 0.69939
73.2 0.695235
73.3 0.689098
73.4 0.682535
73.5 0.684556
73.6 0.680692
73.7 0.686427
73.8 0.694464
73.9 0.689247
74 0.689899
74.1 0.69146
74.2 0.695495
74.3 0.693044
74.4 0.692423
74.5 0.689636
74.6 0.692559
74.7 0.69131
74.8 0.693929
74.9 0.689923
75 0.687374
75.1 0.690289
75.2 0.689555
75.3 0.690242
75.4 0.68943
75.5 0.697609
75.6 0.692284
75.7 0.689545
75.8 0.696402
75.9 0.704644
76 0.703638
76.1 0.70093
76.2 0.703728
76.3 0.699417
76.4 0.698161
76.5 0.692912
76.6 0.691305
76.7 0.692682
76.8 0.701564
76.9 0.693676
77 0.693012
77.1 0.693454
77.2 0.690983
77.3 0.695294
77.4 0.69958
77.5 0.696375
77.6 0.695851
77.7 0.699193
77.8 0.697498
77.9 0.696419
78 0.690834
78.1 0.690911
78.2 0.69076
78.3 0.700582
78.4 0.698695
78.5 0.700946
78.6 0.70321
78.7 0.702298
78.8 0.700242
78.9 0.703474
79 0.712187
79.1 0.710822
79.2 0.710615
79.3 0.71897
79.4 0.716343
79.5 0.707635
79.6 0.694966
79.7 0.704335
79.8 0.709088
79.9 0.71136
80 0.716615
80.1 0.722738
80.2 0.719242
80.3 0.721572
80.4 0.721218
80.5 0.728513
80.6 0.730275
80.7 0.728137
80.8 0.725341
80.9 0.72132
81 0.718897
81.1 0.715155
81.2 0.715982
81.3 0.708439
81.4 0.686701
81.5 0.694705
81.6 0.694764
81.7 0.695363
81.8 0.709131
81.9 0.703951
82 0.711815
82.1 0.70548
82.2 0.700016
82.3 0.697633
82.4 0.695523
82.5 0.697729
82.6 0.693861
82.7 0.698273
82.8 0.698101
82.9 0.69932
83 0.698119
83.1 0.699164
83.2 0.695132
83.3 0.700505
83.4 0.691442
83.5 0.688446
83.6 0.678025
83.7 0.67102
83.8 0.667783
83.9 0.671954
84 0.673555
84.1 0.670101
84.2 0.673502
84.3 0.685267
84.4 0.686266
84.5 0.687917
84.6 0.687082
84.7 0.689853
84.8 0.69444
84.9 0.69908
85 0.709798
85.1 0.714
85.2 0.713543
85.3 0.711155
85.4 0.719684
85.5 0.725272
85.6 0.714521
85.7 0.719036
85.8 0.708445
85.9 0.70294
86 0.704707
86.1 0.705353
86.2 0.695241
86.3 0.698457
86.4 0.700636
86.5 0.695675
86.6 0.698836
86.7 0.708593
86.8 0.706247
86.9 0.704643
87 0.711432
87.1 0.715656
87.2 0.716062
87.3 0.719973
87.4 0.719024
87.5 0.715644
87.6 0.70866
87.7 0.716125
87.8 0.714805
87.9 0.717605
88 0.710515
88.1 0.721583
88.2 0.717531
88.3 0.718473
88.4 0.718965
88.5 0.722314
88.6 0.722465
88.7 0.71873
88.8 0.720118
88.9 0.725338
89 0.723811
89.1 0.720362
89.2 0.717688
89.3 0.707819
89.4 0.715172
89.5 0.709078
89.6 0.701987
89.7 0.704996
89.8 0.702536
89.9 0.703461
90 0.696809
90.1 0.693013
90.2 0.689359
90.3 0.698009
90.4 0.692726
90.5 0.68816
90.6 0.700537
90.7 0.697505
90.8 0.691573
90.9 0.696744
91 0.698134
91.1 0.690129
91.2 0.690678
91.3 0.696717
91.4 0.693924
91.5 0.698608
91.6 0.69902
91.7 0.707211
91.8 0.711894
91.9 0.709013
92 0.719418
92.1 0.72096
92.2 0.722412
92.3 0.719472
92.4 0.717663
92.5 0.710025
92.6 0.711754
92.7 0.710551
92.8 0.712815
92.9 0.714868
93 0.718514
93.1 0.713791
93.2 0.713164
93.3 0.714064
93.4 0.709621
93.5 0.714885
93.6 0.707527
93.7 0.70004
93.8 0.697312
93.9 0.702832
94 0.70517
94.1 0.710472
94.2 0.710642
94.3 0.717302
94.4 0.719085
94.5 0.715032
94.6 0.709966
94.7 0.708138
94.8 0.704906
94.9 0.700549
95 0.699797
95.1 0.707066
95.2 0.707305
95.3 0.707855
95.4 0.701054
95.5 0.717238
95.6 0.722464
95.7 0.727719
95.8 0.723017
95.9 0.72368
96 0.726747
96.1 0.723901
96.2 0.722605
96.3 0.720953
96.4 0.717736
96.5 0.719937
96.6 0.724646
96.7 0.718359
96.8 0.722921
96.9 0.716055
97 0.714475
97.1 0.70934
97.2 0.713842
97.3 0.720221
97.4 0.719489
97.5 0.730323
97.6 0.732385
97.7 0.726111
97.8 0.720662
97.9 0.722228
98 0.721005
98.1 0.716197
98.2 0.722326
98.3 0.718092
98.4 0.720917
98.5 0.713133
98.6 0.714095
98.7 0.717725
98.8 0.698618
98.9 0.701157
99 0.693976
99.1 0.700713
99.2 0.700666
99.3 0.697419
99.4 0.697362
99.5 0.69876
99.6 0.693149
99.7 0.699232
99.8 0.704027
99.9 0.709319
100 0.707804
100.1 0.714159
100.2 0.709081
100.3 0.709658
100.4 0.709207
100.5 0.707542
100.6 0.703555
100.7 0.698322
100.8 0.69743
100.9 0.697368
101 0.699875
101.1 0.693968
101.2 0.696827
101.3 0.706128
101.4 0.701903
101.5 0.697566
101.6 0.698827
101.7 0.693056
101.8 0.693057
101.9 0.698518
102 0.696983
102.1 0.698519
102.2 0.693466
102.3 0.693917
102.4 0.696507
102.5 0.708394
102.6 0.713043
102.7 0.706794
102.8 0.714133
102.9 0.713111
103 0.715672
103.1 0.714212
103.2 0.710762
103.3 0.706261
103.4 0.711844
103.5 0.704198
103.6 0.700967
103.7 0.702344
103.8 0.704792
103.9 0.708486
104 0.714536
104.1 0.71788
104.2 0.718896
104.3 0.728106
104.4 0.730415
104.5 0.732779
104.6 0.737114
104.7 0.73094
104.8 0.730627
104.9 0.724995
105 0.720813
105.1 0.721772
105.2 0.730679
105.3 0.730845
105.4 0.73178
105.5 0.730518
105.6 0.728174
105.7 0.726662
105.8 0.727353
105.9 0.722526
106 0.721844
106.1 0.71549
106.2 0.710914
106.3 0.713255
106.4 0.721472
106.5 0.722276
106.6 0.71983
106.7 0.721222
106.8 0.718701
106.9 0.72112
107 0.71932
107.1 0.712696
107.2 0.711
107.3 0.7088
107.4 0.706
107.5 0.702702
107.6 0.703611
107.7 0.70242
107.8 0.707515
107.9 0.70801
108 0.70863
108.1 0.71005
108.2 0.715375
108.3 0.725666
108.4 0.725674
108.5 0.734131
108.6 0.740539
108.7 0.746868
108.8 0.749703
108.9 0.744899
109 0.742875
109.1 0.747209
109.2 0.73979
109.3 0.73616
109.4 0.741683
109.5 0.741529
109.6 0.742796
109.7 0.745055
109.8 0.755109
109.9 0.756315
110 0.755717
110.1 0.757752
110.2 0.756844
110.3 0.762933
110.4 0.766791
110.5 0.767956
110.6 0.76178
110.7 0.768496
110.8 0.762107
110.9 0.766646
111 0.761381
111.1 0.76316
111.2 0.764252
111.3 0.763979
111.4 0.768299
111.5 0.758603
111.6 0.764576
111.7 0.759724
111.8 0.760847
111.9 0.760266
112 0.762618
112.1 0.75917
112.2 0.764377
112.3 0.759211
112.4 0.754323
112.5 0.749223
112.6 0.748645
112.7 0.748541
112.8 0.753478
112.9 0.746328
113 0.747586
113.1 0.754941
113.2 0.759884
113.3 0.756516
113.4 0.749814
113.5 0.749623
113.6 0.747021
113.7 0.740502
113.8 0.740278
113.9 0.741518
114 0.748308
114.1 0.751054
114.2 0.752308
114.3 0.746226
114.4 0.744086
114.5 0.738958
114.6 0.739791
114.7 0.7464
114.8 0.748921
114.9 0.749388
115 0.745932
115.1 0.74921
115.2 0.754008
115.3 0.757074
115.4 0.750634
115.5 0.75094
115.6 0.749379
115.7 0.752651
115.8 0.758813
115.9 0.755636
116 0.755791
116.1 0.756916
116.2 0.752756
116.3 0.748874
116.4 0.752486
116.5 0.749659
116.6 0.75262
116.7 0.750304
116.8 0.751291
116.9 0.743839
117 0.740566
117.1 0.742432
117.2 0.74124
117.3 0.743581
117.4 0.742467
117.5 0.744881
117.6 0.742176
117.7 0.740731
117.8 0.745186
117.9 0.752327
118 0.74581
118.1 0.751293
118.2 0.75551
118.3 0.757355
118.4 0.760605
118.5 0.755895
118.6 0.759983
118.7 0.757473
118.8 0.751259
118.9 0.763102
119 0.767844
119.1 0.772142
119.2 0.770743
119.3 0.774913
119.4 0.784618
119.5 0.786193
119.6 0.778532
119.7 0.771034
119.8 0.775559
119.9 0.774464
120 0.770622
120.1 0.76644
120.2 0.76791
120.3 0.766128
120.4 0.760542
120.5 0.762805
120.6 0.758826
120.7 0.761691
120.8 0.759188
120.9 0.76205
121 0.759884
121.1 0.752486
121.2 0.751435
121.3 0.760445
121.4 0.751449
121.5 0.752403
121.6 0.759654
121.7 0.765119
121.8 0.757633
121.9 0.753029
122 0.752931
122.1 0.751853
122.2 0.744496
122.3 0.741623
122.4 0.738186
122.5 0.73374
122.6 0.732537
122.7 0.733548
122.8 0.738359
122.9 0.737913
123 0.744084
123.1 0.750001
123.2 0.750736
123.3 0.745909
123.4 0.742271
123.5 0.747474
123.6 0.751778
123.7 0.745605
123.8 0.751229
123.9 0.74511
124 0.7379
124.1 0.73021
124.2 0.72122
124.3 0.717029
124.4 0.716665
124.5 0.71001
124.6 0.707471
124.7 0.702032
124.8 0.698982
124.9 0.70035
125 0.703271
125.1 0.700334
125.2 0.693895
125.3 0.698507
125.4 0.694574
125.5 0.695587
125.6 0.680719
125.7 0.679067
125.8 0.680363
125.9 0.675725
126 0.682448
126.1 0.689357
126.2 0.687164
126.3 0.687095
126.4 0.685707
126.5 0.677487
126.6 0.678602
126.7 0.680574
126.8 0.680126
126.9 0.678977
127 0.683421
127.1 0.676842
127.2 0.676403
127.3 0.6703
127.4 0.676483
127.5 0.686058
127.6 0.687849
127.7 0.685731
127.8 0.683653
127.9 0.686588
128 0.692481
128.1 0.696272
128.2 0.697479
128.3 0.69834
128.4 0.70279
128.5 0.712775
128.6 0.712547
128.7 0.712411
128.8 0.714382
128.9 0.704701
129 0.708631
129.1 0.709862
129.2 0.712407
129.3 0.710146
129.4 0.712588
129.5 0.710065
129.6 0.707141
129.7 0.704802
129.8 0.706667
129.9 0.710409
130 0.71853
130.1 0.724586
130.2 0.725181
130.3 0.720375
130.4 0.724497
130.5 0.725056
130.6 0.720641
130.7 0.727108
130.8 0.723662
130.9 0.721921
131 0.729695
131.1 0.728671
131.2 0.724232
131.3 0.726168
131.4 0.734013
131.5 0.725612
131.6 0.721594
131.7 0.7108
131.8 0.716544
131.9 0.722558
132 0.727494
132.1 0.731721
132.2 0.724867
132.3 0.727206
132.4 0.730766
132.5 0.736069
132.6 0.733531
132.7 0.725411
132.8 0.725156
132.9 0.723886
133 0.723401
133.1 0.72314
133.2 0.722389
133.3 0.720155
133.4 0.712716
133.5 0.71435
133.6 0.721526
133.7 0.721568
133.8 0.727048
133.9 0.736542
134 0.746393
134.1 0.753059
134.2 0.747414
134.3 0.752983
134.4 0.754747
134.5 0.762518
134.6 0.754855
134.7 0.757708
134.8 0.757259
134.9 0.754579
135 0.762618
135.1 0.755353
135.2 0.755274
135.3 0.753645
135.4 0.753392
135.5 0.756571
135.6 0.757605
135.7 0.752789
135.8 0.754098
135.9 0.754318
136 0.755949
136.1 0.751063
136.2 0.75659
136.3 0.759976
136.4 0.766567
136.5 0.767252
136.6 0.768646
136.7 0.767444
136.8 0.773756
136.9 0.776484
137 0.785729
137.1 0.789671
137.2 0.79125
137.3 0.783986
137.4 0.779323
137.5 0.77435
137.6 0.771613
137.7 0.757857
137.8 0.752844
137.9 0.746814
138 0.750577
138.1 0.749533
138.2 0.73858
138.3 0.741179
138.4 0.741518
138.5 0.739152
138.6 0.736283
138.7 0.741759
138.8 0.742234
138.9 0.748418
139 0.741942
139.1 0.738816
139.2 0.739227
139.3 0.733875
139.4 0.734261
139.5 0.73173
139.6 0.728698
139.7 0.729668
139.8 0.735978
139.9 0.732954
140 0.737844
140.1 0.735301
140.2 0.736648
140.3 0.733186
140.4 0.727998
140.5 0.715245
140.6 0.718017
140.7 0.713821
140.8 0.725739
140.9 0.724855
141 0.728765
141.1 0.725623
141.2 0.721057
141.3 0.715418
141.4 0.710427
141.5 0.71907
141.6 0.72594
141.7 0.717864
141.8 0.716798
141.9 0.721099
142 0.725405
142.1 0.722404
142.2 0.72242
142.3 0.723578
142.4 0.716856
142.5 0.711044
142.6 0.711431
142.7 0.713686
142.8 0.711387
142.9 0.713087
143 0.717304
143.1 0.723581
143.2 0.725524
143.3 0.722111
143.4 0.71925
143.5 0.713909
143.6 0.707848
143.7 0.719006
143.8 0.72007
143.9 0.720512
144 0.721222
144.1 0.715543
144.2 0.710083
144.3 0.712184
144.4 0.724977
144.5 0.721276
144.6 0.714989
144.7 0.714015
144.8 0.724822
144.9 0.727114
145 0.7278
145.1 0.733817
145.2 0.733573
145.3 0.731802
145.4 0.735035
145.5 0.728719
145.6 0.729452
145.7 0.729538
145.8 0.736673
145.9 0.739341
146 0.746126
146.1 0.74772
146.2 0.747852
146.3 0.744217
146.4 0.740649
146.5 0.729948
146.6 0.73826
146.7 0.737487
146.8 0.742361
146.9 0.744177
147 0.748605
147.1 0.743038
147.2 0.744073
147.3 0.743764
147.4 0.744969
147.5 0.74205
147.6 0.742694
147.7 0.743784
147.8 0.733474
147.9 0.737648
148 0.735229
148.1 0.731825
148.2 0.72637
148.3 0.718916
148.4 0.722157
148.5 0.719676
148.6 0.716727
148.7 0.714085
148.8 0.711681
148.9 0.710082
149 0.715074
149.1 0.71745
149.2 0.721966
149.3 0.721124
149.4 0.72082
149.5 0.7242
149.6 0.717999
149.7 0.719622
149.8 0.714374
149.9 0.708838
150 0.705594
150.1 0.711542
150.2 0.696692
150.3 0.695566
150.4 0.699373
150.5 0.707385
150.6 0.710357
150.7 0.703033
150.8 0.698463
150.9 0.698533
151 0.687638
151.1 0.68826
151.2 0.687562
151.3 0.68455
151.4 0.687581
151.5 0.685287
151.6 0.68619
151.7 0.686956
151.8 0.683864
151.9 0.684587
152 0.683047
152.1 0.684787
152.2 0.680353
152.3 0.679498
152.4 0.67046
152.5 0.65692
152.6 0.657717
152.7 0.660293
152.8 0.663024
152.9 0.658601
153 0.661987
153.1 0.656432
153.2 0.658304
153.3 0.661166
153.4 0.654972
153.5 0.669311
153.6 0.671074
153.7 0.671425
153.8 0.672831
153.9 0.672021
154 0.675289
154.1 0.679086
154.2 0.672975
154.3 0.664941
154.4 0.658954
154.5 0.66466
154.6 0.657457
154.7 0.656949
154.8 0.652737
154.9 0.650985
155 0.653401
155.1 0.655979
155.2 0.653522
155.3 0.64858
155.4 0.651402
155.5 0.655929
155.6 0.652854
155.7 0.648944
155.8 0.650124
155.9 0.666064
156 0.669279
156.1 0.66673
156.2 0.671216
156.3 0.670599
156.4 0.668938
156.5 0.679663
156.6 0.675389
156.7 0.672871
156.8 0.667206
156.9 0.671085
157 0.672946
157.1 0.667998
157.2 0.673914
157.3 0.674838
157.4 0.673551
157.5 0.663893
157.6 0.656092
157.7 0.661898
157.8 0.663401
157.9 0.661423
158 0.662781
158.1 0.670733
158.2 0.668989
158.3 0.667244
158.4 0.653474
158.5 0.656494
158.6 0.663011
158.7 0.661872
158.8 0.669091
158.9 0.672764
159 0.669628
159.1 0.679277
159.2 0.680206
159.3 0.68097
159.4 0.686757
159.5 0.686508
159.6 0.691106
159.7 0.709477
159.8 0.713376
159.9 0.723739
160 0.720863
160.1 0.715336
160.2 0.706251
160.3 0.7162
160.4 0.71681
160.5 0.709243
160.6 0.708206
160.7 0.7155
160.8 0.709845
160.9 0.71067
161 0.711438
161.1 0.707387
161.2 0.706624
161.3 0.715693
161.4 0.712422
161.5 0.715777
161.6 0.72287
161.7 0.715173
161.8 0.715447
161.9 0.716206
162 0.706276
162.1 0.708467
162.2 0.704954
162.3 0.710493
162.4 0.702906
162.5 0.702116
162.6 0.701075
162.7 0.696429
162.8 0.693489
162.9 0.697069
163 0.692775
163.1 0.693162
163.2 0.685868
163.3 0.686267
163.4 0.684874
163.5 0.689899
163.6 0.691871
163.7 0.691827
163.8 0.696135
163.9 0.708666
164 0.703708
164.1 0.709573
164.2 0.709704
164.3 0.706301
164.4 0.707857
164.5 0.708855
164.6 0.708163
164.7 0.69947
164.8 0.695862
164.9 0.690649
165 0.696838
165.1 0.695998
165.2 0.704242
165.3 0.704232
165.4 0.69264
165.5 0.696053
165.6 0.698621
165.7 0.69568
165.8 0.695627
165.9 0.687873
166 0.683427
166.1 0.677095
166.2 0.679607
166.3 0.680077
166.4 0.681622
166.5 0.682992
166.6 0.68386
166.7 0.685911
166.8 0.691233
166.9 0.682209
167 0.687003
167.1 0.689193
167.2 0.688417
167.3 0.699193
167.4 0.707073
167.5 0.71016
167.6 0.719545
167.7 0.725409
167.8 0.731209
167.9 0.737667
168 0.738201
168.1 0.743728
168.2 0.739377
168.3 0.750941
168.4 0.742373
168.5 0.743868
168.6 0.741695
168.7 0.743303
168.8 0.738382
168.9 0.733668
169 0.735429
169.1 0.730562
169.2 0.737409
169.3 0.729415
169.4 0.730587
169.5 0.732741
169.6 0.73806
169.7 0.741283
169.8 0.739986
169.9 0.747348
170 0.747664
170.1 0.749356
170.2 0.741336
170.3 0.747968
170.4 0.745222
170.5 0.745478
170.6 0.74144
170.7 0.741674
170.8 0.74746
170.9 0.751919
171 0.752487
171.1 0.743061
171.2 0.749728
171.3 0.747368
171.4 0.750716
171.5 0.749825
171.6 0.748908
171.7 0.749781
171.8 0.755587
171.9 0.749617
172 0.755256
172.1 0.751408
172.2 0.748473
172.3 0.754821
172.4 0.756635
172.5 0.767836
172.6 0.766801
172.7 0.769673
172.8 0.77199
172.9 0.772157
173 0.772976
173.1 0.774482
173.2 0.771985
173.3 0.766902
173.4 0.762393
173.5 0.760737
173.6 0.760332
173.7 0.771615
173.8 0.781334
173.9 0.79123
174 0.789803
174.1 0.797503
174.2 0.797973
174.3 0.792723
174.4 0.793955
174.5 0.800182
174.6 0.80309
174.7 0.804292
174.8 0.795353
174.9 0.798522
175 0.792346
175.1 0.788395
175.2 0.786487
175.3 0.786698
175.4 0.78637
175.5 0.789207
175.6 0.793961
175.7 0.796099
175.8 0.80128
175.9 0.788011
176 0.784914
176.1 0.787905
176.2 0.783
176.3 0.776487
176.4 0.774645
176.5 0.770843
176.6 0.768739
176.7 0.762708
176.8 0.763064
176.9 0.76633
177 0.760891
177.1 0.757328
177.2 0.756102
177.3 0.764341
177.4 0.770063
177.5 0.768583
177.6 0.771886
177.7 0.775809
177.8 0.766706
177.9 0.771591
178 0.772254
178.1 0.774852
178.2 0.773392
178.3 0.769287
178.4 0.770923
178.5 0.769068
178.6 0.765703
178.7 0.764172
178.8 0.766982
178.9 0.766068
179 0.765378
179.1 0.757674
179.2 0.757407
179.3 0.751774
179.4 0.745794
179.5 0.753917
179.6 0.746792
179.7 0.739235
179.8 0.740712
179.9 0.74134
180 0.747104
180.1 0.747692
180.2 0.747936
180.3 0.755028
180.4 0.758467
180.5 0.755138
180.6 0.751955
180.7 0.758371
180.8 0.753868
180.9 0.751935
181 0.760778
181.1 0.757835
181.2 0.748313
181.3 0.749261
181.4 0.750246
181.5 0.745922
181.6 0.745618
181.7 0.733064
181.8 0.730017
181.9 0.736306
182 0.73383
182.1 0.727143
182.2 0.737436
182.3 0.735027
182.4 0.737094
182.5 0.738518
182.6 0.739685
182.7 0.742035
182.8 0.745555
182.9 0.751716
183 0.754963
183.1 0.747817
183.2 0.748235
183.3 0.747002
183.4 0.745398
183.5 0.737796
183.6 0.744174
183.7 0.746988
183.8 0.743727
183.9 0.745614
184 0.739968
184.1 0.735925
184.2 0.732328
184.3 0.732869
184.4 0.731731
184.5 0.733612
184.6 0.730032
184.7 0.727402
184.8 0.733118
184.9 0.729601
185 0.72356
185.1 0.720621
185.2 0.72331
185.3 0.724139
185.4 0.717997
185.5 0.718953
185.6 0.7203
185.7 0.727369
185.8 0.727303
185.9 0.725415
186 0.722286
186.1 0.728066
186.2 0.734177
186.3 0.724698
186.4 0.727274
186.5 0.721694
186.6 0.724476
186.7 0.723817
186.8 0.72762
186.9 0.728983
187 0.737322
187.1 0.734497
187.2 0.731168
187.3 0.735525
187.4 0.734455
187.5 0.730179
187.6 0.732801
187.7 0.726551
187.8 0.727517
187.9 0.725464
188 0.732696
188.1 0.735007
188.2 0.736017
188.3 0.740285
188.4 0.732365
188.5 0.734576
188.6 0.732725
188.7 0.731057
188.8 0.737086
188.9 0.725362
189 0.73399
189.1 0.743907
189.2 0.743357
189.3 0.741038
189.4 0.742228
189.5 0.744146
189.6 0.74112
189.7 0.741003
189.8 0.748106
189.9 0.741155
190 0.736542
190.1 0.738663
190.2 0.743532
190.3 0.747459
190.4 0.737665
190.5 0.735607
190.6 0.725514
190.7 0.724781
190.8 0.726226
190.9 0.725411
191 0.723117
191.1 0.735198
191.2 0.739403
191.3 0.739952
191.4 0.734501
191.5 0.746102
191.6 0.733755
191.7 0.731244
191.8 0.730666
191.9 0.725274
192 0.723138
192.1 0.727256
192.2 0.734191
192.3 0.72208
192.4 0.715961
192.5 0.719984
192.6 0.721864
192.7 0.726776
192.8 0.722237
192.9 0.727796
193 0.723636
193.1 0.725798
193.2 0.729477
193.3 0.726046
193.4 0.724167
193.5 0.731685
193.6 0.732698
193.7 0.73685
193.8 0.730041
193.9 0.739178
194 0.732791
194.1 0.731445
194.2 0.735997
194.3 0.735058
194.4 0.744282
194.5 0.745603
194.6 0.746225
194.7 0.744394
194.8 0.738417
194.9 0.736864
195 0.745791
195.1 0.74739
195.2 0.749028
195.3 0.751044
195.4 0.741864
195.5 0.744082
195.6 0.747224
195.7 0.739973
195.8 0.734874
195.9 0.727
196 0.729919
196.1 0.727926
196.2 0.732784
196.3 0.735539
196.4 0.732644
196.5 0.731442
196.6 0.73603
196.7 0.735202
196.8 0.733515
196.9 0.734678
197 0.732
197.1 0.723485
197.2 0.725849
197.3 0.723304
197.4 0.720417
197.5 0.724278
197.6 0.72853
197.7 0.733173
197.8 0.732651
197.9 0.732986
198 0.738204
198.1 0.730582
198.2 0.732019
198.3 0.727451
198.4 0.722324
198.5 0.717695
198.6 0.714108
198.7 0.70968
198.8 0.710331
198.9 0.713747
199 0.715591
199.1 0.719742
199.2 0.717883
199.3 0.717115
199.4 0.713181
199.5 0.709223
199.6 0.710211
199.7 0.70526
199.8 0.703502
199.9 0.696047
200 0.696402
200.1 0.690791
200.2 0.688425
200.3 0.690015
200.4 0.688224
200.5 0.685831
200.6 0.69343
200.7 0.68265
200.8 0.681325
200.9 0.68167
201 0.695294
201.1 0.696897
201.2 0.691143
201.3 0.691819
201.4 0.695522
201.5 0.695305
201.6 0.707993
201.7 0.708851
201.8 0.711443
201.9 0.711614
202 0.70362
202.1 0.707836
202.2 0.701503
202.3 0.696331
202.4 0.705256
202.5 0.709353
202.6 0.716467
202.7 0.700451
202.8 0.701336
202.9 0.702501
203 0.70617
203.1 0.708997
203.2 0.716362
203.3 0.725542
203.4 0.720419
203.5 0.71932
203.6 0.713334
203.7 0.702336
203.8 0.705543
203.9 0.711918
204 0.708853
204.1 0.703332
204.2 0.710961
204.3 0.714681
204.4 0.710879
204.5 0.703735
204.6 0.709626
204.7 0.709454
204.8 0.708517
204.9 0.713402
205 0.717396
205.1 0.718866
205.2 0.716023
205.3 0.721101
205.4 0.721054
205.5 0.718317
205.6 0.718228
205.7 0.715237
205.8 0.721682
205.9 0.716717
206 0.716194
206.1 0.717757
206.2 0.71853
206.3 0.725259
206.4 0.732183
206.5 0.736814
206.6 0.743832
206.7 0.739975
206.8 0.737856
206.9 0.738958
207 0.733274
207.1 0.727557
207.2 0.728943
207.3 0.732873
207.4 0.73988
207.5 0.741735
207.6 0.748929
207.7 0.752359
207.8 0.750988
207.9 0.760258
208 0.755714
208.1 0.753
208.2 0.747365
208.3 0.751244
208.4 0.751461
208.5 0.748865
208.6 0.747841
208.7 0.747466
208.8 0.758194
208.9 0.75947
209 0.757958
209.1 0.751779
209.2 0.753358
209.3 0.74871
209.4 0.744453
209.5 0.740162
209.6 0.735984
209.7 0.736173
209.8 0.735215
209.9 0.743765
210 0.740404
210.1 0.738903
210.2 0.736471
210.3 0.729345
210.4 0.742304
210.5 0.740727
210.6 0.738271
210.7 0.739224
210.8 0.73507
210.9 0.736201
211 0.739454
211.1 0.740006
211.2 0.734861
211.3 0.736268
211.4 0.740153
211.5 0.746178
211.6 0.743943
211.7 0.748166
211.8 0.749543
211.9 0.748083
212 0.750864
212.1 0.749327
212.2 0.758061
212.3 0.770681
212.4 0.780722
212.5 0.781229
212.6 0.774084
212.7 0.774738
212.8 0.781354
212.9 0.779165
213 0.775318
213.1 0.770183
213.2 0.77122
213.3 0.764683
213.4 0.756138
213.5 0.753252
213.6 0.751791
213.7 0.752088
213.8 0.76
213.9 0.760992
214 0.757688
214.1 0.762248
214.2 0.761078
214.3 0.763047
214.4 0.759735
214.5 0.758932
214.6 0.756098
214.7 0.763424
214.8 0.769352
214.9 0.766137
215 0.766807
215.1 0.764842
215.2 0.770565
215.3 0.774881
215.4 0.771412
215.5 0.771822
215.6 0.769631
215.7 0.771709
215.8 0.766258
215.9 0.769808
216 0.776522
216.1 0.777893
216.2 0.776932
216.3 0.779434
216.4 0.78015
216.5 0.779437
216.6 0.772425
216.7 0.773693
216.8 0.764535
216.9 0.76587
217 0.765277
217.1 0.760115
217.2 0.759741
217.3 0.749623
217.4 0.743773
217.5 0.755757
217.6 0.750006
217.7 0.7562
217.8 0.752636
217.9 0.744432
218 0.753796
218.1 0.755647
218.2 0.754953
218.3 0.753497
218.4 0.748058
218.5 0.744597
218.6 0.747938
218.7 0.751035
218.8 0.741895
218.9 0.73767
219 0.744699
219.1 0.740993
219.2 0.744596
219.3 0.75025
219.4 0.755009
219.5 0.755949
219.6 0.751883
219.7 0.749137
219.8 0.758031
219.9 0.758188
220 0.757843
220.1 0.749003
220.2 0.7393
220.3 0.741851
220.4 0.742761
220.5 0.742777
220.6 0.735118
220.7 0.729701
220.8 0.726647
220.9 0.721367
221 0.731365
221.1 0.735462
221.2 0.741356
221.3 0.744435
221.4 0.73813
221.5 0.732079
221.6 0.730282
221.7 0.730746
221.8 0.731701
221.9 0.730912
222 0.727886
222.1 0.732294
222.2 0.727795
222.3 0.728393
222.4 0.731071
222.5 0.732699
222.6 0.733611
222.7 0.732055
222.8 0.732118
222.9 0.731136
223 0.7348
223.1 0.742582
223.2 0.737267
223.3 0.743933
223.4 0.742755
223.5 0.745778
223.6 0.751027
223.7 0.756488
223.8 0.756293
223.9 0.755209
224 0.755952
224.1 0.755494
224.2 0.749889
224.3 0.744019
224.4 0.742943
224.5 0.747491
224.6 0.749404
224.7 0.744502
224.8 0.741134
224.9 0.728489
225 0.730065
225.1 0.727664
225.2 0.725976
225.3 0.729342
225.4 0.731559
225.5 0.732726
225.6 0.737118
225.7 0.734017
225.8 0.740538
225.9 0.745293
226 0.737955
226.1 0.737645
226.2 0.746169
226.3 0.749864
226.4 0.744555
226.5 0.750239
226.6 0.741989
226.7 0.743576
226.8 0.748557
226.9 0.741911
227 0.747051
227.1 0.74868
227.2 0.740771
227.3 0.746527
227.4 0.746638
227.5 0.739887
227.6 0.739511
227.7 0.739914
227.8 0.735127
227.9 0.735555
228 0.735005
228.1 0.740879
228.2 0.738435
228.3 0.7353
228.4 0.737114
228.5 0.740444
228.6 0.737231
228.7 0.731922
228.8 0.730949
228.9 0.724726
229 0.726801
229.1 0.735244
229.2 0.729262
229.3 0.732725
229.4 0.73591
229.5 0.737631
229.6 0.744811
229.7 0.753345
229.8 0.748993
229.9 0.739801
230 0.733365
230.1 0.738959
230.2 0.743547
230.3 0.749938
230.4 0.755703
230.5 0.758281
230.6 0.753651
230.7 0.753057
230.8 0.751383
230.9 0.759403
231 0.763023
231.1 0.76211
231.2 0.760765
231.3 0.755705
231.4 0.761449
231.5 0.758412
231.6 0.760465
231.7 0.760072
231.8 0.756411
231.9 0.759895
232 0.759431
232.1 0.759934
232.2 0.752799
232.3 0.748581
232.4 0.746221
232.5 0.749685
232.6 0.75161
232.7 0.741029
232.8 0.741915
232.9 0.740977
233 0.737019
233.1 0.743947
233.2 0.745602
233.3 0.747905
233.4 0.747576
233.5 0.751175
233.6 0.745284
233.7 0.748626
233.8 0.749404
233.9 0.744117
234 0.752054
234.1 0.744788
234.2 0.740884
234.3 0.742507
234.4 0.746017
234.5 0.747069
234.6 0.748578
234.7 0.749009
234.8 0.74794
234.9 0.752693
235 0.748696
235.1 0.745612
235.2 0.74755
235.3 0.751092
235.4 0.745255
235.5 0.749831
235.6 0.750575
235.7 0.746031
235.8 0.746636
235.9 0.749626
236 0.756502
236.1 0.765642
236.2 0.762675
236.3 0.760793
236.4 0.765167
236.5 0.756957
236.6 0.750014
236.7 0.74823
236.8 0.743029
236.9 0.73743
237 0.743454
237.1 0.748353
237.2 0.746006
237.3 0.748821
237.4 0.746681
237.5 0.754106
237.6 0.750756
237.7 0.753449
237.8 0.759708
237.9 0.755627
238 0.762136
238.1 0.763282
238.2 0.76437
238.3 0.757586
238.4 0.746761
238.5 0.743176
238.6 0.744358
238.7 0.739668
238.8 0.736978
238.9 0.738375
239 0.736716
239.1 0.736575
239.2 0.73243
239.3 0.729689
239.4 0.731767
239.5 0.729308
239.6 0.738663
239.7 0.733851
239.8 0.730608
239.9 0.735688
240 0.737761
240.1 0.737801
240.2 0.734139
240.3 0.739214
240.4 0.744586
240.5 0.739913
240.6 0.737503
240.7 0.738654
240.8 0.74299
240.9 0.744097
241 0.741688
241.1 0.73735
241.2 0.741849
241.3 0.748198
241.4 0.748953
241.5 0.751428
241.6 0.744974
241.7 0.743717
241.8 0.745262
241.9 0.742667
242 0.742241
242.1 0.749508
242.2 0.745118
242.3 0.747611
242.4 0.744167
242.5 0.748742
242.6 0.748567
242.7 0.749594
242.8 0.749813
242.9 0.748396
243 0.745501
243.1 0.746775
243.2 0.745382
243.3 0.746013
243.4 0.738564
243.5 0.742318
243.6 0.74603
243.7 0.749679
243.8 0.748391
243.9 0.750536
244 0.752421
244.1 0.750015
244.2 0.750283
244.3 0.754428
244.4 0.761871
244.5 0.758577
244.6 0.747755
244.7 0.740823
244.8 0.73987
244.9 0.740316
245 0.73987
245.1 0.738001
245.2 0.724097
245.3 0.718254
245.4 0.7204
245.5 0.723006
245.6 0.719095
245.7 0.713188
245.8 0.716237
245.9 0.723224
246 0.726261
246.1 0.727175
246.2 0.724106
246.3 0.727969
246.4 0.723346
246.5 0.726323
246.6 0.718017
246.7 0.707734
246.8 0.703764
246.9 0.709845
247 0.717171
247.1 0.713356
247.2 0.723571
247.3 0.72522
247.4 0.727405
247.5 0.715981
247.6 0.722038
247.7 0.71896
247.8 0.721174
247.9 0.729559
248 0.729321
248.1 0.729104
248.2 0.727394
248.3 0.72439
248.4 0.730606
248.5 0.725429
248.6 0.72276
248.7 0.72474
248.8 0.728156
248.9 0.72231
249 0.72626
249.1 0.725561
249.2 0.726358
249.3 0.719426
249.4 0.713331
249.5 0.705998
249.6 0.697976
249.7 0.694291
249.8 0.698461
249.9 0.702288
250 0.699901
250.1 0.705007
250.2 0.706564
250.3 0.701125
250.4 0.698004
250.5 0.696376
250.6 0.693366
250.7 0.698432
250.8 0.700294
250.9 0.698449
251 0.701085
251.1 0.716809
251.2 0.709099
251.3 0.71349
251.4 0.710712
251.5 0.714199
251.6 0.710594
251.7 0.713403
251.8 0.707634
251.9 0.701012
252 0.703745
252.1 0.7037
252.2 0.696636
252.3 0.688192
252.4 0.687777
252.5 0.68193
252.6 0.686129
252.7 0.682052
252.8 0.685853
252.9 0.688893
253 0.688225
253.1 0.675124
253.2 0.675829
253.3 0.671796
253.4 0.670485
253.5 0.676336
253.6 0.671528
253.7 0.670292
253.8 0.656141
253.9 0.645504
254 0.649863
254.1 0.653906
254.2 0.656154
254.3 0.650551
254.4 0.650359
254.5 0.661035
254.6 0.653722
254.7 0.66159
254.8 0.664319
254.9 0.665405
255 0.66048
255.1 0.656161
255.2 0.658111
255.3 0.66083
255.4 0.659909
255.5 0.665391
255.6 0.668349
255.7 0.672741
255.8 0.671564
255.9 0.674753
256 0.670835
256.1 0.668513
256.2 0.669625
256.3 0.67727
256.4 0.688655
256.5 0.686983
256.6 0.702018
256.7 0.701555
256.8 0.705117
256.9 0.703065
257 0.69925
257.1 0.696616
257.2 0.704275
257.3 0.708861
257.4 0.709168
257.5 0.717828
257.6 0.72381
257.7 0.728901
257.8 0.735
257.9 0.739247
258 0.734357
258.1 0.72804
258.2 0.728059
258.3 0.722654
258.4 0.725559
258.5 0.723627
258.6 0.721794
258.7 0.723779
258.8 0.709446
258.9 0.708298
259 0.709896
259.1 0.704814
259.2 0.706076
259.3 0.709731
259.4 0.706192
259.5 0.71166
259.6 0.711463
259.7 0.711558
259.8 0.701318
259.9 0.704413
260 0.706546
260.1 0.707871
260.2 0.714327
260.3 0.717632
260.4 0.730543
260.5 0.73031
260.6 0.724706
260.7 0.723742
260.8 0.720725
260.9 0.718757
261 0.718231
261.1 0.706421
261.2 0.709453
261.3 0.703243
261.4 0.705084
261.5 0.697529
261.6 0.703713
261.7 0.706145
261.8 0.700094
261.9 0.703043
262 0.70999
262.1 0.716474
262.2 0.704388
262.3 0.699379
262.4 0.689065
262.5 0.68722
262.6 0.686451
262.7 0.688605
262.8 0.687972
262.9 0.690623
263 0.695861
263.1 0.699032
263.2 0.696967
263.3 0.692062
263.4 0.695909
263.5 0.69944
263.6 0.710606
263.7 0.702596
263.8 0.699826
263.9 0.701921
264 0.711287
264.1 0.710354
264.2 0.713959
264.3 0.714629
264.4 0.714201
264.5 0.714222
264.6 0.713929
264.7 0.71479
264.8 0.720696
264.9 0.721952
265 0.73194
265.1 0.735654
265.2 0.727418
265.3 0.721877
265.4 0.720139
265.5 0.721425
265.6 0.723052
265.7 0.721181
265.8 0.724164
265.9 0.727454
266 0.719409
266.1 0.711805
266.2 0.708322
266.3 0.713334
266.4 0.712165
266.5 0.712259
266.6 0.706353
266.7 0.70301
266.8 0.70636
266.9 0.703054
267 0.700251
267.1 0.698686
267.2 0.699982
267.3 0.692709
267.4 0.692564
267.5 0.693946
267.6 0.699216
267.7 0.694086
267.8 0.688315
267.9 0.684858
268 0.680477
268.1 0.678196
268.2 0.678736
268.3 0.68259
268.4 0.683934
268.5 0.694774
268.6 0.701156
268.7 0.710178
268.8 0.712388
268.9 0.713165
269 0.711029
269.1 0.709387
269.2 0.704424
269.3 0.699674
269.4 0.701801
269.5 0.703293
269.6 0.702758
269.7 0.699056
269.8 0.697621
269.9 0.694991
270 0.697837
270.1 0.695971
270.2 0.699663
270.3 0.701691
270.4 0.702465
270.5 0.700148
270.6 0.70367
270.7 0.702414
270.8 0.698178
270.9 0.712197
271 0.712261
271.1 0.717099
271.2 0.724778
271.3 0.726971
271.4 0.733027
271.5 0.739628
271.6 0.735364
271.7 0.744124
271.8 0.752009
271.9 0.755579
272 0.75661
272.1 0.755109
272.2 0.759794
272.3 0.75472
272.4 0.753238
272.5 0.75136
272.6 0.743884
272.7 0.750607
272.8 0.754269
272.9 0.748619
273 0.741303
273.1 0.742771
273.2 0.73863
273.3 0.742512
273.4 0.741317
273.5 0.735687
273.6 0.7296
273.7 0.73636
273.8 0.722789
273.9 0.716781
274 0.720428
274.1 0.718036
274.2 0.715275
274.3 0.704905
274.4 0.704386
274.5 0.697626
274.6 0.701426
274.7 0.704624
274.8 0.704181
274.9 0.70512
275 0.696177
275.1 0.696731
275.2 0.696225
275.3 0.696941
275.4 0.700576
275.5 0.69721
275.6 0.687458
275.7 0.684985
275.8 0.676593
275.9 0.677459
276 0.673734
276.1 0.665963
276.2 0.670947
276.3 0.667875
276.4 0.666273
276.5 0.664657
276.6 0.665189
276.7 0.652969
276.8 0.658022
276.9 0.668616
277 0.672575
277.1 0.669164
277.2 0.675583
277.3 0.675027
277.4 0.673454
277.5 0.681747
277.6 0.684005
277.7 0.687304
277.8 0.688793
277.9 0.686148
278 0.690459
278.1 0.687577
278.2 0.68788
278.3 0.689897
278.4 0.68709
278.5 0.695801
278.6 0.700173
278.7 0.708102
278.8 0.709158
278.9 0.710136
279 0.713117
279.1 0.709131
279.2 0.70736
279.3 0.707261
279.4 0.711711
279.5 0.712218
279.6 0.7133
279.7 0.704811
279.8 0.702833
279.9 0.702609
280 0.702691
280.1 0.69962
280.2 0.700773
280.3 0.691277
280.4 0.686095
280.5 0.676907
280.6 0.679612
280.7 0.678612
280.8 0.676599
280.9 0.670716
281 0.664982
281.1 0.656776
281.2 0.659772
281.3 0.661664
281.4 0.654706
281.5 0.64747
281.6 0.650208
281.7 0.649952
281.8 0.657957
281.9 0.655126
282 0.653146
282.1 0.64937
282.2 0.66001
282.3 0.66434
282.4 0.664468
282.5 0.670506
282.6 0.672959
282.7 0.675027
282.8 0.669284
282.9 0.670776
283 0.665717
283.1 0.654177
283.2 0.657496
283.3 0.660321
283.4 0.675067
283.5 0.673069
283.6 0.675059
283.7 0.68786
283.8 0.682829
283.9 0.682072
284 0.686306
284.1 0.687108
284.2 0.691196
284.3 0.696143
284.4 0.695446
284.5 0.685227
284.6 0.686153
284.7 0.681444
284.8 0.680897
284.9 0.687825
285 0.687593
285.1 0.686307
285.2 0.695625
285.3 0.695831
285.4 0.693924
285.5 0.691691
285.6 0.687705
285.7 0.676974
285.8 0.670614
285.9 0.677437
286 0.671135
286.1 0.666555
286.2 0.660698
286.3 0.659721
286.4 0.648456
286.5 0.645441
286.6 0.644901
286.7 0.646022
286.8 0.639923
286.9 0.631529
287 0.62632
287.1 0.620882
287.2 0.616058
287.3 0.611466
287.4 0.603133
287.5 0.607063
287.6 0.614681
287.7 0.611165
287.8 0.612907
287.9 0.617956
288 0.619275
288.1 0.61961
288.2 0.624822
288.3 0.626275
288.4 0.628639
288.5 0.6338
288.6 0.633552
288.7 0.629984
288.8 0.624372
288.9 0.620814
289 0.616548
289.1 0.619037
289.2 0.623699
289.3 0.622729
289.4 0.623746
289.5 0.623082
289.6 0.620322
289.7 0.616097
289.8 0.619056
289.9 0.618498
290 0.609858
290.1 0.605746
290.2 0.59955
290.3 0.596225
290.4 0.600544
290.5 0.601421
290.6 0.611916
290.7 0.605906
290.8 0.605813
290.9 0.60808
291 0.607711
291.1 0.614747
291.2 0.604293
291.3 0.608999
291.4 0.603729
291.5 0.59347
291.6 0.601426
291.7 0.608179
291.8 0.613139
291.9 0.616082
292 0.606083
292.1 0.599315
292.2 0.586846
292.3 0.580826
292.4 0.581093
292.5 0.580891
292.6 0.584164
292.7 0.583076
292.8 0.582999
292.9 0.582552
293 0.585518
293.1 0.584109
293.2 0.579851
293.3 0.581525
293.4 0.57827
293.5 0.58639
293.6 0.581891
293.7 0.58136
293.8 0.584122
293.9 0.592955
294 0.59391
294.1 0.593923
294.2 0.597402
294.3 0.603483
294.4 0.60136
294.5 0.593946
294.6 0.592141
294.7 0.590683
294.8 0.597984
294.9 0.6051
295 0.603965
295.1 0.599412
295.2 0.606853
295.3 0.60178
295.4 0.60994
295.5 0.608074
295.6 0.606459
295.7 0.608774
295.8 0.612281
295.9 0.613641
296 0.620614
296.1 0.612299
296.2 0.613064
296.3 0.611724
296.4 0.598866
296.5 0.605045
296.6 0.601661
296.7 0.603437
296.8 0.608948
296.9 0.608233
297 0.608956
297.1 0.608252
297.2 0.609218
297.3 0.59588
297.4 0.605735
297.5 0.605249
297.6 0.605979
297.7 0.611635
297.8 0.599088
297.9 0.596942
298 0.593459
298.1 0.590664
298.2 0.596979
298.3 0.60256
298.4 0.603581
298.5 0.606244
298.6 0.60253
298.7 0.609029
298.8 0.609608
298.9 0.613611
299 0.615313
299.1 0.61564
299.2 0.607923
299.3 0.605064
299.4 0.60545
299.5 0.603952
299.6 0.605126
299.7 0.604892
299.8 0.598893
299.9 0.600997
