0 0.0718469
0.1 0.064422
0.2 0.0612937
0.3 0.0511508
0.4 0.0452374
0.5 0.0445031
0.6 0.048589
0.7 0.054052
0.8 0.0618216
0.9 0.0541968
1 0.0500307
1.1 0.0622666
1.2 0.0580521
1.3 0.0688469
1.4 0.0695375
1.5 0.0787336
1.6 0.0912478
1.7 0.101994
1.8 0.112176
1.9 0.120057
2 0.133329
2.1 0.152303
2.2 0.171368
2.3 0.192439
2.4 0.20336
2.5 0.216396
2.6 0.22989
2.7 0.242427
2.8 0.256012
2.9 0.271669
3 0.280442
3.1 0.288464
3.2 0.301823
3.3 0.313577
3.4 0.318275
3.5 0.333374
3.6 0.346797
3.7 0.366458
3.8 0.373408
3.9 0.385399
4 0.396786
4.1 0.407117
4.2 0.419582
4.3 0.425332
4.4 0.43161
4.5 0.443417
4.6 0.449851
4.7 0.457057
4.8 0.471221
4.9 0.484037
5 0.496062
5.1 0.50356
5.2 0.514671
5.3 0.521508
5.4 0.53385
5.5 0.54489
5.6 0.555832
5.7 0.56639
5.8 0.572622
5.9 0.580608
6 0.590543
6.1 0.600409
6.2 0.609713
6.3 0.617358
6.4 0.623071
6.5 0.626855
6.6 0.630335
6.7 0.63913
6.8 0.651509
6.9 0.662591
7 0.670349
7.1 0.674177
7.2 0.681373
7.3 0.68928
7.4 0.695013
7.5 0.698418
7.6 0.706781
7.7 0.712684
7.8 0.717479
7.9 0.723034
8 0.728552
8.1 0.729726
8.2 0.736044
8.3 0.738171
8.4 0.741822
8.5 0.742636
8.6 0.751791
8.7 0.759981
8.8 0.769768
8.9 0.777264
9 0.780417
9.1 0.78298
9.2 0.786378
9.3 0.787842
9.4 0.78992
9.5 0.795731
9.6 0.7994
9.7 0.801119
9.8 0.810585
9.9 0.816828
10 0.82128
10.1 0.824483
10.2 0.830187
10.3 0.83528
10.4 0.839368
10.5 0.841172
10.6 0.84588
10.7 0.848845
10.8 0.852646
10.9 0.856008
11 0.860163
11.1 0.864023
11.2 0.865345
11.3 0.865949
11.4 0.867044
11.5 0.866155
11.6 0.869769
11.7 0.872349
11.8 0.873091
11.9 0.876714
12 0.87696
12.1 0.874759
12.2 0.876331
12.3 0.877366
12.4 0.874439
12.5 0.871095
12.6 0.875293
12.7 0.875654
12.8 0.878019
12.9 0.880822
13 0.881846
13.1 0.884739
13.2 0.8847
13.3 0.887293
13.4 0.887941
13.5 0.887801
13.6 0.888248
13.7 0.888518
13.8 0.890523
13.9 0.893241
14 0.893739
14.1 0.894452
14.2 0.894248
14.3 0.895115
14.4 0.894114
14.5 0.894235
14.6 0.894083
14.7 0.894666
14.8 0.89296
14.9 0.896463
15 0.896994
15.1 0.899642
15.2 0.904132
15.3 0.903476
15.4 0.908209
15.5 0.910725
15.6 0.912912
15.7 0.911379
15.8 0.91473
15.9 0.915522
16 0.913492
16.1 0.911991
16.2 0.915359
16.3 0.917656
16.4 0.920717
16.5 0.922591
16.6 0.921522
16.7 0.922283
16.8 0.924733
16.9 0.924452
17 0.924302
17.1 0.925618
17.2 0.92736
17.3 0.927562
17.4 0.929476
17.5 0.92841
17.6 0.931939
17.7 0.930171
17.8 0.92722
17.9 0.926346
18 0.927685
18.1 0.926961
18.2 0.930821
18.3 0.930461
18.4 0.928388
18.5 0.927723
18.6 0.923877
18.7 0.925261
18.8 0.924883
18.9 0.922287
19 0.925929
19.1 0.927551
19.2 0.927335
19.3 0.927033
19.4 0.927439
19.5 0.927238
19.6 0.926535
19.7 0.925679
19.8 0.924302
19.9 0.923979
20 0.923527
20.1 0.923875
20.2 0.922439
20.3 0.921193
20.4 0.920682
20.5 0.918946
20.6 0.920528
20.7 0.920178
20.8 0.920064
20.9 0.922876
21 0.919774
21.1 0.919551
21.2 0.916113
21.3 0.9165
21.4 0.917455
21.5 0.916146
21.6 0.916122
21.7 0.915456
21.8 0.91706
21.9 0.918317
22 0.914926
22.1 0.912503
22.2 0.911195
22.3 0.915698
22.4 0.917777
22.5 0.919974
22.6 0.922848
22.7 0.924688
22.8 0.924735
22.9 0.922735
23 0.922005
23.1 0.919744
23.2 0.920596
23.3 0.918508
23.4 0.918692
23.5 0.921072
23.6 0.920413
23.7 0.922456
23.8 0.922688
23.9 0.922328
24 0.92032
24.1 0.920452
24.2 0.920308
24.3 0.919027
24.4 0.92196
24.5 0.924946
24.6 0.926942
24.7 0.924731
24.8 0.926173
24.9 0.925718
25 0.925069
25.1 0.926433
25.2 0.92607
25.3 0.925615
25.4 0.92612
25.5 0.928526
25.6 0.927951
25.7 0.927382
25.8 0.926818
25.9 0.926009
26 0.925106
26.1 0.925876
26.2 0.923997
26.3 0.924675
26.4 0.924097
26.5 0.923119
26.6 0.92458
26.7 0.922781
26.8 0.920611
26.9 0.919527
27 0.919162
27.1 0.922808
27.2 0.924108
27.3 0.924394
27.4 0.920867
27.5 0.921473
27.6 0.918044
27.7 0.921219
27.8 0.918213
27.9 0.918638
28 0.916382
28.1 0.919112
28.2 0.922232
28.3 0.922644
28.4 0.922054
28.5 0.921103
28.6 0.921614
28.7 0.921066
28.8 0.921777
28.9 0.921826
29 0.922901
29.1 0.925887
29.2 0.923976
29.3 0.91996
29.4 0.918648
29.5 0.921274
29.6 0.920679
29.7 0.921032
29.8 0.924813
29.9 0.923219
30 0.923068
30.1 0.921706
30.2 0.917722
30.3 0.917173
30.4 0.914065
30.5 0.913748
30.6 0.91157
30.7 0.911339
30.8 0.913032
30.9 0.915423
31 0.91591
31.1 0.911785
31.2 0.911335
31.3 0.909578
31.4 0.908229
31.5 0.909825
31.6 0.911786
31.7 0.909641
31.8 0.906358
31.9 0.907564
32 0.908585
32.1 0.907748
32.2 0.909189
32.3 0.906692
32.4 0.901159
32.5 0.900109
32.6 0.897941
32.7 0.899355
32.8 0.901351
32.9 0.90183
33 0.900951
33.1 0.903473
33.2 0.898973
33.3 0.902989
33.4 0.904037
33.5 0.906331
33.6 0.90716
33.7 0.90634
33.8 0.905128
33.9 0.907373
34 0.911407
34.1 0.908348
34.2 0.906382
34.3 0.904342
34.4 0.90463
34.5 0.905026
34.6 0.908085
34.7 0.910921
34.8 0.9095
34.9 0.90968
35 0.907014
35.1 0.910368
35.2 0.912234
35.3 0.912208
35.4 0.913088
35.5 0.91125
35.6 0.910397
35.7 0.911945
35.8 0.914174
35.9 0.917907
36 0.916656
36.1 0.921007
36.2 0.921231
36.3 0.918578
36.4 0.91876
36.5 0.916058
36.6 0.916116
36.7 0.916452
36.8 0.917644
36.9 0.919839
37 0.918563
37.1 0.918461
37.2 0.919742
37.3 0.918128
37.4 0.913934
37.5 0.915519
37.6 0.914687
37.7 0.916357
37.8 0.915585
37.9 0.917285
38 0.915269
38.1 0.915881
38.2 0.915055
38.3 0.917844
38.4 0.918198
38.5 0.917863
38.6 0.916138
38.7 0.916933
38.8 0.914872
38.9 0.91445
39 0.913879
39.1 0.915904
39.2 0.918772
39.3 0.919236
39.4 0.92115
39.5 0.92138
39.6 0.919757
39.7 0.919836
39.8 0.92133
39.9 0.920364
40 0.920709
40.1 0.916834
40.2 0.917357
40.3 0.917846
40.4 0.917705
40.5 0.919307
40.6 0.920109
40.7 0.923032
40.8 0.923328
40.9 0.922554
41 0.925019
41.1 0.9256
41.2 0.925635
41.3 0.92425
41.4 0.922633
41.5 0.922714
41.6 0.925358
41.7 0.925037
41.8 0.925508
41.9 0.925073
42 0.921281
42.1 0.923372
42.2 0.924256
42.3 0.924123
42.4 0.924453
42.5 0.922819
42.6 0.920967
42.7 0.921642
42.8 0.922878
42.9 0.922707
43 0.92591
43.1 0.928373
43.2 0.926359
43.3 0.923477
43.4 0.922974
43.5 0.922141
43.6 0.921598
43.7 0.921308
43.8 0.922922
43.9 0.92177
44 0.920707
44.1 0.922356
44.2 0.926381
44.3 0.923402
44.4 0.925014
44.5 0.922166
44.6 0.923147
44.7 0.924753
44.8 0.923043
44.9 0.926703
45 0.928635
45.1 0.927808
45.2 0.931212
45.3 0.934881
45.4 0.933125
45.5 0.928738
45.6 0.928689
45.7 0.928204
45.8 0.927785
45.9 0.927956
46 0.928806
46.1 0.93157
46.2 0.933641
46.3 0.933507
46.4 0.933713
46.5 0.933519
46.6 0.927912
46.7 0.927577
46.8 0.925459
46.9 0.925319
47 0.925722
47.1 0.924753
47.2 0.925671
47.3 0.926521
47.4 0.925934
47.5 0.927523
47.6 0.924176
47.7 0.92539
47.8 0.924169
47.9 0.920932
48 0.920432
48.1 0.922445
48.2 0.921423
48.3 0.921334
48.4 0.919845
48.5 0.917772
48.6 0.91875
48.7 0.918638
48.8 0.91975
48.9 0.916618
49 0.919225
49.1 0.920633
49.2 0.921389
49.3 0.919252
49.4 0.919464
49.5 0.921014
49.6 0.92413
49.7 0.924522
49.8 0.926681
49.9 0.928698
50 0.929359
50.1 0.930531
50.2 0.9289
50.3 0.926058
50.4 0.923849
50.5 0.921532
50.6 0.919977
50.7 0.919382
50.8 0.920353
50.9 0.918265
51 0.918469
51.1 0.919175
51.2 0.916319
51.3 0.915808
51.4 0.914956
51.5 0.912602
51.6 0.911092
51.7 0.912312
51.8 0.910946
51.9 0.90856
52 0.910553
52.1 0.911441
52.2 0.912311
52.3 0.915122
52.4 0.913211
52.5 0.912814
52.6 0.914982
52.7 0.913139
52.8 0.912328
52.9 0.912329
53 0.917856
53.1 0.919047
53.2 0.918124
53.3 0.919401
53.4 0.922643
53.5 0.921345
53.6 0.921116
53.7 0.92175
53.8 0.920241
53.9 0.919114
54 0.921493
54.1 0.91693
54.2 0.914387
54.3 0.917087
54.4 0.916674
54.5 0.91552
54.6 0.916628
54.7 0.915707
54.8 0.917341
54.9 0.918479
55 0.918358
55.1 0.919718
55.2 0.920066
55.3 0.917308
55.4 0.9183
55.5 0.918097
55.6 0.916124
55.7 0.912201
55.8 0.909961
55.9 0.913732
56 0.915944
56.1 0.914707
56.2 0.910809
56.3 0.910573
56.4 0.909852
56.5 0.909371
56.6 0.911262
56.7 0.913669
56.8 0.911656
56.9 0.910278
57 0.906614
57.1 0.907509
57.2 0.906094
57.3 0.905252
57.4 0.905427
57.5 0.901939
57.6 0.901842
57.7 0.904299
57.8 0.904665
57.9 0.905416
58 0.907699
58.1 0.907006
58.2 0.909925
58.3 0.910087
58.4 0.912386
58.5 0.91328
58.6 0.911548
58.7 0.913645
58.8 0.916073
58.9 0.919311
59 0.921118
59.1 0.920754
59.2 0.917947
59.3 0.915271
59.4 0.913293
59.5 0.913602
59.6 0.915855
59.7 0.920976
59.8 0.918906
59.9 0.918042
60 0.918567
60.1 0.915008
60.2 0.916162
60.3 0.916727
60.4 0.917142
60.5 0.916884
60.6 0.912641
60.7 0.915413
60.8 0.916136
60.9 0.916187
61 0.917886
61.1 0.91661
61.2 0.918755
61.3 0.918555
61.4 0.915931
61.5 0.91712
61.6 0.918196
61.7 0.91788
61.8 0.915545
61.9 0.913704
62 0.909092
62.1 0.90542
62.2 0.908295
62.3 0.909478
62.4 0.914638
62.5 0.914013
62.6 0.919012
62.7 0.919263
62.8 0.921068
62.9 0.920667
63 0.919139
63.1 0.918848
63.2 0.917046
63.3 0.919404
63.4 0.918574
63.5 0.915292
63.6 0.91306
63.7 0.911612
63.8 0.910783
63.9 0.910631
64 0.912119
64.1 0.913994
64.2 0.916268
64.3 0.91371
64.4 0.909862
64.5 0.910173
64.6 0.909512
64.7 0.911415
64.8 0.912246
64.9 0.910632
65 0.910433
65.1 0.910659
65.2 0.911337
65.3 0.911485
65.4 0.913091
65.5 0.912205
65.6 0.913134
65.7 0.91386
65.8 0.915271
65.9 0.916333
66 0.913318
66.1 0.912122
66.2 0.908997
66.3 0.906046
66.4 0.905402
66.5 0.907709
66.6 0.907624
66.7 0.909009
66.8 0.910093
66.9 0.910128
67 0.910011
67.1 0.906479
67.2 0.907859
67.3 0.904127
67.4 0.903863
67.5 0.904656
67.6 0.903998
67.7 0.902628
67.8 0.899412
67.9 0.900812
68 0.90182
68.1 0.901956
68.2 0.902674
68.3 0.904672
68.4 0.9088
68.5 0.909067
68.6 0.908208
68.7 0.909915
68.8 0.91067
68.9 0.907776
69 0.904645
69.1 0.91016
69.2 0.907924
69.3 0.906605
69.4 0.905702
69.5 0.903272
69.6 0.901414
69.7 0.900585
69.8 0.900906
69.9 0.898432
70 0.900793
70.1 0.902024
70.2 0.898625
70.3 0.899839
70.4 0.898789
70.5 0.897082
70.6 0.894113
70.7 0.891906
70.8 0.887728
70.9 0.88588
71 0.885469
71.1 0.888047
71.2 0.888769
71.3 0.88645
71.4 0.88477
71.5 0.885849
71.6 0.881582
71.7 0.88202
71.8 0.884893
71.9 0.884449
72 0.885023
72.1 0.885427
72.2 0.88348
72.3 0.883555
72.4 0.884659
72.5 0.884636
72.6 0.881101
72.7 0.878303
72.8 0.875917
72.9 0.875671
73 0.874316
73.1 0.873322
73.2 0.877145
73.3 0.877423
73.4 0.876764
73.5 0.873451
73.6 0.873018
73.7 0.872306
73.8 0.874257
73.9 0.873022
74 0.875322
74.1 0.876917
74.2 0.876235
74.3 0.878072
74.4 0.878891
74.5 0.878185
74.6 0.876417
74.7 0.880853
74.8 0.88368
74.9 0.881913
75 0.877843
75.1 0.879297
75.2 0.881927
75.3 0.882849
75.4 0.881236
75.5 0.881313
75.6 0.879463
75.7 0.881168
75.8 0.882441
75.9 0.885592
76 0.884669
76.1 0.883978
76.2 0.88531
76.3 0.884256
76.4 0.882612
76.5 0.883105
76.6 0.889382
76.7 0.886737
76.8 0.885524
76.9 0.881846
77 0.880362
77.1 0.878829
77.2 0.876235
77.3 0.878352
77.4 0.878509
77.5 0.877827
77.6 0.879584
77.7 0.878167
77.8 0.877209
77.9 0.879146
78 0.876591
78.1 0.875985
78.2 0.873617
78.3 0.871655
78.4 0.871146
78.5 0.868842
78.6 0.874015
78.7 0.87704
78.8 0.878725
78.9 0.878359
79 0.880234
79.1 0.879989
79.2 0.879527
79.3 0.878822
79.4 0.877077
79.5 0.880153
79.6 0.879005
79.7 0.879148
79.8 0.874739
79.9 0.874123
80 0.874298
80.1 0.875931
80.2 0.878328
80.3 0.876522
80.4 0.874415
80.5 0.876987
80.6 0.877008
80.7 0.879853
80.8 0.879487
80.9 0.877854
81 0.876804
81.1 0.880024
81.2 0.881395
81.3 0.885919
81.4 0.886994
81.5 0.886112
81.6 0.886804
81.7 0.886523
81.8 0.889019
81.9 0.888043
82 0.888157
82.1 0.891053
82.2 0.88942
82.3 0.88987
82.4 0.891923
82.5 0.892864
82.6 0.894151
82.7 0.893258
82.8 0.893861
82.9 0.890906
83 0.893328
83.1 0.896393
83.2 0.900875
83.3 0.900504
83.4 0.900837
83.5 0.899037
83.6 0.901384
83.7 0.900161
83.8 0.899373
83.9 0.896845
84 0.89727
84.1 0.893909
84.2 0.896421
84.3 0.897419
84.4 0.899441
84.5 0.898177
84.6 0.899556
84.7 0.899369
84.8 0.902382
84.9 0.903398
85 0.907356
85.1 0.90408
85.2 0.903527
85.3 0.899538
85.4 0.899748
85.5 0.898319
85.6 0.896202
85.7 0.897358
85.8 0.897265
85.9 0.898452
86 0.899342
86.1 0.900171
86.2 0.900142
86.3 0.903416
86.4 0.903132
86.5 0.90068
86.6 0.903465
86.7 0.901775
86.8 0.899334
86.9 0.901919
87 0.9009
87.1 0.900115
87.2 0.898087
87.3 0.895363
87.4 0.890584
87.5 0.891943
87.6 0.892591
87.7 0.892658
87.8 0.897222
87.9 0.896109
88 0.893198
88.1 0.89525
88.2 0.895745
88.3 0.895127
88.4 0.89816
88.5 0.895921
88.6 0.890367
88.7 0.890039
88.8 0.886266
88.9 0.885297
89 0.884867
89.1 0.883382
89.2 0.881668
89.3 0.881269
89.4 0.878295
89.5 0.877621
89.6 0.878768
89.7 0.878516
89.8 0.880429
89.9 0.879799
90 0.87814
90.1 0.879234
90.2 0.88103
90.3 0.880035
90.4 0.885837
90.5 0.887824
90.6 0.888645
90.7 0.886125
90.8 0.88453
90.9 0.885515
91 0.88501
91.1 0.883911
91.2 0.884242
91.3 0.885807
91.4 0.889784
91.5 0.888281
91.6 0.888647
91.7 0.888795
91.8 0.88932
91.9 0.889764
92 0.887888
92.1 0.885401
92.2 0.889353
92.3 0.892336
92.4 0.888791
92.5 0.891523
92.6 0.893964
92.7 0.890023
92.8 0.891019
92.9 0.896988
93 0.898806
93.1 0.901738
93.2 0.901558
93.3 0.902708
93.4 0.905658
93.5 0.907754
93.6 0.909178
93.7 0.909788
93.8 0.914217
93.9 0.915853
94 0.916107
94.1 0.919744
94.2 0.92084
94.3 0.921314
94.4 0.921063
94.5 0.915631
94.6 0.916716
94.7 0.91974
94.8 0.920819
94.9 0.921275
95 0.922862
95.1 0.923374
95.2 0.926467
95.3 0.925933
95.4 0.925201
95.5 0.921943
95.6 0.923794
95.7 0.924155
95.8 0.923848
95.9 0.92511
96 0.926445
96.1 0.931273
96.2 0.930189
96.3 0.931943
96.4 0.933224
96.5 0.930668
96.6 0.931072
96.7 0.931855
96.8 0.930118
96.9 0.9326
97 0.932445
97.1 0.929485
97.2 0.929445
97.3 0.929596
97.4 0.930512
97.5 0.928159
97.6 0.927309
97.7 0.924521
97.8 0.918683
97.9 0.918406
98 0.914186
98.1 0.910646
98.2 0.914603
98.3 0.916519
98.4 0.917025
98.5 0.915804
98.6 0.914698
98.7 0.917945
98.8 0.916719
98.9 0.914251
99 0.917967
99.1 0.915336
99.2 0.91636
99.3 0.916606
99.4 0.917586
99.5 0.920476
99.6 0.9176
99.7 0.915089
99.8 0.911446
99.9 0.912011
100 0.912158
100.1 0.910543
100.2 0.911372
100.3 0.911064
100.4 0.909656
100.5 0.908213
100.6 0.908158
100.7 0.90953
100.8 0.910466
100.9 0.908947
101 0.912138
101.1 0.911795
101.2 0.909373
101.3 0.907852
101.4 0.909221
101.5 0.911718
101.6 0.911421
101.7 0.914457
101.8 0.915166
101.9 0.916306
102 0.912758
102.1 0.910808
102.2 0.913094
102.3 0.910907
102.4 0.909153
102.5 0.906023
102.6 0.912547
102.7 0.91101
102.8 0.911999
102.9 0.913908
103 0.913994
103.1 0.917408
103.2 0.915231
103.3 0.916482
103.4 0.918013
103.5 0.918568
103.6 0.917427
103.7 0.922162
103.8 0.922805
103.9 0.920375
104 0.922559
104.1 0.920623
104.2 0.920434
104.3 0.921298
104.4 0.927942
104.5 0.926911
104.6 0.923724
104.7 0.924563
104.8 0.926254
104.9 0.927063
105 0.926415
105.1 0.925941
105.2 0.927095
105.3 0.928089
105.4 0.924563
105.5 0.926941
105.6 0.926085
105.7 0.928887
105.8 0.931049
105.9 0.931924
106 0.929967
106.1 0.929083
106.2 0.925712
106.3 0.92762
106.4 0.929331
106.5 0.927218
106.6 0.927057
106.7 0.924654
106.8 0.928031
106.9 0.924482
107 0.924521
107.1 0.925898
107.2 0.922898
107.3 0.920545
107.4 0.918418
107.5 0.918304
107.6 0.917748
107.7 0.918987
107.8 0.917494
107.9 0.917112
108 0.91589
108.1 0.915327
108.2 0.914731
108.3 0.914543
108.4 0.913197
108.5 0.914572
108.6 0.912131
108.7 0.910335
108.8 0.909972
108.9 0.911311
109 0.912208
109.1 0.910331
109.2 0.911979
109.3 0.914052
109.4 0.916253
109.5 0.915137
109.6 0.915552
109.7 0.917824
109.8 0.92052
109.9 0.917856
110 0.917237
110.1 0.913134
110.2 0.914199
110.3 0.913138
110.4 0.911531
110.5 0.912097
110.6 0.912325
110.7 0.911048
110.8 0.911441
110.9 0.914403
111 0.916771
111.1 0.918941
111.2 0.919444
111.3 0.920318
111.4 0.919661
111.5 0.918076
111.6 0.916999
111.7 0.918365
111.8 0.918101
111.9 0.919409
112 0.916289
112.1 0.920126
112.2 0.921646
112.3 0.925837
112.4 0.924328
112.5 0.924335
112.6 0.923908
112.7 0.918265
112.8 0.916745
112.9 0.914565
113 0.91392
113.1 0.916023
113.2 0.91508
113.3 0.917839
113.4 0.915479
113.5 0.915358
113.6 0.919278
113.7 0.91584
113.8 0.918845
113.9 0.918645
114 0.917083
114.1 0.917669
114.2 0.916506
114.3 0.915803
114.4 0.917672
114.5 0.914185
114.6 0.913624
114.7 0.909823
114.8 0.909267
114.9 0.910438
115 0.908649
115.1 0.907393
115.2 0.911141
115.3 0.910866
115.4 0.909307
115.5 0.909245
115.6 0.911802
115.7 0.910023
115.8 0.912063
115.9 0.915397
116 0.914416
116.1 0.9163
116.2 0.915836
116.3 0.915516
116.4 0.91238
116.5 0.910381
116.6 0.911432
116.7 0.908773
116.8 0.905259
116.9 0.908968
117 0.906339
117.1 0.906412
117.2 0.906153
117.3 0.910344
117.4 0.911085
117.5 0.910669
117.6 0.912548
117.7 0.914573
117.8 0.915901
117.9 0.915443
118 0.917134
118.1 0.916794
118.2 0.918439
118.3 0.916393
118.4 0.919399
118.5 0.916775
118.6 0.912958
118.7 0.914553
118.8 0.91518
118.9 0.917838
119 0.920036
119.1 0.92158
119.2 0.922371
119.3 0.921186
119.4 0.923339
119.5 0.925437
119.6 0.923294
119.7 0.925775
119.8 0.922751
119.9 0.92666
120 0.926737
120.1 0.927932
120.2 0.927741
120.3 0.928456
120.4 0.93336
120.5 0.934325
120.6 0.935738
120.7 0.934664
120.8 0.937044
120.9 0.937199
121 0.93816
121.1 0.935467
121.2 0.934886
121.3 0.935548
121.4 0.936056
121.5 0.934112
121.6 0.931931
121.7 0.933419
121.8 0.9284
121.9 0.929447
122 0.929217
122.1 0.926145
122.2 0.926086
122.3 0.928087
122.4 0.92477
122.5 0.924564
122.6 0.928125
122.7 0.925763
122.8 0.926602
122.9 0.927109
123 0.924291
123.1 0.924269
123.2 0.922763
123.3 0.920476
123.4 0.919374
123.5 0.921488
123.6 0.924462
123.7 0.923207
123.8 0.924029
123.9 0.928186
124 0.924991
124.1 0.92562
124.2 0.925203
124.3 0.921446
124.4 0.918968
124.5 0.918614
124.6 0.917623
124.7 0.91683
124.8 0.914954
124.9 0.913327
125 0.911433
125.1 0.908887
125.2 0.909504
125.3 0.908229
125.4 0.909504
125.5 0.910604
125.6 0.910282
125.7 0.906369
125.8 0.912358
125.9 0.912476
126 0.91487
126.1 0.915534
126.2 0.916671
126.3 0.918531
126.4 0.918656
126.5 0.918833
126.6 0.920881
126.7 0.919163
126.8 0.917827
126.9 0.916431
127 0.916201
127.1 0.915003
127.2 0.915735
127.3 0.918518
127.4 0.920777
127.5 0.920065
127.6 0.923115
127.7 0.923063
127.8 0.922682
127.9 0.922891
128 0.921693
128.1 0.922294
128.2 0.920381
128.3 0.920463
128.4 0.921552
128.5 0.918931
128.6 0.919602
128.7 0.921099
128.8 0.919924
128.9 0.917614
129 0.915163
129.1 0.916707
129.2 0.918437
129.3 0.919446
129.4 0.920401
129.5 0.921042
129.6 0.92113
129.7 0.919895
129.8 0.920956
129.9 0.918414
130 0.916905
130.1 0.919495
130.2 0.918604
130.3 0.918609
130.4 0.918888
130.5 0.92026
130.6 0.921573
130.7 0.922013
130.8 0.922532
130.9 0.920961
131 0.921892
131.1 0.921231
131.2 0.920352
131.3 0.921543
131.4 0.920147
131.5 0.920874
131.6 0.92261
131.7 0.923943
131.8 0.928011
131.9 0.926101
132 0.926559
132.1 0.926686
132.2 0.923624
132.3 0.922748
132.4 0.923222
132.5 0.921588
132.6 0.920102
132.7 0.919516
132.8 0.919575
132.9 0.918943
133 0.920066
133.1 0.917773
133.2 0.914869
133.3 0.917359
133.4 0.91419
133.5 0.917081
133.6 0.915791
133.7 0.915199
133.8 0.914263
133.9 0.91684
134 0.91625
134.1 0.917725
134.2 0.918874
134.3 0.920024
134.4 0.920609
134.5 0.921005
134.6 0.921289
134.7 0.921505
134.8 0.922345
134.9 0.921393
135 0.925778
135.1 0.926676
135.2 0.922825
135.3 0.924864
135.4 0.924356
135.5 0.923378
135.6 0.924631
135.7 0.924404
135.8 0.922178
135.9 0.922947
136 0.925489
136.1 0.9294
136.2 0.931228
136.3 0.932264
136.4 0.933742
136.5 0.933117
136.6 0.93421
136.7 0.932976
136.8 0.930564
136.9 0.933145
137 0.930624
137.1 0.932568
137.2 0.931659
137.3 0.933415
137.4 0.931485
137.5 0.932905
137.6 0.932568
137.7 0.931724
137.8 0.933722
137.9 0.931445
138 0.932786
138.1 0.932956
138.2 0.932425
138.3 0.934415
138.4 0.930585
138.5 0.928533
138.6 0.932415
138.7 0.93307
138.8 0.93226
138.9 0.933132
139 0.932314
139.1 0.932065
139.2 0.933675
139.3 0.932223
139.4 0.930262
139.5 0.932921
139.6 0.930835
139.7 0.929049
139.8 0.927785
139.9 0.926839
140 0.926402
140.1 0.923843
140.2 0.925706
140.3 0.924415
140.4 0.92501
140.5 0.925872
140.6 0.924175
140.7 0.92199
140.8 0.919235
140.9 0.922159
141 0.921223
141.1 0.921747
141.2 0.92304
141.3 0.922155
141.4 0.925292
141.5 0.924025
141.6 0.924287
141.7 0.922191
141.8 0.921012
141.9 0.920934
142 0.9193
142.1 0.915552
142.2 0.916826
142.3 0.917908
142.4 0.916768
142.5 0.914932
142.6 0.91142
142.7 0.910795
142.8 0.912578
142.9 0.914113
143 0.914272
143.1 0.911492
143.2 0.917053
143.3 0.916375
143.4 0.917919
143.5 0.918521
143.6 0.91797
143.7 0.922459
143.8 0.924589
143.9 0.925646
144 0.926655
144.1 0.927512
144.2 0.927712
144.3 0.928029
144.4 0.927994
144.5 0.929609
144.6 0.928901
144.7 0.929421
144.8 0.926805
144.9 0.924943
145 0.920369
145.1 0.921752
145.2 0.923322
145.3 0.92227
145.4 0.921875
145.5 0.923523
145.6 0.924451
145.7 0.923616
145.8 0.924368
145.9 0.925875
146 0.927379
146.1 0.927318
146.2 0.927769
146.3 0.927433
146.4 0.926953
146.5 0.925319
146.6 0.925565
146.7 0.925801
146.8 0.922125
146.9 0.920848
147 0.919711
147.1 0.922492
147.2 0.925175
147.3 0.92394
147.4 0.922748
147.5 0.92372
147.6 0.921493
147.7 0.921148
147.8 0.918906
147.9 0.92056
148 0.914415
148.1 0.915846
148.2 0.917231
148.3 0.919532
148.4 0.921432
148.5 0.918956
148.6 0.921006
148.7 0.921814
148.8 0.922994
148.9 0.920069
149 0.920723
149.1 0.917929
149.2 0.918722
149.3 0.920927
149.4 0.919716
149.5 0.91676
149.6 0.915299
149.7 0.913861
149.8 0.914335
149.9 0.910749
150 0.910178
150.1 0.906321
150.2 0.903277
150.3 0.904461
150.4 0.901698
150.5 0.901278
150.6 0.902058
150.7 0.902844
150.8 0.903506
150.9 0.904079
151 0.90551
151.1 0.904147
151.2 0.904345
151.3 0.904058
151.4 0.906705
151.5 0.909909
151.6 0.910119
151.7 0.911743
151.8 0.910971
151.9 0.913303
152 0.909203
152.1 0.909472
152.2 0.908694
152.3 0.90525
152.4 0.903972
152.5 0.904172
152.6 0.906701
152.7 0.905825
152.8 0.907483
152.9 0.905965
153 0.903023
153.1 0.90383
153.2 0.903161
153.3 0.902537
153.4 0.901536
153.5 0.900058
153.6 0.899666
153.7 0.900116
153.8 0.898807
153.9 0.899463
154 0.900819
154.1 0.901749
154.2 0.904244
154.3 0.898903
154.4 0.900745
154.5 0.892367
154.6 0.891841
154.7 0.89358
154.8 0.894748
154.9 0.894342
155 0.897359
155.1 0.897718
155.2 0.896498
155.3 0.896771
155.4 0.896946
155.5 0.898573
155.6 0.897256
155.7 0.898873
155.8 0.901858
155.9 0.902805
156 0.903256
156.1 0.903589
156.2 0.904608
156.3 0.902773
156.4 0.904812
156.5 0.904249
156.6 0.903136
156.7 0.902587
156.8 0.901981
156.9 0.904474
157 0.902156
157.1 0.900597
157.2 0.906641
157.3 0.90682
157.4 0.90377
157.5 0.905785
157.6 0.904419
157.7 0.901803
157.8 0.904128
157.9 0.906155
158 0.90542
158.1 0.902918
158.2 0.900584
158.3 0.897622
158.4 0.896666
158.5 0.896066
158.6 0.897328
158.7 0.895727
158.8 0.896493
158.9 0.896135
159 0.898758
159.1 0.9011
159.2 0.901861
159.3 0.902503
159.4 0.901485
159.5 0.900777
159.6 0.901703
159.7 0.903171
159.8 0.904628
159.9 0.90424
160 0.902746
160.1 0.905526
160.2 0.904665
160.3 0.906049
160.4 0.906199
160.5 0.903706
160.6 0.901741
160.7 0.903847
160.8 0.904662
160.9 0.905648
161 0.907937
161.1 0.912435
161.2 0.912513
161.3 0.914535
161.4 0.914091
161.5 0.912995
161.6 0.913201
161.7 0.915396
161.8 0.920667
161.9 0.919484
162 0.919889
162.1 0.915803
162.2 0.91557
162.3 0.916768
162.4 0.917862
162.5 0.915785
162.6 0.916321
162.7 0.913427
162.8 0.915056
162.9 0.913109
163 0.912531
163.1 0.911956
163.2 0.912028
163.3 0.909147
163.4 0.9084
163.5 0.902694
163.6 0.905443
163.7 0.906842
163.8 0.904578
163.9 0.903982
164 0.903268
164.1 0.902051
164.2 0.898389
164.3 0.904213
164.4 0.900054
164.5 0.898445
164.6 0.897452
164.7 0.898365
164.8 0.896853
164.9 0.899058
165 0.898727
165.1 0.891308
165.2 0.890573
165.3 0.894071
165.4 0.895258
165.5 0.894699
165.6 0.890428
165.7 0.892455
165.8 0.892826
165.9 0.889794
166 0.887004
166.1 0.884736
166.2 0.881123
166.3 0.881592
166.4 0.882932
166.5 0.883459
166.6 0.885335
166.7 0.886771
166.8 0.886968
166.9 0.887732
167 0.889398
167.1 0.889326
167.2 0.891119
167.3 0.889651
167.4 0.889825
167.5 0.887946
167.6 0.885875
167.7 0.885591
167.8 0.883587
167.9 0.884095
168 0.88505
168.1 0.882365
168.2 0.884077
168.3 0.884536
168.4 0.884391
168.5 0.883094
168.6 0.894534
168.7 0.895403
168.8 0.896039
168.9 0.895746
169 0.895709
169.1 0.897953
169.2 0.901354
169.3 0.90284
169.4 0.905607
169.5 0.90949
169.6 0.911449
169.7 0.912679
169.8 0.913903
169.9 0.918844
170 0.922169
170.1 0.923086
170.2 0.923433
170.3 0.922095
170.4 0.920954
170.5 0.920998
170.6 0.922366
170.7 0.923913
170.8 0.924626
170.9 0.922707
171 0.919274
171.1 0.916513
171.2 0.916183
171.3 0.916138
171.4 0.918855
171.5 0.918162
171.6 0.915251
171.7 0.916374
171.8 0.915691
171.9 0.915467
172 0.914616
172.1 0.916011
172.2 0.913484
172.3 0.917124
172.4 0.91953
172.5 0.921445
172.6 0.918182
172.7 0.91627
172.8 0.915492
172.9 0.91435
173 0.915484
173.1 0.918715
173.2 0.922698
173.3 0.923356
173.4 0.923327
173.5 0.922229
173.6 0.924666
173.7 0.926627
173.8 0.931696
173.9 0.932941
174 0.93407
174.1 0.934379
174.2 0.933769
174.3 0.93215
174.4 0.932124
174.5 0.932381
174.6 0.929745
174.7 0.930616
174.8 0.930715
174.9 0.931837
175 0.932216
175.1 0.933496
175.2 0.934394
175.3 0.934194
175.4 0.93221
175.5 0.931505
175.6 0.931246
175.7 0.931272
175.8 0.931725
175.9 0.933824
176 0.932213
176.1 0.936044
176.2 0.935581
176.3 0.935008
176.4 0.93459
176.5 0.937291
176.6 0.93737
176.7 0.934536
176.8 0.93769
176.9 0.940147
177 0.939284
177.1 0.938926
177.2 0.936245
177.3 0.933171
177.4 0.93317
177.5 0.931118
177.6 0.930298
177.7 0.927076
177.8 0.929105
177.9 0.928351
178 0.930426
178.1 0.928208
178.2 0.929423
178.3 0.928793
178.4 0.930766
178.5 0.932056
178.6 0.930745
178.7 0.931153
178.8 0.932815
178.9 0.929331
179 0.931279
179.1 0.930513
179.2 0.932584
179.3 0.933313
179.4 0.934507
179.5 0.933091
179.6 0.935851
179.7 0.935915
179.8 0.933783
179.9 0.935721
180 0.936054
180.1 0.937959
180.2 0.937721
180.3 0.93532
180.4 0.935581
180.5 0.934687
180.6 0.933053
180.7 0.933249
180.8 0.932117
180.9 0.9324
181 0.93287
181.1 0.931141
181.2 0.931211
181.3 0.93151
181.4 0.931796
181.5 0.931452
181.6 0.934518
181.7 0.933439
181.8 0.932048
181.9 0.932122
182 0.930247
182.1 0.928274
182.2 0.929524
182.3 0.92955
182.4 0.930405
182.5 0.929321
182.6 0.928538
182.7 0.928957
182.8 0.927965
182.9 0.929123
183 0.925562
183.1 0.923333
183.2 0.924564
183.3 0.929237
183.4 0.926022
183.5 0.925697
183.6 0.924661
183.7 0.925093
183.8 0.930622
183.9 0.929799
184 0.932018
184.1 0.934338
184.2 0.932755
184.3 0.932896
184.4 0.92722
184.5 0.926023
184.6 0.92496
184.7 0.924506
184.8 0.924406
184.9 0.925964
185 0.924667
185.1 0.926574
185.2 0.928056
185.3 0.929029
185.4 0.930819
185.5 0.927703
185.6 0.925685
185.7 0.929284
185.8 0.930331
185.9 0.928799
186 0.927899
186.1 0.926303
186.2 0.925981
186.3 0.92213
186.4 0.922598
186.5 0.923418
186.6 0.925014
186.7 0.925354
186.8 0.922881
186.9 0.924023
187 0.92307
187.1 0.925211
187.2 0.920351
187.3 0.92111
187.4 0.923338
187.5 0.922138
187.6 0.92683
187.7 0.925495
187.8 0.926974
187.9 0.929086
188 0.926802
188.1 0.925568
188.2 0.925874
188.3 0.926846
188.4 0.925906
188.5 0.924985
188.6 0.923212
188.7 0.9224
188.8 0.922559
188.9 0.921824
189 0.922722
189.1 0.925356
189.2 0.926468
189.3 0.925528
189.4 0.926115
189.5 0.924898
189.6 0.922778
189.7 0.921887
189.8 0.920637
189.9 0.922187
190 0.923426
190.1 0.923782
190.2 0.925761
190.3 0.926148
190.4 0.92458
190.5 0.924928
190.6 0.926643
190.7 0.924491
190.8 0.926919
190.9 0.928357
191 0.927486
191.1 0.925906
191.2 0.926663
191.3 0.926514
191.4 0.926566
191.5 0.923068
191.6 0.919893
191.7 0.917922
191.8 0.921364
191.9 0.918431
192 0.917527
192.1 0.914189
192.2 0.916095
192.3 0.917566
192.4 0.917876
192.5 0.923008
192.6 0.922842
192.7 0.919602
192.8 0.917738
192.9 0.919538
193 0.920116
193.1 0.918468
193.2 0.915982
193.3 0.916774
193.4 0.918698
193.5 0.919
193.6 0.917642
193.7 0.915966
193.8 0.916841
193.9 0.913736
194 0.912908
194.1 0.913598
194.2 0.914276
194.3 0.91539
194.4 0.916931
194.5 0.919173
194.6 0.917422
194.7 0.915647
194.8 0.913137
194.9 0.916949
195 0.916891
195.1 0.916154
195.2 0.918379
195.3 0.920922
195.4 0.921828
195.5 0.924033
195.6 0.92106
195.7 0.917662
195.8 0.918783
195.9 0.921287
196 0.922232
196.1 0.921828
196.2 0.922408
196.3 0.921165
196.4 0.918196
196.5 0.921875
196.6 0.921757
196.7 0.920986
196.8 0.920552
196.9 0.921698
197 0.920559
197.1 0.918928
197.2 0.919009
197.3 0.919946
197.4 0.921086
197.5 0.921108
197.6 0.917843
197.7 0.915513
197.8 0.918092
197.9 0.919914
198 0.921402
198.1 0.923522
198.2 0.924957
198.3 0.92187
198.4 0.925378
198.5 0.927221
198.6 0.926441
198.7 0.926173
198.8 0.92549
198.9 0.925476
199 0.926173
199.1 0.926193
199.2 0.926866
199.3 0.923668
199.4 0.921973
199.5 0.923695
199.6 0.921737
199.7 0.920528
199.8 0.920482
199.9 0.921305
