0 0.0125572
0.1 0.0133147
0.2 0.0141872
0.3 0.0140643
0.4 0.0146391
0.5 0.01414
0.6 0.0128411
0.7 0.0132291
0.8 0.0135941
0.9 0.0122101
1 0.0125907
1.1 0.0124894
1.2 0.0137823
1.3 0.0139678
1.4 0.0139102
1.5 0.0140403
1.6 0.0129101
1.7 0.0122982
1.8 0.0139438
1.9 0.0144958
2 0.0131473
2.1 0.0132544
2.2 0.0123814
2.3 0.0112274
2.4 0.011612
2.5 0.0125159
2.6 0.0127369
2.7 0.0151452
2.8 0.0169031
2.9 0.0159977
3 0.0149509
3.1 0.0154819
3.2 0.0144534
3.3 0.0126773
3.4 0.0132351
3.5 0.0139437
3.6 0.0125246
3.7 0.0139703
3.8 0.0120332
3.9 0.0107791
4 0.0118631
4.1 0.0103961
4.2 0.0114722
4.3 0.0116383
4.4 0.0122827
4.5 0.0114745
4.6 0.0120816
4.7 0.0108968
4.8 0.0106093
4.9 0.010746
5 0.01073
5.1 0.0115986
5.2 0.0120487
5.3 0.0123615
5.4 0.0129056
5.5 0.013266
5.6 0.011944
5.7 0.0123175
5.8 0.0128752
5.9 0.013217
6 0.0121178
6.1 0.012093
6.2 0.0143263
6.3 0.0139893
6.4 0.0145384
6.5 0.0165697
6.6 0.0185279
6.7 0.0190857
6.8 0.0186837
6.9 0.0175014
7 0.0167638
7.1 0.0163961
7.2 0.01635
7.3 0.0155473
7.4 0.0136981
7.5 0.0141322
7.6 0.0154446
7.7 0.0137785
7.8 0.0141378
7.9 0.0129768
8 0.0138833
8.1 0.0146518
8.2 0.0138012
8.3 0.0143296
8.4 0.0158398
8.5 0.0147583
8.6 0.0141848
8.7 0.0153047
8.8 0.0138881
8.9 0.0141838
9 0.0149986
9.1 0.0141614
9.2 0.0141587
9.3 0.0149926
9.4 0.0136292
9.5 0.0147512
9.6 0.0145857
9.7 0.0166709
9.8 0.017162
9.9 0.0172198
10 0.0165567
10.1 0.0161263
10.2 0.0183307
10.3 0.0198831
10.4 0.0200795
10.5 0.018497
10.6 0.0173151
10.7 0.0178124
10.8 0.01797
10.9 0.0166261
11 0.0160481
11.1 0.018941
11.2 0.0194908
11.3 0.0224466
11.4 0.0238447
11.5 0.0241592
11.6 0.024265
11.7 0.0231551
11.8 0.0225611
11.9 0.0225881
12 0.0228832
12.1 0.0235992
12.2 0.0253644
12.3 0.0274117
12.4 0.029977
12.5 0.0305661
12.6 0.0319333
12.7 0.0319575
12.8 0.0312738
12.9 0.0305723
13 0.0314504
13.1 0.0309979
13.2 0.0292318
13.3 0.0311598
13.4 0.032279
13.5 0.0321264
13.6 0.0328538
13.7 0.0342005
13.8 0.0335996
13.9 0.0348391
14 0.0344919
14.1 0.0358744
14.2 0.035517
14.3 0.0351794
14.4 0.0351573
14.5 0.0341989
14.6 0.0326104
14.7 0.0317132
14.8 0.0307872
14.9 0.0304407
15 0.0312159
15.1 0.0324146
15.2 0.0325868
15.3 0.0315768
15.4 0.0309245
15.5 0.0317428
15.6 0.0307188
15.7 0.0313051
15.8 0.0332004
15.9 0.0348176
16 0.0341376
16.1 0.0358128
16.2 0.0364534
16.3 0.0380578
16.4 0.0374357
16.5 0.0368892
16.6 0.0378105
16.7 0.0380276
16.8 0.0383131
16.9 0.0382251
17 0.0383254
17.1 0.0385852
17.2 0.040123
17.3 0.0403668
17.4 0.0403462
17.5 0.04225
17.6 0.0420175
17.7 0.0429883
17.8 0.0436477
17.9 0.0445779
18 0.0452676
18.1 0.045969
18.2 0.0465187
18.3 0.0470507
18.4 0.0473254
18.5 0.0464966
18.6 0.0493559
18.7 0.0500749
18.8 0.0493943
18.9 0.050182
19 0.0516252
19.1 0.0521249
19.2 0.0542258
19.3 0.0540309
19.4 0.0544544
19.5 0.0538187
19.6 0.053301
19.7 0.0517991
19.8 0.0523259
19.9 0.0534547
20 0.0544851
20.1 0.0525978
20.2 0.0525258
20.3 0.0526267
20.4 0.0513686
20.5 0.0525035
20.6 0.0534369
20.7 0.0524532
20.8 0.0514979
20.9 0.051793
21 0.0520703
21.1 0.0511289
21.2 0.0515973
21.3 0.0498481
21.4 0.0499084
21.5 0.0506807
21.6 0.0515546
21.7 0.051393
21.8 0.0520463
21.9 0.0517613
22 0.0516007
22.1 0.0516828
22.2 0.0534386
22.3 0.0552821
22.4 0.0553332
22.5 0.0551516
22.6 0.0565137
22.7 0.0566524
22.8 0.0560926
22.9 0.0591217
23 0.0604329
23.1 0.0604262
23.2 0.063062
23.3 0.0628563
23.4 0.063383
23.5 0.0637014
23.6 0.0651226
23.7 0.0652376
23.8 0.0668302
23.9 0.066635
24 0.0680637
24.1 0.0678907
24.2 0.0696213
24.3 0.0703952
24.4 0.0687389
24.5 0.0703319
24.6 0.0705704
24.7 0.0716477
24.8 0.0725758
24.9 0.0736109
25 0.0727902
25.1 0.0713303
25.2 0.0717984
25.3 0.0732298
25.4 0.0731138
25.5 0.0720305
25.6 0.0722068
25.7 0.0708287
25.8 0.0718546
25.9 0.0721667
26 0.0709924
26.1 0.0712884
26.2 0.0724801
26.3 0.074189
26.4 0.0744748
26.5 0.0734756
26.6 0.0757139
26.7 0.0753264
26.8 0.0740535
26.9 0.0722547
27 0.0733173
27.1 0.0719108
27.2 0.0718146
27.3 0.0708061
27.4 0.0704994
27.5 0.0705855
27.6 0.0700164
27.7 0.0697183
27.8 0.0698579
27.9 0.0696226
28 0.0689793
28.1 0.0704741
28.2 0.0700084
28.3 0.0697216
28.4 0.0685613
28.5 0.0695636
28.6 0.0689894
28.7 0.0706916
28.8 0.0700568
28.9 0.0689935
29 0.0684903
29.1 0.0684603
29.2 0.070616
29.3 0.0721841
29.4 0.0720567
29.5 0.0726045
29.6 0.0716446
29.7 0.0724203
29.8 0.0724
29.9 0.0731483
30 0.0742063
30.1 0.0762302
30.2 0.0749887
30.3 0.0769031
30.4 0.0780628
30.5 0.0786957
30.6 0.0798419
30.7 0.0809206
30.8 0.0812786
30.9 0.0824697
31 0.0821333
31.1 0.0825539
31.2 0.0833086
31.3 0.0838976
31.4 0.0849201
31.5 0.086472
31.6 0.087282
31.7 0.0875765
31.8 0.086375
31.9 0.0890335
32 0.0893243
32.1 0.0896809
32.2 0.089508
32.3 0.0895157
32.4 0.0903235
32.5 0.0911056
32.6 0.0900623
32.7 0.089834
32.8 0.0905126
32.9 0.0906015
33 0.0908435
33.1 0.0889947
33.2 0.0900916
33.3 0.0905362
33.4 0.0908354
33.5 0.0914432
33.6 0.0894005
33.7 0.0899643
33.8 0.0895188
33.9 0.0896449
34 0.0893565
34.1 0.0888463
34.2 0.0876847
34.3 0.0881217
34.4 0.0897502
34.5 0.0910527
34.6 0.0909281
34.7 0.0909993
34.8 0.0917205
34.9 0.0928341
35 0.093347
35.1 0.0931123
35.2 0.0932516
35.3 0.0957578
35.4 0.0954122
35.5 0.095706
35.6 0.0953629
35.7 0.0956684
35.8 0.0944775
35.9 0.095025
36 0.0964936
36.1 0.0954025
36.2 0.0952996
36.3 0.0949533
36.4 0.0956231
36.5 0.0947692
36.6 0.097291
36.7 0.0973016
36.8 0.0990767
36.9 0.102141
37 0.10266
37.1 0.103584
37.2 0.105277
37.3 0.106068
37.4 0.105719
37.5 0.105834
37.6 0.105687
37.7 0.104342
37.8 0.106525
37.9 0.106395
38 0.10986
38.1 0.109922
38.2 0.110634
38.3 0.111365
38.4 0.111622
38.5 0.110249
38.6 0.109118
38.7 0.109418
38.8 0.11037
38.9 0.112214
39 0.11205
39.1 0.112162
39.2 0.113729
39.3 0.114736
39.4 0.115152
39.5 0.116495
39.6 0.116233
39.7 0.11531
39.8 0.117093
39.9 0.116573
40 0.117966
40.1 0.116619
40.2 0.117345
40.3 0.115725
40.4 0.116144
40.5 0.115125
40.6 0.114117
40.7 0.11468
40.8 0.112685
40.9 0.110425
41 0.109743
41.1 0.108933
41.2 0.108327
41.3 0.108666
41.4 0.109495
41.5 0.109854
41.6 0.111556
41.7 0.112098
41.8 0.112824
41.9 0.112336
42 0.113819
42.1 0.114606
42.2 0.113199
42.3 0.113154
42.4 0.114132
42.5 0.114914
42.6 0.114934
42.7 0.116251
42.8 0.116864
42.9 0.118209
43 0.117918
43.1 0.118513
43.2 0.119161
43.3 0.120783
43.4 0.121449
43.5 0.121873
43.6 0.123398
43.7 0.12396
43.8 0.123827
43.9 0.123721
44 0.123422
44.1 0.122246
44.2 0.121531
44.3 0.121609
44.4 0.121712
44.5 0.122999
44.6 0.124334
44.7 0.124553
44.8 0.124536
44.9 0.122235
45 0.12088
45.1 0.119508
45.2 0.119961
45.3 0.119707
45.4 0.118974
45.5 0.118183
45.6 0.119135
45.7 0.118522
45.8 0.118922
45.9 0.11785
46 0.117608
46.1 0.118794
46.2 0.119677
46.3 0.118097
46.4 0.117768
46.5 0.116955
46.6 0.118634
46.7 0.117902
46.8 0.115459
46.9 0.116309
47 0.117916
47.1 0.11687
47.2 0.115644
47.3 0.114525
47.4 0.115115
47.5 0.116832
47.6 0.116472
47.7 0.116579
47.8 0.117929
47.9 0.116693
48 0.116897
48.1 0.116
48.2 0.116448
48.3 0.116122
48.4 0.115879
48.5 0.117279
48.6 0.117809
48.7 0.116501
48.8 0.116868
48.9 0.116467
49 0.114675
49.1 0.115948
49.2 0.115687
49.3 0.115497
49.4 0.116185
49.5 0.116597
49.6 0.11602
49.7 0.115103
49.8 0.114519
49.9 0.116631
50 0.117547
50.1 0.119239
50.2 0.119628
50.3 0.120405
50.4 0.120086
50.5 0.119921
50.6 0.122135
50.7 0.124227
50.8 0.124285
50.9 0.12496
51 0.124148
51.1 0.12669
51.2 0.127343
51.3 0.127296
51.4 0.127198
51.5 0.128201
51.6 0.128922
51.7 0.13084
51.8 0.132906
51.9 0.134211
52 0.132921
52.1 0.132608
52.2 0.132148
52.3 0.132875
52.4 0.134013
52.5 0.134676
52.6 0.136425
52.7 0.134746
52.8 0.134223
52.9 0.136087
53 0.136744
53.1 0.137383
53.2 0.137646
53.3 0.136532
53.4 0.137452
53.5 0.136734
53.6 0.137098
53.7 0.138332
53.8 0.138722
53.9 0.139098
54 0.140701
54.1 0.142058
54.2 0.143055
54.3 0.141741
54.4 0.141708
54.5 0.141235
54.6 0.141647
54.7 0.142027
54.8 0.140983
54.9 0.140415
55 0.140358
55.1 0.141181
55.2 0.140435
55.3 0.139999
55.4 0.140218
55.5 0.139431
55.6 0.138952
55.7 0.138361
55.8 0.137645
55.9 0.135799
56 0.135373
56.1 0.13515
56.2 0.136555
56.3 0.139372
56.4 0.140221
56.5 0.142106
56.6 0.143754
56.7 0.144483
56.8 0.14739
56.9 0.147097
57 0.14874
57.1 0.148384
57.2 0.149399
57.3 0.149725
57.4 0.149413
57.5 0.150472
57.6 0.151239
57.7 0.151713
57.8 0.151663
57.9 0.151202
58 0.152777
58.1 0.152695
58.2 0.152904
58.3 0.155104
58.4 0.154608
58.5 0.1548
58.6 0.156198
58.7 0.157368
58.8 0.157021
58.9 0.157628
59 0.159217
59.1 0.159806
59.2 0.160858
59.3 0.161268
59.4 0.161948
59.5 0.162038
59.6 0.162353
59.7 0.161897
59.8 0.161329
59.9 0.161111
60 0.160157
60.1 0.161376
60.2 0.163842
60.3 0.166538
60.4 0.166169
60.5 0.166994
60.6 0.168349
60.7 0.169168
60.8 0.169919
60.9 0.171539
61 0.171082
61.1 0.172479
61.2 0.173352
61.3 0.172511
61.4 0.173858
61.5 0.174842
61.6 0.174354
61.7 0.175544
61.8 0.176454
61.9 0.177984
62 0.179442
62.1 0.179135
62.2 0.179789
62.3 0.179877
62.4 0.180492
62.5 0.181919
62.6 0.183304
62.7 0.185008
62.8 0.185234
62.9 0.184443
63 0.182318
63.1 0.183983
63.2 0.18545
63.3 0.187774
63.4 0.187877
63.5 0.187149
63.6 0.186837
63.7 0.187908
63.8 0.187374
63.9 0.187162
64 0.187148
64.1 0.186906
64.2 0.188274
64.3 0.190051
64.4 0.190397
64.5 0.189016
64.6 0.189444
64.7 0.190302
64.8 0.191622
64.9 0.191942
65 0.191833
65.1 0.191883
65.2 0.19282
65.3 0.193302
65.4 0.19374
65.5 0.192913
65.6 0.192898
65.7 0.192133
65.8 0.192436
65.9 0.193355
66 0.194492
66.1 0.19558
66.2 0.195451
66.3 0.194016
66.4 0.19413
66.5 0.194499
66.6 0.19513
66.7 0.196216
66.8 0.195563
66.9 0.195929
67 0.194942
67.1 0.195127
67.2 0.194854
67.3 0.194972
67.4 0.195456
67.5 0.195702
67.6 0.196886
67.7 0.197292
67.8 0.196918
67.9 0.197708
68 0.19687
68.1 0.198063
68.2 0.195983
68.3 0.196068
68.4 0.197879
68.5 0.19764
68.6 0.198971
68.7 0.199904
68.8 0.198331
68.9 0.201051
69 0.201324
69.1 0.202272
69.2 0.202316
69.3 0.202639
69.4 0.201448
69.5 0.201068
69.6 0.20154
69.7 0.201207
69.8 0.201245
69.9 0.202885
70 0.201665
70.1 0.202501
70.2 0.202528
70.3 0.201726
70.4 0.203573
70.5 0.20584
70.6 0.2075
70.7 0.210559
70.8 0.211869
70.9 0.212015
71 0.210986
71.1 0.210605
71.2 0.210418
71.3 0.212742
71.4 0.212073
71.5 0.211073
71.6 0.212207
71.7 0.213881
71.8 0.214303
71.9 0.214391
72 0.216239
72.1 0.216525
72.2 0.214972
72.3 0.215211
72.4 0.216506
72.5 0.217287
72.6 0.218725
72.7 0.218688
72.8 0.219268
72.9 0.219121
73 0.21975
73.1 0.219439
73.2 0.221004
73.3 0.220635
73.4 0.221784
73.5 0.222815
73.6 0.223372
73.7 0.224049
73.8 0.223927
73.9 0.224628
74 0.226418
74.1 0.228074
74.2 0.229248
74.3 0.228433
74.4 0.229152
74.5 0.229495
74.6 0.229861
74.7 0.230253
74.8 0.231498
74.9 0.230915
75 0.231046
75.1 0.23193
75.2 0.231134
75.3 0.232946
75.4 0.233714
75.5 0.233845
75.6 0.235553
75.7 0.237322
75.8 0.237757
75.9 0.238676
76 0.239331
76.1 0.239847
76.2 0.240107
76.3 0.241579
76.4 0.242867
76.5 0.24373
76.6 0.243223
76.7 0.244031
76.8 0.244829
76.9 0.245371
77 0.245495
77.1 0.245182
77.2 0.246344
77.3 0.24775
77.4 0.248145
77.5 0.248796
77.6 0.249797
77.7 0.250349
77.8 0.250945
77.9 0.253783
78 0.253706
78.1 0.255455
78.2 0.256677
78.3 0.25869
78.4 0.258805
78.5 0.258276
78.6 0.260634
78.7 0.260825
78.8 0.26053
78.9 0.25992
79 0.261033
79.1 0.261758
79.2 0.262704
79.3 0.263745
79.4 0.264262
79.5 0.262234
79.6 0.262645
79.7 0.262426
79.8 0.261934
79.9 0.262497
80 0.262225
80.1 0.261174
80.2 0.261468
80.3 0.263508
80.4 0.263026
80.5 0.265085
80.6 0.264453
80.7 0.263553
80.8 0.263435
80.9 0.263493
81 0.264657
81.1 0.265838
81.2 0.266072
81.3 0.267336
81.4 0.268523
81.5 0.268409
81.6 0.269787
81.7 0.270914
81.8 0.270803
81.9 0.271598
82 0.271496
82.1 0.272504
82.2 0.273208
82.3 0.276023
82.4 0.278053
82.5 0.278749
82.6 0.278422
82.7 0.277915
82.8 0.279067
82.9 0.280488
83 0.281613
83.1 0.281227
83.2 0.281609
83.3 0.281634
83.4 0.282007
83.5 0.281828
83.6 0.283133
83.7 0.283361
83.8 0.285819
83.9 0.286551
84 0.285106
84.1 0.285687
84.2 0.286913
84.3 0.28702
84.4 0.288845
84.5 0.289937
84.6 0.29188
84.7 0.293944
84.8 0.295821
84.9 0.295795
85 0.295957
85.1 0.296411
85.2 0.297215
85.3 0.297254
85.4 0.298064
85.5 0.299004
85.6 0.297831
85.7 0.298095
85.8 0.298698
85.9 0.30066
86 0.30129
86.1 0.30107
86.2 0.300928
86.3 0.301056
86.4 0.302322
86.5 0.302477
86.6 0.304271
86.7 0.305673
86.8 0.306736
86.9 0.307118
87 0.307478
87.1 0.308677
87.2 0.310077
87.3 0.310878
87.4 0.310509
87.5 0.309752
87.6 0.310853
87.7 0.309916
87.8 0.311365
87.9 0.313398
88 0.31339
88.1 0.314394
88.2 0.315758
88.3 0.316805
88.4 0.315064
88.5 0.314838
88.6 0.316777
88.7 0.31611
88.8 0.317377
88.9 0.318325
89 0.320908
89.1 0.322104
89.2 0.322455
89.3 0.322901
89.4 0.322458
89.5 0.323844
89.6 0.323268
89.7 0.324072
89.8 0.325527
89.9 0.325548
90 0.328463
90.1 0.330311
90.2 0.33244
90.3 0.33207
90.4 0.331592
90.5 0.332464
90.6 0.332964
90.7 0.333367
90.8 0.336664
90.9 0.336699
91 0.338229
91.1 0.337394
91.2 0.337384
91.3 0.337699
91.4 0.337921
91.5 0.338255
91.6 0.339749
91.7 0.340464
91.8 0.340242
91.9 0.339895
92 0.339988
92.1 0.340577
92.2 0.342555
92.3 0.343441
92.4 0.344159
92.5 0.345035
92.6 0.344284
92.7 0.343719
92.8 0.343368
92.9 0.342881
93 0.344406
93.1 0.345278
93.2 0.344334
93.3 0.345743
93.4 0.346097
93.5 0.347414
93.6 0.347255
93.7 0.348777
93.8 0.348736
93.9 0.349714
94 0.349521
94.1 0.350381
94.2 0.349981
94.3 0.349128
94.4 0.349805
94.5 0.350488
94.6 0.351228
94.7 0.351009
94.8 0.350547
94.9 0.35031
95 0.349874
95.1 0.349708
95.2 0.350372
95.3 0.351567
95.4 0.352503
95.5 0.351778
95.6 0.351314
95.7 0.349602
95.8 0.350473
95.9 0.351184
96 0.34996
96.1 0.350349
96.2 0.348925
96.3 0.350364
96.4 0.351174
96.5 0.351257
96.6 0.353418
96.7 0.354338
96.8 0.357274
96.9 0.356237
97 0.35731
97.1 0.357984
97.2 0.357171
97.3 0.357565
97.4 0.359755
97.5 0.359911
97.6 0.359702
97.7 0.359305
97.8 0.36007
97.9 0.361062
98 0.36165
98.1 0.362348
98.2 0.363157
98.3 0.363043
98.4 0.363895
98.5 0.364478
98.6 0.365382
98.7 0.366522
98.8 0.36542
98.9 0.366396
99 0.367076
99.1 0.369745
99.2 0.371688
99.3 0.373206
99.4 0.374721
99.5 0.375987
99.6 0.37537
99.7 0.375954
99.8 0.377504
99.9 0.378231
100 0.377607
100.1 0.376011
100.2 0.376945
100.3 0.376988
100.4 0.378115
100.5 0.3782
100.6 0.379616
100.7 0.379251
100.8 0.379131
100.9 0.380245
101 0.380924
101.1 0.381752
101.2 0.380855
101.3 0.378335
101.4 0.378129
101.5 0.377819
101.6 0.376832
101.7 0.377104
101.8 0.377486
101.9 0.378273
102 0.37781
102.1 0.380143
102.2 0.380279
102.3 0.37954
102.4 0.378284
102.5 0.377353
102.6 0.378557
102.7 0.378952
102.8 0.379304
102.9 0.379444
103 0.380963
103.1 0.381012
103.2 0.379965
103.3 0.381433
103.4 0.381044
103.5 0.382133
103.6 0.381327
103.7 0.382041
103.8 0.382126
103.9 0.383479
104 0.384117
104.1 0.385962
104.2 0.386636
104.3 0.386586
104.4 0.386801
104.5 0.388621
104.6 0.387747
104.7 0.389039
104.8 0.388535
104.9 0.388663
105 0.389506
105.1 0.391609
105.2 0.391942
105.3 0.391726
105.4 0.390912
105.5 0.391026
105.6 0.392131
105.7 0.392201
105.8 0.392096
105.9 0.390215
106 0.391987
106.1 0.39407
106.2 0.394378
106.3 0.393187
106.4 0.395109
106.5 0.395692
106.6 0.397244
106.7 0.396653
106.8 0.396156
106.9 0.397913
107 0.3987
107.1 0.398814
107.2 0.399194
107.3 0.397248
107.4 0.396924
107.5 0.398737
107.6 0.399933
107.7 0.400634
107.8 0.400803
107.9 0.399267
108 0.400283
108.1 0.401069
108.2 0.399466
108.3 0.400211
108.4 0.401169
108.5 0.401418
108.6 0.4018
108.7 0.402136
108.8 0.401583
108.9 0.401413
109 0.403054
109.1 0.402778
109.2 0.403136
109.3 0.402922
109.4 0.404268
109.5 0.403965
109.6 0.403754
109.7 0.401662
109.8 0.402475
109.9 0.403019
110 0.401824
110.1 0.402412
110.2 0.403604
110.3 0.402668
110.4 0.402737
110.5 0.401161
110.6 0.404458
110.7 0.404542
110.8 0.40664
110.9 0.408638
111 0.407731
111.1 0.407309
111.2 0.405063
111.3 0.404819
111.4 0.405184
111.5 0.40669
111.6 0.406836
111.7 0.406773
111.8 0.408275
111.9 0.407428
112 0.40695
112.1 0.406717
112.2 0.407013
112.3 0.406475
112.4 0.407783
112.5 0.408881
112.6 0.409402
112.7 0.410802
112.8 0.410535
112.9 0.411792
113 0.410978
113.1 0.41142
113.2 0.411567
113.3 0.411829
113.4 0.41296
113.5 0.412898
113.6 0.412437
113.7 0.410776
113.8 0.409918
113.9 0.411013
114 0.41093
114.1 0.41199
114.2 0.412936
114.3 0.413685
114.4 0.415369
114.5 0.416824
114.6 0.416391
114.7 0.417282
114.8 0.415324
114.9 0.414828
115 0.41451
115.1 0.41259
115.2 0.413297
115.3 0.413147
115.4 0.413755
115.5 0.41271
115.6 0.412675
115.7 0.413793
115.8 0.411266
115.9 0.410936
116 0.411529
116.1 0.411136
116.2 0.411135
116.3 0.411237
116.4 0.411579
116.5 0.41315
116.6 0.413565
116.7 0.413777
116.8 0.415239
116.9 0.416301
117 0.417306
117.1 0.418825
117.2 0.419141
117.3 0.419094
117.4 0.419894
117.5 0.42117
117.6 0.422476
117.7 0.422762
117.8 0.424561
117.9 0.424518
118 0.425425
118.1 0.424053
118.2 0.423527
118.3 0.423447
118.4 0.423916
118.5 0.424673
118.6 0.426414
118.7 0.427193
118.8 0.427047
118.9 0.427568
119 0.426669
119.1 0.426689
119.2 0.426127
119.3 0.425233
119.4 0.425514
119.5 0.425769
119.6 0.426835
119.7 0.424434
119.8 0.42391
119.9 0.42438
120 0.42575
120.1 0.426653
120.2 0.427642
120.3 0.427724
120.4 0.427672
120.5 0.427938
120.6 0.429474
120.7 0.429477
120.8 0.42808
120.9 0.428565
121 0.42888
121.1 0.430689
121.2 0.429971
121.3 0.430336
121.4 0.431372
121.5 0.43182
121.6 0.434071
121.7 0.434924
121.8 0.433985
121.9 0.432073
122 0.433731
122.1 0.43386
122.2 0.435096
122.3 0.435952
122.4 0.437305
122.5 0.437414
122.6 0.437684
122.7 0.438601
122.8 0.437183
122.9 0.438864
123 0.439509
123.1 0.438491
123.2 0.437846
123.3 0.438642
123.4 0.437369
123.5 0.43843
123.6 0.438594
123.7 0.438212
123.8 0.438549
123.9 0.438647
124 0.438317
124.1 0.439422
124.2 0.43831
124.3 0.436612
124.4 0.438235
124.5 0.438498
124.6 0.438315
124.7 0.439968
124.8 0.439519
124.9 0.439279
125 0.440623
125.1 0.439592
125.2 0.441192
125.3 0.443054
125.4 0.444689
125.5 0.444917
125.6 0.443839
125.7 0.44293
125.8 0.444323
125.9 0.44424
126 0.444004
126.1 0.443304
126.2 0.444257
126.3 0.444283
126.4 0.443921
126.5 0.444556
126.6 0.445604
126.7 0.445581
126.8 0.445221
126.9 0.444842
127 0.445647
127.1 0.446435
127.2 0.447901
127.3 0.448785
127.4 0.449393
127.5 0.449938
127.6 0.450703
127.7 0.451026
127.8 0.452043
127.9 0.45156
128 0.452036
128.1 0.453263
128.2 0.454434
128.3 0.453946
128.4 0.455226
128.5 0.456281
128.6 0.457618
128.7 0.458219
128.8 0.457494
128.9 0.455217
129 0.455738
129.1 0.455
129.2 0.45477
129.3 0.456403
129.4 0.455992
129.5 0.458085
129.6 0.458213
129.7 0.457935
129.8 0.45925
129.9 0.459833
130 0.46095
130.1 0.460495
130.2 0.460317
130.3 0.459787
130.4 0.459185
130.5 0.459608
130.6 0.460795
130.7 0.461643
130.8 0.460724
130.9 0.461524
131 0.461345
131.1 0.463122
131.2 0.463046
131.3 0.461701
131.4 0.461809
131.5 0.461271
131.6 0.463054
131.7 0.463028
131.8 0.463851
131.9 0.46443
132 0.466261
132.1 0.46533
132.2 0.465444
132.3 0.466253
132.4 0.467855
132.5 0.469784
132.6 0.471176
132.7 0.472743
132.8 0.471848
132.9 0.471709
133 0.47207
133.1 0.471027
133.2 0.470245
133.3 0.470259
133.4 0.470366
133.5 0.470812
133.6 0.47028
133.7 0.469688
133.8 0.471097
133.9 0.472707
134 0.47236
134.1 0.471757
134.2 0.470551
134.3 0.471254
134.4 0.472125
134.5 0.472834
134.6 0.471846
134.7 0.471716
134.8 0.472554
134.9 0.471595
135 0.470163
135.1 0.470239
135.2 0.472177
135.3 0.474126
135.4 0.475278
135.5 0.475292
135.6 0.474518
135.7 0.472907
135.8 0.473381
135.9 0.473652
136 0.475675
136.1 0.477737
136.2 0.479839
136.3 0.480211
136.4 0.480241
136.5 0.480222
136.6 0.481197
136.7 0.482389
136.8 0.483611
136.9 0.483712
137 0.48368
137.1 0.484735
137.2 0.484881
137.3 0.484931
137.4 0.486503
137.5 0.48462
137.6 0.484976
137.7 0.485784
137.8 0.488284
137.9 0.489751
138 0.48805
138.1 0.488062
138.2 0.487293
138.3 0.487917
138.4 0.489511
138.5 0.491411
138.6 0.491163
138.7 0.491093
138.8 0.490165
138.9 0.49026
139 0.48963
139.1 0.489608
139.2 0.488519
139.3 0.488341
139.4 0.490093
139.5 0.489233
139.6 0.490656
139.7 0.491028
139.8 0.49117
139.9 0.491375
140 0.49068
140.1 0.491965
140.2 0.493685
140.3 0.495143
140.4 0.496161
140.5 0.495879
140.6 0.49469
140.7 0.495471
140.8 0.495775
140.9 0.495049
141 0.493299
141.1 0.493759
141.2 0.495319
141.3 0.49335
141.4 0.495195
141.5 0.49501
141.6 0.495581
141.7 0.494311
141.8 0.494043
141.9 0.494286
142 0.494977
142.1 0.495496
142.2 0.495789
142.3 0.497294
142.4 0.498761
142.5 0.499447
142.6 0.500747
142.7 0.501455
142.8 0.501772
142.9 0.501132
143 0.503075
143.1 0.503417
143.2 0.504172
143.3 0.504889
143.4 0.504244
143.5 0.504121
143.6 0.503009
143.7 0.502301
143.8 0.503585
143.9 0.50358
144 0.502957
144.1 0.501932
144.2 0.502747
144.3 0.503012
144.4 0.50506
144.5 0.505646
144.6 0.506407
144.7 0.507088
144.8 0.509009
144.9 0.509006
145 0.507566
145.1 0.507788
145.2 0.508051
145.3 0.508476
145.4 0.507751
145.5 0.507131
145.6 0.507001
145.7 0.507688
145.8 0.507101
145.9 0.50703
146 0.507179
146.1 0.507717
146.2 0.508719
146.3 0.510458
146.4 0.510088
146.5 0.510883
146.6 0.513015
146.7 0.51217
146.8 0.512382
146.9 0.512202
147 0.51172
147.1 0.510952
147.2 0.511646
147.3 0.511808
147.4 0.512367
147.5 0.510064
147.6 0.509524
147.7 0.507828
147.8 0.509187
147.9 0.510361
148 0.512004
148.1 0.511445
148.2 0.512203
148.3 0.511719
148.4 0.512627
148.5 0.512964
148.6 0.513519
148.7 0.511962
148.8 0.51083
148.9 0.511854
149 0.512417
149.1 0.511544
149.2 0.509754
149.3 0.510158
149.4 0.509655
149.5 0.508975
149.6 0.50927
149.7 0.50722
149.8 0.508371
149.9 0.508191
150 0.507837
150.1 0.508619
150.2 0.508016
150.3 0.508436
150.4 0.508249
150.5 0.507836
150.6 0.510301
150.7 0.510544
150.8 0.512596
150.9 0.513463
151 0.514581
151.1 0.516461
151.2 0.516153
151.3 0.515551
151.4 0.51689
151.5 0.516124
151.6 0.516879
151.7 0.517016
151.8 0.518125
151.9 0.518937
152 0.519531
152.1 0.520327
152.2 0.52256
152.3 0.522526
152.4 0.52396
152.5 0.524814
152.6 0.52514
152.7 0.526794
152.8 0.527825
152.9 0.526636
153 0.528126
153.1 0.528916
153.2 0.529587
153.3 0.530777
153.4 0.530527
153.5 0.531067
153.6 0.530604
153.7 0.531653
153.8 0.531428
153.9 0.531572
154 0.532141
154.1 0.531716
154.2 0.532181
154.3 0.531692
154.4 0.53258
154.5 0.53386
154.6 0.533237
154.7 0.53123
154.8 0.532251
154.9 0.53317
155 0.533992
155.1 0.533656
155.2 0.534135
155.3 0.536852
155.4 0.537341
155.5 0.536468
155.6 0.537581
155.7 0.538515
155.8 0.539011
155.9 0.537858
156 0.539598
156.1 0.541973
156.2 0.542793
156.3 0.540167
156.4 0.540346
156.5 0.539987
156.6 0.54023
156.7 0.54035
156.8 0.539546
156.9 0.538624
157 0.537985
157.1 0.540142
157.2 0.53854
157.3 0.537964
157.4 0.539693
157.5 0.538892
157.6 0.539826
157.7 0.539787
157.8 0.540318
157.9 0.540273
158 0.539907
158.1 0.53784
158.2 0.539903
158.3 0.543511
158.4 0.543217
158.5 0.543627
158.6 0.54359
158.7 0.544363
158.8 0.545105
158.9 0.543916
159 0.544926
159.1 0.545188
159.2 0.545715
159.3 0.54688
159.4 0.546763
159.5 0.548426
159.6 0.547218
159.7 0.546294
159.8 0.546017
159.9 0.544497
160 0.544029
160.1 0.544799
160.2 0.544313
160.3 0.544106
160.4 0.544666
160.5 0.545398
160.6 0.546092
160.7 0.546381
160.8 0.546802
160.9 0.547474
161 0.546696
161.1 0.545601
161.2 0.543266
161.3 0.543136
161.4 0.543112
161.5 0.541847
161.6 0.542081
161.7 0.540748
161.8 0.542857
161.9 0.542455
162 0.542172
162.1 0.541725
162.2 0.541928
162.3 0.540391
162.4 0.542075
162.5 0.540129
162.6 0.541489
162.7 0.54115
162.8 0.540975
162.9 0.542363
163 0.542216
163.1 0.543361
163.2 0.542268
163.3 0.545625
163.4 0.545769
163.5 0.544856
163.6 0.545881
163.7 0.546572
163.8 0.547903
163.9 0.549231
164 0.548787
164.1 0.548612
164.2 0.546559
164.3 0.547268
164.4 0.547667
164.5 0.547946
164.6 0.548898
164.7 0.548711
164.8 0.547902
164.9 0.547449
165 0.549043
165.1 0.548904
165.2 0.54968
165.3 0.548731
165.4 0.548118
165.5 0.54667
165.6 0.546263
165.7 0.547096
165.8 0.545985
165.9 0.546178
166 0.54689
166.1 0.548134
166.2 0.548453
166.3 0.54893
166.4 0.550205
166.5 0.550617
166.6 0.550303
166.7 0.551754
166.8 0.552367
166.9 0.553774
167 0.552994
167.1 0.554251
167.2 0.553075
167.3 0.552751
167.4 0.554367
167.5 0.55601
167.6 0.555763
167.7 0.556606
167.8 0.55514
167.9 0.553802
168 0.554945
168.1 0.556641
168.2 0.558283
168.3 0.558367
168.4 0.558139
168.5 0.559314
168.6 0.55931
168.7 0.558828
168.8 0.561326
168.9 0.561898
169 0.561696
169.1 0.561965
169.2 0.561856
169.3 0.560908
169.4 0.559751
169.5 0.560632
169.6 0.560901
169.7 0.561425
169.8 0.562731
169.9 0.56222
170 0.561617
170.1 0.561733
170.2 0.561428
170.3 0.560316
170.4 0.558482
170.5 0.557952
170.6 0.557702
170.7 0.556802
170.8 0.556264
170.9 0.556909
171 0.556159
171.1 0.55709
171.2 0.557439
171.3 0.556404
171.4 0.556091
171.5 0.556965
171.6 0.558103
171.7 0.558643
171.8 0.558764
171.9 0.559287
172 0.560571
172.1 0.560775
172.2 0.560351
172.3 0.561944
172.4 0.562094
172.5 0.563684
172.6 0.562272
172.7 0.562499
172.8 0.562486
172.9 0.563297
173 0.563386
173.1 0.563105
173.2 0.562748
173.3 0.560892
173.4 0.559621
173.5 0.560424
173.6 0.560737
173.7 0.561833
173.8 0.562178
173.9 0.565126
174 0.564778
174.1 0.565787
174.2 0.566347
174.3 0.565202
174.4 0.564894
174.5 0.563608
174.6 0.565191
174.7 0.566322
174.8 0.566814
174.9 0.568528
175 0.569342
175.1 0.570071
175.2 0.568908
175.3 0.568285
175.4 0.567999
175.5 0.567045
175.6 0.566198
175.7 0.565606
175.8 0.566941
175.9 0.567816
176 0.568514
176.1 0.567911
176.2 0.56707
176.3 0.567105
176.4 0.567976
176.5 0.568251
176.6 0.569927
176.7 0.571214
176.8 0.572062
176.9 0.573534
177 0.573544
177.1 0.573086
177.2 0.573835
177.3 0.576119
177.4 0.575637
177.5 0.574704
177.6 0.575056
177.7 0.575236
177.8 0.575607
177.9 0.574664
178 0.575053
178.1 0.575101
178.2 0.575047
178.3 0.574353
178.4 0.573227
178.5 0.572073
178.6 0.571543
178.7 0.570331
178.8 0.568709
178.9 0.570804
179 0.570037
179.1 0.570963
179.2 0.569802
179.3 0.569905
179.4 0.570143
179.5 0.571575
179.6 0.572158
179.7 0.572029
179.8 0.571467
179.9 0.571078
180 0.570481
180.1 0.569617
180.2 0.570093
180.3 0.571102
180.4 0.573102
180.5 0.57404
180.6 0.57537
180.7 0.575599
180.8 0.574981
180.9 0.577216
181 0.577591
181.1 0.577583
181.2 0.577019
181.3 0.576859
181.4 0.576688
181.5 0.577876
181.6 0.576827
181.7 0.576635
181.8 0.578452
181.9 0.580746
182 0.58062
182.1 0.579348
182.2 0.579184
182.3 0.580383
182.4 0.581054
182.5 0.582414
182.6 0.583588
182.7 0.584682
182.8 0.585967
182.9 0.586091
183 0.585595
183.1 0.586844
183.2 0.585396
183.3 0.585862
183.4 0.584476
183.5 0.583827
183.6 0.582852
183.7 0.58373
183.8 0.58438
183.9 0.58454
184 0.585383
184.1 0.585591
184.2 0.585773
184.3 0.584973
184.4 0.585489
184.5 0.584762
184.6 0.584336
184.7 0.58575
184.8 0.585825
184.9 0.585676
185 0.585035
185.1 0.583806
185.2 0.584753
185.3 0.583509
185.4 0.582549
185.5 0.582838
185.6 0.583628
185.7 0.581917
185.8 0.582743
185.9 0.581902
186 0.582197
186.1 0.583059
186.2 0.58153
186.3 0.579573
186.4 0.580091
186.5 0.579324
186.6 0.579045
186.7 0.578542
186.8 0.579449
186.9 0.579015
187 0.578944
187.1 0.578082
187.2 0.58064
187.3 0.580922
187.4 0.580241
187.5 0.580733
187.6 0.580145
187.7 0.580143
187.8 0.581322
187.9 0.581474
188 0.580554
188.1 0.579966
188.2 0.580253
188.3 0.580178
188.4 0.57985
188.5 0.57927
188.6 0.579813
188.7 0.580235
188.8 0.580967
188.9 0.580438
189 0.579645
189.1 0.579751
189.2 0.581172
189.3 0.58256
189.4 0.583184
189.5 0.58245
189.6 0.583529
189.7 0.582852
189.8 0.584653
189.9 0.584434
190 0.583906
190.1 0.583121
190.2 0.585333
190.3 0.584979
190.4 0.583984
190.5 0.583719
190.6 0.58316
190.7 0.583047
190.8 0.582606
190.9 0.581748
191 0.579763
191.1 0.580464
191.2 0.579632
191.3 0.579232
191.4 0.580779
191.5 0.57996
191.6 0.579096
191.7 0.580664
191.8 0.580956
191.9 0.580219
192 0.580239
192.1 0.58015
192.2 0.581605
192.3 0.580406
192.4 0.581993
192.5 0.582896
192.6 0.582402
192.7 0.583001
192.8 0.58421
192.9 0.584574
193 0.585709
193.1 0.586325
193.2 0.586927
193.3 0.586583
193.4 0.587678
193.5 0.588541
193.6 0.588944
193.7 0.590201
193.8 0.591578
193.9 0.591226
194 0.592271
194.1 0.591638
194.2 0.591484
194.3 0.592536
194.4 0.593071
194.5 0.592994
194.6 0.593106
194.7 0.593272
194.8 0.594093
194.9 0.593245
195 0.593726
195.1 0.594012
195.2 0.594095
195.3 0.59431
195.4 0.59457
195.5 0.594122
195.6 0.593979
195.7 0.594943
195.8 0.596282
195.9 0.594791
196 0.595998
196.1 0.59701
196.2 0.595785
196.3 0.596502
196.4 0.595499
196.5 0.596366
196.6 0.597924
196.7 0.598021
196.8 0.599088
196.9 0.59816
197 0.597932
197.1 0.598908
197.2 0.599859
197.3 0.599524
197.4 0.599565
197.5 0.599516
197.6 0.598561
197.7 0.600143
197.8 0.600864
197.9 0.598625
198 0.598386
198.1 0.598475
198.2 0.598852
198.3 0.598223
198.4 0.597131
198.5 0.598138
198.6 0.600553
198.7 0.59939
198.8 0.599433
198.9 0.599424
199 0.599364
199.1 0.597934
199.2 0.598257
199.3 0.597366
199.4 0.597636
199.5 0.597636
199.6 0.599608
199.7 0.599569
199.8 0.600834
199.9 0.600386
