0 0.0675494
0.1 0.0679732
0.2 0.0715417
0.3 0.0666182
0.4 0.0668477
0.5 0.0706489
0.6 0.0693942
0.7 0.0723785
0.8 0.070745
0.9 0.0725518
1 0.0789717
1.1 0.077162
1.2 0.0816225
1.3 0.0879461
1.4 0.0867459
1.5 0.0860231
1.6 0.0795697
1.7 0.0709741
1.8 0.0803528
1.9 0.0778003
2 0.0791218
2.1 0.0698595
2.2 0.0735216
2.3 0.0825111
2.4 0.0903676
2.5 0.0848547
2.6 0.101656
2.7 0.106945
2.8 0.115396
2.9 0.125023
3 0.121347
3.1 0.127124
3.2 0.126757
3.3 0.126806
3.4 0.131589
3.5 0.136271
3.6 0.129546
3.7 0.128933
3.8 0.129336
3.9 0.134546
4 0.133745
4.1 0.139563
4.2 0.147025
4.3 0.148339
4.4 0.156479
4.5 0.149113
4.6 0.146401
4.7 0.153974
4.8 0.149743
4.9 0.153257
5 0.157246
5.1 0.166841
5.2 0.163547
5.3 0.16664
5.4 0.167489
5.5 0.167541
5.6 0.170105
5.7 0.168413
5.8 0.162412
5.9 0.164594
6 0.168558
6.1 0.17901
6.2 0.17538
6.3 0.179489
6.4 0.186762
6.5 0.189024
6.6 0.195749
6.7 0.196276
6.8 0.206011
6.9 0.214
7 0.212873
7.1 0.215304
7.2 0.217363
7.3 0.213496
7.4 0.222626
7.5 0.219415
7.6 0.223042
7.7 0.222101
7.8 0.21775
7.9 0.219892
8 0.233319
8.1 0.235611
8.2 0.233574
8.3 0.239962
8.4 0.238263
8.5 0.236597
8.6 0.235213
8.7 0.231026
8.8 0.225875
8.9 0.233155
9 0.236799
9.1 0.247139
9.2 0.256425
9.3 0.261651
9.4 0.260628
9.5 0.257152
9.6 0.261585
9.7 0.260284
9.8 0.258298
9.9 0.259281
10 0.260826
10.1 0.255137
10.2 0.255775
10.3 0.256137
10.4 0.248144
10.5 0.26313
10.6 0.270331
10.7 0.278782
10.8 0.275876
10.9 0.272093
11 0.274576
11.1 0.28057
11.2 0.284703
11.3 0.280865
11.4 0.282626
11.5 0.28061
11.6 0.28676
11.7 0.280391
11.8 0.278997
11.9 0.281237
12 0.286646
12.1 0.288681
12.2 0.280052
12.3 0.274897
12.4 0.273417
12.5 0.268917
12.6 0.267817
12.7 0.272544
12.8 0.280643
12.9 0.280264
13 0.275976
13.1 0.275111
13.2 0.277274
13.3 0.272067
13.4 0.270988
13.5 0.275486
13.6 0.282435
13.7 0.29139
13.8 0.295067
13.9 0.302013
14 0.30498
14.1 0.310654
14.2 0.318634
14.3 0.323796
14.4 0.331534
14.5 0.329603
14.6 0.333901
14.7 0.332743
14.8 0.322155
14.9 0.323521
15 0.321662
15.1 0.315587
15.2 0.31568
15.3 0.314185
15.4 0.320041
15.5 0.313347
15.6 0.320414
15.7 0.321457
15.8 0.323892
15.9 0.328969
16 0.336733
16.1 0.339542
16.2 0.350587
16.3 0.346491
16.4 0.350184
16.5 0.34232
16.6 0.342135
16.7 0.335706
16.8 0.332784
16.9 0.331459
17 0.3295
17.1 0.335104
17.2 0.345556
17.3 0.349931
17.4 0.350697
17.5 0.36341
17.6 0.36933
17.7 0.367399
17.8 0.367848
17.9 0.36705
18 0.376546
18.1 0.375365
18.2 0.379488
18.3 0.380287
18.4 0.39507
18.5 0.395321
18.6 0.403436
18.7 0.406432
18.8 0.409111
18.9 0.405265
19 0.407689
19.1 0.415065
19.2 0.414514
19.3 0.408041
19.4 0.406336
19.5 0.406161
19.6 0.410204
19.7 0.417289
19.8 0.417693
19.9 0.421649
20 0.423403
20.1 0.423062
20.2 0.417992
20.3 0.423539
20.4 0.429959
20.5 0.428831
20.6 0.43571
20.7 0.432449
20.8 0.433453
20.9 0.42776
21 0.423482
21.1 0.414255
21.2 0.419025
21.3 0.416236
21.4 0.42139
21.5 0.422489
21.6 0.418903
21.7 0.419666
21.8 0.414837
21.9 0.425549
22 0.426166
22.1 0.431856
22.2 0.429722
22.3 0.431629
22.4 0.426607
22.5 0.421736
22.6 0.426617
22.7 0.419813
22.8 0.428842
22.9 0.437568
23 0.449057
23.1 0.449927
23.2 0.461105
23.3 0.475979
23.4 0.476773
23.5 0.480456
23.6 0.485043
23.7 0.502889
23.8 0.501729
23.9 0.498956
24 0.491669
24.1 0.49789
24.2 0.500132
24.3 0.506974
24.4 0.510181
24.5 0.513706
24.6 0.511728
24.7 0.511578
24.8 0.513208
24.9 0.515457
25 0.523155
25.1 0.519846
25.2 0.518658
25.3 0.523845
25.4 0.524607
25.5 0.528093
25.6 0.528968
25.7 0.531218
25.8 0.52845
25.9 0.523435
26 0.529549
26.1 0.529882
26.2 0.53215
26.3 0.53612
26.4 0.538795
26.5 0.540454
26.6 0.550742
26.7 0.5521
26.8 0.550146
26.9 0.560113
27 0.560521
27.1 0.556882
27.2 0.555839
27.3 0.561106
27.4 0.57037
27.5 0.571598
27.6 0.576116
27.7 0.578115
27.8 0.571688
27.9 0.576077
28 0.578425
28.1 0.582458
28.2 0.591544
28.3 0.604484
28.4 0.596351
28.5 0.592965
28.6 0.584227
28.7 0.582249
28.8 0.58904
28.9 0.585127
29 0.582622
29.1 0.582699
29.2 0.581244
29.3 0.587212
29.4 0.598444
29.5 0.599226
29.6 0.605016
29.7 0.611279
29.8 0.614361
29.9 0.623332
30 0.624142
30.1 0.629507
30.2 0.625443
30.3 0.625183
30.4 0.626208
30.5 0.623134
30.6 0.618894
30.7 0.613896
30.8 0.612659
30.9 0.619299
31 0.618158
31.1 0.619411
31.2 0.625278
31.3 0.617558
31.4 0.612227
31.5 0.619569
31.6 0.620026
31.7 0.631637
31.8 0.633922
31.9 0.63945
32 0.636094
32.1 0.636436
32.2 0.641322
32.3 0.649388
32.4 0.656226
32.5 0.653634
32.6 0.649749
32.7 0.655975
32.8 0.663416
32.9 0.670894
33 0.674613
33.1 0.676657
33.2 0.671377
33.3 0.660616
33.4 0.667477
33.5 0.66522
33.6 0.667415
33.7 0.667849
33.8 0.669842
33.9 0.665007
34 0.669366
34.1 0.676702
34.2 0.677749
34.3 0.674425
34.4 0.673906
34.5 0.669352
34.6 0.670017
34.7 0.670577
34.8 0.669402
34.9 0.667433
35 0.662555
35.1 0.663209
35.2 0.66071
35.3 0.657756
35.4 0.653975
35.5 0.657126
35.6 0.663127
35.7 0.656272
35.8 0.654796
35.9 0.655605
36 0.661451
36.1 0.663881
36.2 0.661733
36.3 0.676881
36.4 0.678131
36.5 0.670823
36.6 0.670673
36.7 0.673333
36.8 0.673311
36.9 0.679351
37 0.671024
37.1 0.674808
37.2 0.671973
37.3 0.667667
37.4 0.6676
37.5 0.673244
37.6 0.681767
37.7 0.671616
37.8 0.669161
37.9 0.673061
38 0.670292
38.1 0.673619
38.2 0.670545
38.3 0.671794
38.4 0.670354
38.5 0.668135
38.6 0.666885
38.7 0.667469
38.8 0.667093
38.9 0.666476
39 0.67007
39.1 0.678871
39.2 0.681233
39.3 0.689893
39.4 0.686564
39.5 0.682701
39.6 0.682234
39.7 0.681236
39.8 0.681185
39.9 0.688449
40 0.688508
40.1 0.691404
40.2 0.696535
40.3 0.697081
40.4 0.694779
40.5 0.698874
40.6 0.710376
40.7 0.71233
40.8 0.713584
40.9 0.713997
41 0.720831
41.1 0.721131
41.2 0.723281
41.3 0.719104
41.4 0.72355
41.5 0.728435
41.6 0.72781
41.7 0.729879
41.8 0.726708
41.9 0.721727
42 0.723113
42.1 0.725577
42.2 0.724112
42.3 0.73363
42.4 0.730397
42.5 0.725839
42.6 0.73158
42.7 0.730699
42.8 0.736769
42.9 0.735297
43 0.733204
43.1 0.737179
43.2 0.732579
43.3 0.733557
43.4 0.728481
43.5 0.725985
43.6 0.729926
43.7 0.729507
43.8 0.727328
43.9 0.729944
44 0.72171
44.1 0.722824
44.2 0.724
44.3 0.723125
44.4 0.720889
44.5 0.725033
44.6 0.727708
44.7 0.735285
44.8 0.73392
44.9 0.733646
45 0.732479
45.1 0.732108
45.2 0.733371
45.3 0.72883
45.4 0.726505
45.5 0.730167
45.6 0.726562
45.7 0.728971
45.8 0.73595
45.9 0.734839
46 0.731853
46.1 0.738815
46.2 0.737664
46.3 0.741299
46.4 0.735718
46.5 0.733613
46.6 0.735011
46.7 0.737258
46.8 0.737489
46.9 0.738051
47 0.7413
47.1 0.741065
47.2 0.737318
47.3 0.740095
47.4 0.739514
47.5 0.747704
47.6 0.746764
47.7 0.742183
47.8 0.742658
47.9 0.745213
48 0.737749
48.1 0.737158
48.2 0.736765
48.3 0.742774
48.4 0.739246
48.5 0.738527
48.6 0.737852
48.7 0.734056
48.8 0.730634
48.9 0.732857
49 0.738588
49.1 0.743058
49.2 0.746606
49.3 0.75347
49.4 0.752006
49.5 0.754179
49.6 0.751862
49.7 0.765754
49.8 0.767244
49.9 0.769841
50 0.780993
50.1 0.780648
50.2 0.777169
50.3 0.776531
50.4 0.771835
50.5 0.771783
50.6 0.77337
50.7 0.774824
50.8 0.771112
50.9 0.766313
51 0.766012
51.1 0.756322
51.2 0.755241
51.3 0.753562
51.4 0.757473
51.5 0.758649
51.6 0.756029
51.7 0.755086
51.8 0.751732
51.9 0.762489
52 0.770005
52.1 0.774173
52.2 0.769688
52.3 0.772091
52.4 0.770678
52.5 0.775818
52.6 0.776412
52.7 0.780971
52.8 0.780634
52.9 0.780495
53 0.783114
53.1 0.779067
53.2 0.779935
53.3 0.784885
53.4 0.78656
53.5 0.78528
53.6 0.786021
53.7 0.7793
53.8 0.779606
53.9 0.778352
54 0.782095
54.1 0.780095
54.2 0.779771
54.3 0.778742
54.4 0.776395
54.5 0.774443
54.6 0.782796
54.7 0.784369
54.8 0.788324
54.9 0.783646
55 0.792872
55.1 0.795032
55.2 0.795287
55.3 0.794948
55.4 0.795923
55.5 0.791116
55.6 0.791378
55.7 0.788803
55.8 0.788906
55.9 0.784519
56 0.779709
56.1 0.775872
56.2 0.772588
56.3 0.768961
56.4 0.770819
56.5 0.777917
56.6 0.782564
56.7 0.778078
56.8 0.777825
56.9 0.777589
57 0.773463
57.1 0.780096
57.2 0.792119
57.3 0.782511
57.4 0.785713
57.5 0.788105
57.6 0.78418
57.7 0.782888
57.8 0.77989
57.9 0.779915
58 0.767251
58.1 0.766791
58.2 0.761689
58.3 0.770883
58.4 0.76374
58.5 0.76201
58.6 0.76109
58.7 0.763934
58.8 0.760573
58.9 0.765729
59 0.771619
59.1 0.773572
59.2 0.764811
59.3 0.768891
59.4 0.766737
59.5 0.774105
59.6 0.775662
59.7 0.775655
59.8 0.774765
59.9 0.77425
60 0.770897
60.1 0.771882
60.2 0.771716
60.3 0.774507
60.4 0.777023
60.5 0.780026
60.6 0.779625
60.7 0.778311
60.8 0.779561
60.9 0.781171
61 0.786326
61.1 0.78175
61.2 0.782211
61.3 0.78106
61.4 0.788586
61.5 0.787663
61.6 0.789434
61.7 0.784511
61.8 0.780697
61.9 0.786835
62 0.784989
62.1 0.786044
62.2 0.78026
62.3 0.784069
62.4 0.784623
62.5 0.787985
62.6 0.786742
62.7 0.786903
62.8 0.788512
62.9 0.787073
63 0.78665
63.1 0.78282
63.2 0.782525
63.3 0.782243
63.4 0.792418
63.5 0.795931
63.6 0.797372
63.7 0.795135
63.8 0.797231
63.9 0.796782
64 0.797607
64.1 0.795602
64.2 0.794182
64.3 0.795485
64.4 0.795912
64.5 0.801445
64.6 0.791277
64.7 0.786159
64.8 0.783515
64.9 0.787573
65 0.78566
65.1 0.783485
65.2 0.783888
65.3 0.775187
65.4 0.773843
65.5 0.773019
65.6 0.777915
65.7 0.779852
65.8 0.778142
65.9 0.775732
66 0.779984
66.1 0.781402
66.2 0.78447
66.3 0.782168
66.4 0.785188
66.5 0.785641
66.6 0.787367
66.7 0.785212
66.8 0.786371
66.9 0.786147
67 0.791473
67.1 0.788278
67.2 0.784158
67.3 0.782635
67.4 0.781269
67.5 0.77936
67.6 0.778831
67.7 0.777606
67.8 0.785704
67.9 0.781058
68 0.779759
68.1 0.77771
68.2 0.780234
68.3 0.786465
68.4 0.787021
68.5 0.789691
68.6 0.785591
68.7 0.788982
68.8 0.785862
68.9 0.784147
69 0.786221
69.1 0.779542
69.2 0.784762
69.3 0.783416
69.4 0.779832
69.5 0.778085
69.6 0.780396
69.7 0.793329
69.8 0.797244
69.9 0.798769
70 0.800202
70.1 0.794915
70.2 0.793211
70.3 0.798759
70.4 0.798247
70.5 0.80165
70.6 0.803201
70.7 0.80193
70.8 0.796199
70.9 0.796913
71 0.796563
71.1 0.792632
71.2 0.796003
71.3 0.801114
71.4 0.796208
71.5 0.79892
71.6 0.8028
71.7 0.803917
71.8 0.806084
71.9 0.790086
72 0.786832
72.1 0.79014
72.2 0.783143
72.3 0.782081
72.4 0.7835
72.5 0.778967
72.6 0.77209
72.7 0.76398
72.8 0.768129
72.9 0.767959
73 0.771899
73.1 0.770505
73.2 0.776024
73.3 0.779688
73.4 0.782975
73.5 0.780165
73.6 0.780724
73.7 0.784205
73.8 0.787664
73.9 0.78281
74 0.781966
74.1 0.785653
74.2 0.785048
74.3 0.785622
74.4 0.788825
74.5 0.790718
74.6 0.794505
74.7 0.795894
74.8 0.792897
74.9 0.800477
75 0.793152
75.1 0.795247
75.2 0.794202
75.3 0.790995
75.4 0.790959
75.5 0.799629
75.6 0.801849
75.7 0.80274
75.8 0.796527
75.9 0.797132
76 0.795515
76.1 0.794935
76.2 0.787022
76.3 0.797516
76.4 0.79276
76.5 0.788169
76.6 0.7865
76.7 0.78455
76.8 0.786837
76.9 0.792126
77 0.793521
77.1 0.79448
77.2 0.795168
77.3 0.795216
77.4 0.790182
77.5 0.792346
77.6 0.799387
77.7 0.801837
77.8 0.792297
77.9 0.796329
78 0.792703
78.1 0.792157
78.2 0.782934
78.3 0.780044
78.4 0.778889
78.5 0.783864
78.6 0.787235
78.7 0.786362
78.8 0.791078
78.9 0.791685
79 0.797987
79.1 0.802798
79.2 0.798598
79.3 0.802348
79.4 0.796631
79.5 0.799259
79.6 0.807628
79.7 0.813451
79.8 0.809971
79.9 0.807253
80 0.80935
80.1 0.80961
80.2 0.806288
80.3 0.800112
80.4 0.796286
80.5 0.795297
80.6 0.790953
80.7 0.788776
80.8 0.791274
80.9 0.797729
81 0.798941
81.1 0.786919
81.2 0.788642
81.3 0.793498
81.4 0.789947
81.5 0.78822
81.6 0.789937
81.7 0.788077
81.8 0.793463
81.9 0.795223
82 0.795733
82.1 0.792765
82.2 0.796618
82.3 0.802669
82.4 0.795534
82.5 0.794457
82.6 0.794256
82.7 0.797695
82.8 0.799964
82.9 0.798017
83 0.805194
83.1 0.797991
83.2 0.792527
83.3 0.792299
83.4 0.782175
83.5 0.779543
83.6 0.782615
83.7 0.779878
83.8 0.786647
83.9 0.796219
84 0.800145
84.1 0.787594
84.2 0.78139
84.3 0.785815
84.4 0.786514
84.5 0.785887
84.6 0.788403
84.7 0.786272
84.8 0.790295
84.9 0.793781
85 0.79237
85.1 0.797303
85.2 0.801271
85.3 0.796431
85.4 0.795991
85.5 0.801481
85.6 0.790906
85.7 0.791897
85.8 0.793965
85.9 0.793415
86 0.795373
86.1 0.799202
86.2 0.804126
86.3 0.797586
86.4 0.790963
86.5 0.793408
86.6 0.798688
86.7 0.803165
86.8 0.803115
86.9 0.806815
87 0.803235
87.1 0.797948
87.2 0.803846
87.3 0.801185
87.4 0.793651
87.5 0.791753
87.6 0.790569
87.7 0.79421
87.8 0.791733
87.9 0.783063
88 0.791502
88.1 0.790103
88.2 0.790913
88.3 0.785693
88.4 0.7837
88.5 0.780333
88.6 0.790486
88.7 0.796179
88.8 0.793895
88.9 0.792441
89 0.790565
89.1 0.787701
89.2 0.78691
89.3 0.787957
89.4 0.7817
89.5 0.782881
89.6 0.784657
89.7 0.780772
89.8 0.778544
89.9 0.780253
90 0.775416
90.1 0.777391
90.2 0.778825
90.3 0.77448
90.4 0.777242
90.5 0.776417
90.6 0.773106
90.7 0.77264
90.8 0.770407
90.9 0.77071
91 0.774117
91.1 0.775806
91.2 0.775393
91.3 0.774883
91.4 0.781774
91.5 0.783423
91.6 0.781111
91.7 0.781434
91.8 0.783919
91.9 0.787522
92 0.790975
92.1 0.785599
92.2 0.782241
92.3 0.784696
92.4 0.780728
92.5 0.783963
92.6 0.789987
92.7 0.794236
92.8 0.798182
92.9 0.795867
93 0.789771
93.1 0.782939
93.2 0.780742
93.3 0.781425
93.4 0.779118
93.5 0.785597
93.6 0.785401
93.7 0.778567
93.8 0.778726
93.9 0.776194
94 0.775951
94.1 0.771939
94.2 0.767034
94.3 0.768929
94.4 0.764382
94.5 0.763101
94.6 0.768617
94.7 0.770804
94.8 0.76831
94.9 0.758425
95 0.760762
95.1 0.756708
95.2 0.76325
95.3 0.75489
95.4 0.754326
95.5 0.749519
95.6 0.746138
95.7 0.749388
95.8 0.755573
95.9 0.760586
96 0.765374
96.1 0.75608
96.2 0.7522
96.3 0.75457
96.4 0.760765
96.5 0.757214
96.6 0.758013
96.7 0.762932
96.8 0.768568
96.9 0.766084
97 0.773147
97.1 0.772914
97.2 0.769443
97.3 0.769846
97.4 0.770219
97.5 0.767873
97.6 0.773705
97.7 0.775528
97.8 0.777732
97.9 0.779365
98 0.773739
98.1 0.776504
98.2 0.775383
98.3 0.774595
98.4 0.771462
98.5 0.772329
98.6 0.779261
98.7 0.792863
98.8 0.792333
98.9 0.791652
99 0.791704
99.1 0.793476
99.2 0.788111
99.3 0.788442
99.4 0.784969
99.5 0.778234
99.6 0.77631
99.7 0.771268
99.8 0.77123
99.9 0.775192
100 0.774894
100.1 0.778838
100.2 0.779791
100.3 0.787526
100.4 0.786411
100.5 0.783144
100.6 0.784252
100.7 0.791388
100.8 0.791391
100.9 0.785723
101 0.791332
101.1 0.785553
101.2 0.792382
101.3 0.787516
101.4 0.780944
101.5 0.780941
101.6 0.783292
101.7 0.786191
101.8 0.781318
101.9 0.784743
102 0.785051
102.1 0.785816
102.2 0.783644
102.3 0.788958
102.4 0.78675
102.5 0.785295
102.6 0.780949
102.7 0.786929
102.8 0.786789
102.9 0.786904
103 0.788501
103.1 0.78543
103.2 0.787048
103.3 0.778546
103.4 0.78057
103.5 0.781094
103.6 0.776462
103.7 0.776751
103.8 0.772755
103.9 0.776756
104 0.782223
104.1 0.787044
104.2 0.790016
104.3 0.787562
104.4 0.798833
104.5 0.796888
104.6 0.797138
104.7 0.797952
104.8 0.800045
104.9 0.79882
105 0.799572
105.1 0.797967
105.2 0.800453
105.3 0.793681
105.4 0.787748
105.5 0.791445
105.6 0.790222
105.7 0.786066
105.8 0.78283
105.9 0.789506
106 0.789703
106.1 0.787665
106.2 0.786968
106.3 0.785838
106.4 0.780751
106.5 0.785895
106.6 0.789301
106.7 0.793932
106.8 0.796873
106.9 0.795344
107 0.79573
107.1 0.797265
107.2 0.796415
107.3 0.798908
107.4 0.801568
107.5 0.799038
107.6 0.795407
107.7 0.796313
107.8 0.79335
107.9 0.788829
108 0.782076
108.1 0.787174
108.2 0.789111
108.3 0.789629
108.4 0.793751
108.5 0.797404
108.6 0.793513
108.7 0.788137
108.8 0.78676
108.9 0.789292
109 0.78086
109.1 0.777978
109.2 0.784866
109.3 0.779757
109.4 0.785158
109.5 0.782483
109.6 0.78361
109.7 0.786254
109.8 0.785837
109.9 0.780069
110 0.78665
110.1 0.796779
110.2 0.787942
110.3 0.789452
110.4 0.790205
110.5 0.793264
110.6 0.79646
110.7 0.801641
110.8 0.801346
110.9 0.799087
111 0.800642
111.1 0.800731
111.2 0.800093
111.3 0.800144
111.4 0.799578
111.5 0.802609
111.6 0.795966
111.7 0.793055
111.8 0.785502
111.9 0.788545
112 0.788752
112.1 0.790674
112.2 0.796542
112.3 0.799023
112.4 0.802958
112.5 0.800009
112.6 0.797086
112.7 0.798849
112.8 0.798778
112.9 0.794622
113 0.791193
113.1 0.791205
113.2 0.788109
113.3 0.788526
113.4 0.788803
113.5 0.787662
113.6 0.785785
113.7 0.791094
113.8 0.794813
113.9 0.792334
114 0.786446
114.1 0.779252
114.2 0.781707
114.3 0.782574
114.4 0.785615
114.5 0.787349
114.6 0.789997
114.7 0.797359
114.8 0.791516
114.9 0.796874
115 0.801589
115.1 0.795962
115.2 0.787456
115.3 0.788118
115.4 0.790245
115.5 0.790159
115.6 0.799262
115.7 0.796536
115.8 0.796831
115.9 0.798058
116 0.794011
116.1 0.79302
116.2 0.797088
116.3 0.800662
116.4 0.802871
116.5 0.794682
116.6 0.792303
116.7 0.790362
116.8 0.7983
116.9 0.799959
117 0.798516
117.1 0.803031
117.2 0.801816
117.3 0.798482
117.4 0.798533
117.5 0.792331
117.6 0.785684
117.7 0.791696
117.8 0.796064
117.9 0.795163
118 0.789473
118.1 0.786143
118.2 0.791065
118.3 0.788156
118.4 0.788037
118.5 0.791836
118.6 0.785367
118.7 0.788419
118.8 0.79194
118.9 0.790617
119 0.791059
119.1 0.791911
119.2 0.791517
119.3 0.791563
119.4 0.795126
119.5 0.788921
119.6 0.79062
119.7 0.785523
119.8 0.790267
119.9 0.792183
120 0.796578
120.1 0.806052
120.2 0.798663
120.3 0.799517
120.4 0.795447
120.5 0.802716
120.6 0.792455
120.7 0.793717
120.8 0.790292
120.9 0.795958
121 0.794485
121.1 0.786489
121.2 0.782589
121.3 0.778491
121.4 0.775298
121.5 0.773973
121.6 0.776399
121.7 0.779311
121.8 0.77327
121.9 0.770928
122 0.761234
122.1 0.7675
122.2 0.764197
122.3 0.766287
122.4 0.76771
122.5 0.771546
122.6 0.776481
122.7 0.780484
122.8 0.784785
122.9 0.792149
123 0.797217
123.1 0.794103
123.2 0.79232
123.3 0.794623
123.4 0.786936
123.5 0.783215
123.6 0.787994
123.7 0.793049
123.8 0.788465
123.9 0.787871
124 0.789738
124.1 0.787039
124.2 0.785068
124.3 0.778691
124.4 0.779077
124.5 0.778574
124.6 0.778205
124.7 0.783639
124.8 0.774875
124.9 0.780586
125 0.77607
125.1 0.782336
125.2 0.778685
125.3 0.767962
125.4 0.7666
125.5 0.761109
125.6 0.765983
125.7 0.766237
125.8 0.760605
125.9 0.757733
126 0.753748
126.1 0.750956
126.2 0.751751
126.3 0.754377
126.4 0.756011
126.5 0.761906
126.6 0.768091
126.7 0.770452
126.8 0.779052
126.9 0.772654
127 0.776215
127.1 0.782826
127.2 0.786414
127.3 0.7953
127.4 0.798087
127.5 0.803763
127.6 0.810177
127.7 0.800762
127.8 0.782
127.9 0.783434
128 0.781585
128.1 0.785
128.2 0.795263
128.3 0.796031
128.4 0.797897
128.5 0.804418
128.6 0.799207
128.7 0.797358
128.8 0.804694
128.9 0.79841
129 0.805489
129.1 0.799605
129.2 0.803811
129.3 0.799758
129.4 0.805345
129.5 0.795556
129.6 0.794461
129.7 0.785095
129.8 0.789319
129.9 0.794774
130 0.793653
130.1 0.79062
130.2 0.794029
130.3 0.80564
130.4 0.803556
130.5 0.80611
130.6 0.799164
130.7 0.798286
130.8 0.797993
130.9 0.796879
131 0.799175
131.1 0.800447
131.2 0.798166
131.3 0.796789
131.4 0.795492
131.5 0.798008
131.6 0.79868
131.7 0.796033
131.8 0.797
131.9 0.79972
132 0.794646
132.1 0.794998
132.2 0.796602
132.3 0.798976
132.4 0.806987
132.5 0.804665
132.6 0.805248
132.7 0.798057
132.8 0.79476
132.9 0.798659
133 0.805698
133.1 0.798505
133.2 0.800106
133.3 0.800486
133.4 0.79982
133.5 0.795793
133.6 0.788837
133.7 0.791151
133.8 0.788795
133.9 0.798752
134 0.792362
134.1 0.794118
134.2 0.799925
134.3 0.803842
134.4 0.796229
134.5 0.806541
134.6 0.798943
134.7 0.801861
134.8 0.794682
134.9 0.794151
135 0.797007
135.1 0.799472
135.2 0.79766
135.3 0.797783
135.4 0.798746
135.5 0.798168
135.6 0.806451
135.7 0.801294
135.8 0.800923
135.9 0.802785
136 0.794994
136.1 0.80004
136.2 0.800965
136.3 0.805201
136.4 0.796426
136.5 0.796641
136.6 0.794758
136.7 0.793893
136.8 0.786211
136.9 0.781518
137 0.78643
137.1 0.788491
137.2 0.792645
137.3 0.788798
137.4 0.788867
137.5 0.791213
137.6 0.794824
137.7 0.792241
137.8 0.791796
137.9 0.78245
138 0.777411
138.1 0.775449
138.2 0.776105
138.3 0.775519
138.4 0.774634
138.5 0.776751
138.6 0.776381
138.7 0.777631
138.8 0.778257
138.9 0.770202
139 0.773015
139.1 0.770737
139.2 0.769365
139.3 0.768491
139.4 0.771121
139.5 0.771153
139.6 0.77202
139.7 0.762808
139.8 0.76749
139.9 0.766882
140 0.771855
140.1 0.771394
140.2 0.780294
140.3 0.788595
140.4 0.790366
140.5 0.792583
140.6 0.794226
140.7 0.78739
140.8 0.79263
140.9 0.791579
141 0.786302
141.1 0.786244
141.2 0.781593
141.3 0.791866
141.4 0.791868
141.5 0.791452
141.6 0.793906
141.7 0.794099
141.8 0.789728
141.9 0.794981
142 0.793934
142.1 0.786451
142.2 0.788453
142.3 0.790308
142.4 0.788718
142.5 0.796815
142.6 0.791012
142.7 0.790853
142.8 0.78777
142.9 0.792553
143 0.798116
143.1 0.795037
143.2 0.779687
143.3 0.777471
143.4 0.78027
143.5 0.777371
143.6 0.780387
143.7 0.77397
143.8 0.77116
143.9 0.776576
144 0.770734
144.1 0.77392
144.2 0.772541
144.3 0.778218
144.4 0.779284
144.5 0.781532
144.6 0.77922
144.7 0.775744
144.8 0.769321
144.9 0.771644
145 0.769523
145.1 0.779985
145.2 0.784114
145.3 0.784945
145.4 0.78167
145.5 0.780634
145.6 0.786471
145.7 0.78465
145.8 0.785282
145.9 0.787146
146 0.788308
146.1 0.792495
146.2 0.801
146.3 0.798315
146.4 0.797599
146.5 0.793301
146.6 0.792944
146.7 0.788306
146.8 0.788677
146.9 0.785256
147 0.790935
147.1 0.791817
147.2 0.788755
147.3 0.791954
147.4 0.790195
147.5 0.791882
147.6 0.789402
147.7 0.785732
147.8 0.787595
147.9 0.784707
148 0.783563
148.1 0.78397
148.2 0.78976
148.3 0.788642
148.4 0.786204
148.5 0.784171
148.6 0.782914
148.7 0.793585
148.8 0.792503
148.9 0.798484
149 0.793345
149.1 0.795782
149.2 0.795595
149.3 0.791479
149.4 0.795472
149.5 0.799907
149.6 0.803095
149.7 0.801353
149.8 0.798342
149.9 0.798084
