0 0.0114634
0.1 0.0118729
0.2 0.0138658
0.3 0.0120125
0.4 0.0120795
0.5 0.0134092
0.6 0.0148319
0.7 0.0142654
0.8 0.0145991
0.9 0.016601
1 0.0181951
1.1 0.0179424
1.2 0.0182679
1.3 0.0190535
1.4 0.0197607
1.5 0.0193951
1.6 0.0193585
1.7 0.0197947
1.8 0.0221102
1.9 0.0213005
2 0.020413
2.1 0.0200809
2.2 0.0198563
2.3 0.0213299
2.4 0.0210784
2.5 0.0204279
2.6 0.0212965
2.7 0.0208581
2.8 0.0215372
2.9 0.0211026
3 0.0226681
3.1 0.0226729
3.2 0.0203726
3.3 0.0199076
3.4 0.0184884
3.5 0.0187506
3.6 0.0195333
3.7 0.0207495
3.8 0.0211265
3.9 0.0204464
4 0.0195289
4.1 0.01931
4.2 0.0196582
4.3 0.0191412
4.4 0.019803
4.5 0.0204429
4.6 0.0215979
4.7 0.0208309
4.8 0.0226139
4.9 0.0223673
5 0.0236685
5.1 0.0228033
5.2 0.0226069
5.3 0.0230971
5.4 0.0236213
5.5 0.0234956
5.6 0.0235409
5.7 0.0232553
5.8 0.0248198
5.9 0.0265086
6 0.0256317
6.1 0.0270254
6.2 0.0257568
6.3 0.0259483
6.4 0.0260737
6.5 0.0255342
6.6 0.0260115
6.7 0.0255507
6.8 0.0272413
6.9 0.0273814
7 0.0266872
7.1 0.0281442
7.2 0.0281109
7.3 0.0267058
7.4 0.0277907
7.5 0.0284956
7.6 0.0289697
7.7 0.0264252
7.8 0.0267248
7.9 0.0275669
8 0.0281477
8.1 0.0287087
8.2 0.0291143
8.3 0.0274025
8.4 0.0288012
8.5 0.0286033
8.6 0.0293009
8.7 0.0285644
8.8 0.0294898
8.9 0.030839
9 0.0300485
9.1 0.0310778
9.2 0.0330973
9.3 0.0316929
9.4 0.0312739
9.5 0.0320184
9.6 0.0307787
9.7 0.0310433
9.8 0.0297525
9.9 0.0295511
10 0.0296522
10.1 0.0314914
10.2 0.0317837
10.3 0.0331481
10.4 0.0333714
10.5 0.0322182
10.6 0.0335355
10.7 0.0322165
10.8 0.0323107
10.9 0.0312774
11 0.0319874
11.1 0.0324184
11.2 0.0323063
11.3 0.0325879
11.4 0.0329379
11.5 0.0342961
11.6 0.0343732
11.7 0.033716
11.8 0.0329435
11.9 0.034478
12 0.0350205
12.1 0.0344991
12.2 0.0349279
12.3 0.0335756
12.4 0.0327339
12.5 0.0327645
12.6 0.0336332
12.7 0.0337288
12.8 0.0326049
12.9 0.0329056
13 0.0334429
13.1 0.034173
13.2 0.0323403
13.3 0.0317295
13.4 0.0319906
13.5 0.0319062
13.6 0.0315922
13.7 0.0315811
13.8 0.0326089
13.9 0.0338813
14 0.0356162
14.1 0.0382648
14.2 0.0384154
14.3 0.0384945
14.4 0.0382335
14.5 0.038411
14.6 0.0393468
14.7 0.0386651
14.8 0.0393561
14.9 0.0397774
15 0.0405107
15.1 0.0403845
15.2 0.0400265
15.3 0.0387858
15.4 0.0394754
15.5 0.0388938
15.6 0.0405194
15.7 0.0412593
15.8 0.0411093
15.9 0.0406035
16 0.0416069
16.1 0.0423447
16.2 0.0417278
16.3 0.0435153
16.4 0.0431721
16.5 0.0445148
16.6 0.0430043
16.7 0.0427353
16.8 0.0451662
16.9 0.0451923
17 0.0438213
17.1 0.0436075
17.2 0.0441573
17.3 0.0452635
17.4 0.0450599
17.5 0.0446974
17.6 0.0447225
17.7 0.0441035
17.8 0.0434195
17.9 0.0443086
18 0.044896
18.1 0.0440471
18.2 0.0444356
18.3 0.0443944
18.4 0.0434589
18.5 0.0425562
18.6 0.042051
18.7 0.0411358
18.8 0.0418033
18.9 0.042448
19 0.0416454
19.1 0.0396586
19.2 0.0393635
19.3 0.0387652
19.4 0.0397776
19.5 0.0387538
19.6 0.037781
19.7 0.0382424
19.8 0.038343
19.9 0.0389084
20 0.0391364
20.1 0.0390586
20.2 0.0395873
20.3 0.0386105
20.4 0.0406559
20.5 0.0406435
20.6 0.0416056
20.7 0.0419264
20.8 0.0416906
20.9 0.0438224
21 0.044343
21.1 0.0439175
21.2 0.0446903
21.3 0.0454243
21.4 0.045954
21.5 0.0462192
21.6 0.0462065
21.7 0.047751
21.8 0.0474514
21.9 0.0478721
22 0.0491256
22.1 0.0495123
22.2 0.049979
22.3 0.0491988
22.4 0.0488459
22.5 0.0481556
22.6 0.0481818
22.7 0.0499906
22.8 0.0494406
22.9 0.0484895
23 0.0514016
23.1 0.0508494
23.2 0.0498472
23.3 0.0522081
23.4 0.0496971
23.5 0.048163
23.6 0.0492718
23.7 0.0478444
23.8 0.0485406
23.9 0.0482155
24 0.0497969
24.1 0.0516027
24.2 0.0501508
24.3 0.0515191
24.4 0.0515156
24.5 0.0530029
24.6 0.0548525
24.7 0.055258
24.8 0.0540693
24.9 0.0545827
25 0.0534509
25.1 0.0543146
25.2 0.0537809
25.3 0.0535957
25.4 0.0532481
25.5 0.0522878
25.6 0.0536049
25.7 0.0540118
25.8 0.0542198
25.9 0.0550892
26 0.0539871
26.1 0.0525799
26.2 0.0526477
26.3 0.0524279
26.4 0.0536877
26.5 0.0538784
26.6 0.0529877
26.7 0.052645
26.8 0.054425
26.9 0.0533272
27 0.0541789
27.1 0.0553463
27.2 0.0544661
27.3 0.0531608
27.4 0.0533454
27.5 0.0521892
27.6 0.0521912
27.7 0.0534659
27.8 0.0542826
27.9 0.0561183
28 0.0567169
28.1 0.0561577
28.2 0.0559485
28.3 0.0582108
28.4 0.057253
28.5 0.0579068
28.6 0.0608102
28.7 0.0609056
28.8 0.0617896
28.9 0.0637929
29 0.0629746
29.1 0.0645553
29.2 0.0662646
29.3 0.0671763
29.4 0.0663426
29.5 0.0663394
29.6 0.0672382
29.7 0.0688235
29.8 0.0701028
29.9 0.0698865
30 0.0684646
30.1 0.0683093
30.2 0.0686889
30.3 0.0701635
30.4 0.0703187
30.5 0.0723387
30.6 0.0725805
30.7 0.0736474
30.8 0.0738973
30.9 0.0755889
31 0.0760574
31.1 0.0741427
31.2 0.0745618
31.3 0.0755101
31.4 0.0754195
31.5 0.0754107
31.6 0.0774007
31.7 0.0770828
31.8 0.0755987
31.9 0.0748154
32 0.0751447
32.1 0.0755781
32.2 0.0748892
32.3 0.0762284
32.4 0.0765284
32.5 0.0780768
32.6 0.0781463
32.7 0.0787925
32.8 0.079517
32.9 0.080881
33 0.0824562
33.1 0.0847096
33.2 0.0858095
33.3 0.0858321
33.4 0.0880171
33.5 0.0878043
33.6 0.0858788
33.7 0.0860629
33.8 0.086811
33.9 0.0867214
34 0.0873915
34.1 0.0878641
34.2 0.0878249
34.3 0.0871967
34.4 0.0879189
34.5 0.0879119
34.6 0.0858388
34.7 0.0867832
34.8 0.0885417
34.9 0.0883019
35 0.0905243
35.1 0.0931324
35.2 0.0941043
35.3 0.0946338
35.4 0.0959733
35.5 0.0964518
35.6 0.0968874
35.7 0.0971985
35.8 0.0981475
35.9 0.0992814
36 0.0996728
36.1 0.100105
36.2 0.101165
36.3 0.100462
36.4 0.100167
36.5 0.1017
36.6 0.103522
36.7 0.102392
36.8 0.103666
36.9 0.105559
37 0.105487
37.1 0.107482
37.2 0.109347
37.3 0.109135
37.4 0.10926
37.5 0.108477
37.6 0.108915
37.7 0.108004
37.8 0.108357
37.9 0.10813
38 0.108042
38.1 0.110868
38.2 0.110152
38.3 0.111755
38.4 0.112318
38.5 0.114232
38.6 0.113068
38.7 0.112055
38.8 0.113603
38.9 0.114358
39 0.116641
39.1 0.115681
39.2 0.117354
39.3 0.120584
39.4 0.121143
39.5 0.121694
39.6 0.122665
39.7 0.122269
39.8 0.12252
39.9 0.123219
40 0.125374
40.1 0.125264
40.2 0.126381
40.3 0.124806
40.4 0.124987
40.5 0.124428
40.6 0.125055
40.7 0.125318
40.8 0.128467
40.9 0.128134
41 0.128477
41.1 0.129061
41.2 0.130691
41.3 0.130611
41.4 0.13164
41.5 0.130785
41.6 0.130495
41.7 0.131273
41.8 0.132279
41.9 0.13212
42 0.132561
42.1 0.132708
42.2 0.131981
42.3 0.132106
42.4 0.133215
42.5 0.13374
42.6 0.134356
42.7 0.135302
42.8 0.136292
42.9 0.136103
43 0.136472
43.1 0.136282
43.2 0.136737
43.3 0.136816
43.4 0.13832
43.5 0.140341
43.6 0.141811
43.7 0.14133
43.8 0.141012
43.9 0.1405
44 0.141653
44.1 0.141051
44.2 0.139492
44.3 0.138831
44.4 0.137327
44.5 0.136594
44.6 0.135739
44.7 0.135857
44.8 0.135915
44.9 0.136749
45 0.137512
45.1 0.136231
45.2 0.136777
45.3 0.135951
45.4 0.135918
45.5 0.136448
45.6 0.136796
45.7 0.136299
45.8 0.136176
45.9 0.137888
46 0.136457
46.1 0.135099
46.2 0.135633
46.3 0.136622
46.4 0.137475
46.5 0.138173
46.6 0.138926
46.7 0.139379
46.8 0.139075
46.9 0.138472
47 0.138329
47.1 0.137499
47.2 0.138291
47.3 0.137606
47.4 0.139021
47.5 0.139238
47.6 0.139828
47.7 0.139937
47.8 0.141039
47.9 0.141884
48 0.143452
48.1 0.142971
48.2 0.142539
48.3 0.143365
48.4 0.144229
48.5 0.144834
48.6 0.145129
48.7 0.144304
48.8 0.144946
48.9 0.145331
49 0.144801
49.1 0.144556
49.2 0.146255
49.3 0.146066
49.4 0.144605
49.5 0.144914
49.6 0.147256
49.7 0.147141
49.8 0.147172
49.9 0.146948
50 0.148402
50.1 0.150982
50.2 0.150737
50.3 0.152604
50.4 0.153208
50.5 0.153844
50.6 0.153971
50.7 0.153772
50.8 0.151481
50.9 0.151702
51 0.152654
51.1 0.148994
51.2 0.150075
51.3 0.149666
51.4 0.149142
51.5 0.149533
51.6 0.149844
51.7 0.149853
51.8 0.15002
51.9 0.150039
52 0.149954
52.1 0.151336
52.2 0.151526
52.3 0.152349
52.4 0.152798
52.5 0.154899
52.6 0.154782
52.7 0.15391
52.8 0.153875
52.9 0.155254
53 0.154972
53.1 0.156327
53.2 0.15778
53.3 0.159556
53.4 0.160037
53.5 0.160721
53.6 0.161759
53.7 0.16209
53.8 0.162524
53.9 0.162209
54 0.162932
54.1 0.161532
54.2 0.161848
54.3 0.162046
54.4 0.16138
54.5 0.162414
54.6 0.162834
54.7 0.162977
54.8 0.164534
54.9 0.165109
55 0.166456
55.1 0.167647
55.2 0.169303
55.3 0.17001
55.4 0.169527
55.5 0.168815
55.6 0.168652
55.7 0.171371
55.8 0.171738
55.9 0.173058
56 0.174692
56.1 0.174333
56.2 0.175263
56.3 0.17473
56.4 0.1769
56.5 0.179516
56.6 0.180607
56.7 0.180664
56.8 0.182592
56.9 0.183984
57 0.185466
57.1 0.187248
57.2 0.187985
57.3 0.188889
57.4 0.189258
57.5 0.190872
57.6 0.191719
57.7 0.190765
57.8 0.192477
57.9 0.193536
58 0.1945
58.1 0.196716
58.2 0.19627
58.3 0.197022
58.4 0.19623
58.5 0.198775
58.6 0.200051
58.7 0.200408
58.8 0.200282
58.9 0.199627
59 0.199763
59.1 0.200004
59.2 0.201863
59.3 0.202958
59.4 0.203782
59.5 0.204692
59.6 0.206119
59.7 0.206464
59.8 0.204614
59.9 0.204362
60 0.205682
60.1 0.204803
60.2 0.205114
60.3 0.205296
60.4 0.205726
60.5 0.205189
60.6 0.205558
60.7 0.206239
60.8 0.208005
60.9 0.206735
61 0.207497
61.1 0.207334
61.2 0.206132
61.3 0.205961
61.4 0.206407
61.5 0.207741
61.6 0.207185
61.7 0.206402
61.8 0.207727
61.9 0.207924
62 0.209133
62.1 0.209744
62.2 0.210574
62.3 0.212553
62.4 0.213896
62.5 0.214728
62.6 0.215466
62.7 0.215715
62.8 0.214884
62.9 0.215964
63 0.2161
63.1 0.217024
63.2 0.217657
63.3 0.217198
63.4 0.217119
63.5 0.218224
63.6 0.219761
63.7 0.219649
63.8 0.220015
63.9 0.220541
64 0.221395
64.1 0.221592
64.2 0.222591
64.3 0.223157
64.4 0.22282
64.5 0.223997
64.6 0.225784
64.7 0.22532
64.8 0.224903
64.9 0.225434
65 0.226721
65.1 0.225984
65.2 0.226016
65.3 0.225087
65.4 0.225729
65.5 0.224913
65.6 0.226042
65.7 0.226616
65.8 0.226937
65.9 0.226689
66 0.224867
66.1 0.22423
66.2 0.225876
66.3 0.227897
66.4 0.227623
66.5 0.228094
66.6 0.227004
66.7 0.227866
66.8 0.228023
66.9 0.22852
67 0.228215
67.1 0.227949
67.2 0.228698
67.3 0.231079
67.4 0.232814
67.5 0.233443
67.6 0.235482
67.7 0.234407
67.8 0.23538
67.9 0.236891
68 0.236671
68.1 0.237137
68.2 0.236865
68.3 0.237543
68.4 0.238313
68.5 0.238719
68.6 0.237629
68.7 0.237231
68.8 0.237072
68.9 0.23671
69 0.236616
69.1 0.23739
69.2 0.239816
69.3 0.240968
69.4 0.242092
69.5 0.242977
69.6 0.243254
69.7 0.24288
69.8 0.243094
69.9 0.245234
70 0.245139
70.1 0.243998
70.2 0.245897
70.3 0.247076
70.4 0.249351
70.5 0.2478
70.6 0.248875
70.7 0.248994
70.8 0.249783
70.9 0.248368
71 0.249436
71.1 0.250033
71.2 0.249178
71.3 0.24841
71.4 0.24898
71.5 0.250304
71.6 0.250499
71.7 0.250851
71.8 0.25071
71.9 0.250152
72 0.25057
72.1 0.250299
72.2 0.248842
72.3 0.249224
72.4 0.250431
72.5 0.252536
72.6 0.253703
72.7 0.25198
72.8 0.252045
72.9 0.251606
73 0.251332
73.1 0.250936
73.2 0.251596
73.3 0.252908
73.4 0.254386
73.5 0.256396
73.6 0.258152
73.7 0.258234
73.8 0.259138
73.9 0.259687
74 0.25866
74.1 0.259219
74.2 0.259826
74.3 0.259024
74.4 0.258534
74.5 0.257843
74.6 0.256791
74.7 0.257181
74.8 0.256402
74.9 0.257837
75 0.257374
75.1 0.255656
75.2 0.25482
75.3 0.254361
75.4 0.256091
75.5 0.256654
75.6 0.258531
75.7 0.258816
75.8 0.259607
75.9 0.260802
76 0.262221
76.1 0.26369
76.2 0.26471
76.3 0.264694
76.4 0.263258
76.5 0.263574
76.6 0.264263
76.7 0.263584
76.8 0.263705
76.9 0.264362
77 0.264153
77.1 0.264286
77.2 0.264792
77.3 0.266301
77.4 0.268091
77.5 0.268399
77.6 0.268514
77.7 0.267606
77.8 0.267393
77.9 0.267016
78 0.267346
78.1 0.268157
78.2 0.266742
78.3 0.267381
78.4 0.269121
78.5 0.268536
78.6 0.26923
78.7 0.268887
78.8 0.271028
78.9 0.270334
79 0.271129
79.1 0.271828
79.2 0.272808
79.3 0.272166
79.4 0.272792
79.5 0.273872
79.6 0.274465
79.7 0.273438
79.8 0.274101
79.9 0.273636
80 0.273367
80.1 0.274095
80.2 0.276726
80.3 0.27584
80.4 0.274991
80.5 0.275483
80.6 0.27612
80.7 0.277549
80.8 0.27712
80.9 0.278068
81 0.278729
81.1 0.279024
81.2 0.278769
81.3 0.27774
81.4 0.277636
81.5 0.279585
81.6 0.281663
81.7 0.283199
81.8 0.284414
81.9 0.285277
82 0.28617
82.1 0.286516
82.2 0.287676
82.3 0.286555
82.4 0.286873
82.5 0.287444
82.6 0.288227
82.7 0.289745
82.8 0.289387
82.9 0.288812
83 0.288788
83.1 0.289725
83.2 0.290002
83.3 0.29022
83.4 0.288612
83.5 0.290398
83.6 0.292031
83.7 0.292829
83.8 0.293702
83.9 0.293673
84 0.293315
84.1 0.294655
84.2 0.294536
84.3 0.293331
84.4 0.292928
84.5 0.294359
84.6 0.293088
84.7 0.29358
84.8 0.294287
84.9 0.293617
85 0.292099
85.1 0.293801
85.2 0.292947
85.3 0.293065
85.4 0.293256
85.5 0.292873
85.6 0.292695
85.7 0.292685
85.8 0.293892
85.9 0.293405
86 0.293619
86.1 0.295665
86.2 0.296424
86.3 0.297839
86.4 0.296369
86.5 0.297463
86.6 0.299201
86.7 0.298695
86.8 0.299798
86.9 0.301121
87 0.301056
87.1 0.298702
87.2 0.298815
87.3 0.299331
87.4 0.301353
87.5 0.301967
87.6 0.301181
87.7 0.302468
87.8 0.304036
87.9 0.302435
88 0.302979
88.1 0.30546
88.2 0.304618
88.3 0.304683
88.4 0.304221
88.5 0.306162
88.6 0.30825
88.7 0.307879
88.8 0.308801
88.9 0.308464
89 0.308082
89.1 0.309507
89.2 0.310365
89.3 0.309512
89.4 0.3104
89.5 0.311478
89.6 0.312335
89.7 0.312638
89.8 0.312349
89.9 0.313411
90 0.312943
90.1 0.311621
90.2 0.311331
90.3 0.310805
90.4 0.311096
90.5 0.310515
90.6 0.309292
90.7 0.309099
90.8 0.310464
90.9 0.309216
91 0.307908
91.1 0.309078
91.2 0.308999
91.3 0.309397
91.4 0.31107
91.5 0.311497
91.6 0.311587
91.7 0.311808
91.8 0.311996
91.9 0.313184
92 0.313857
92.1 0.314723
92.2 0.313892
92.3 0.315404
92.4 0.314909
92.5 0.313216
92.6 0.314157
92.7 0.31352
92.8 0.312889
92.9 0.314755
93 0.314904
93.1 0.316027
93.2 0.314382
93.3 0.314568
93.4 0.315907
93.5 0.315298
93.6 0.316015
93.7 0.315758
93.8 0.317879
93.9 0.317579
94 0.316359
94.1 0.316219
94.2 0.314641
94.3 0.31462
94.4 0.313552
94.5 0.313711
94.6 0.315533
94.7 0.314746
94.8 0.31594
94.9 0.315342
95 0.314879
95.1 0.312887
95.2 0.31297
95.3 0.31241
95.4 0.312978
95.5 0.312068
95.6 0.313086
95.7 0.314026
95.8 0.313994
95.9 0.315408
96 0.316463
96.1 0.318348
96.2 0.317544
96.3 0.318243
96.4 0.318574
96.5 0.317558
96.6 0.316729
96.7 0.317933
96.8 0.319051
96.9 0.317747
97 0.317491
97.1 0.316062
97.2 0.316323
97.3 0.317899
97.4 0.318564
97.5 0.318699
97.6 0.32071
97.7 0.319213
97.8 0.319601
97.9 0.320231
98 0.32057
98.1 0.322907
98.2 0.322175
98.3 0.321402
98.4 0.322709
98.5 0.321117
98.6 0.322096
98.7 0.323636
98.8 0.323459
98.9 0.325304
99 0.327461
99.1 0.327784
99.2 0.329026
99.3 0.329446
99.4 0.327928
99.5 0.326956
99.6 0.326125
99.7 0.327602
99.8 0.32807
99.9 0.328456
