4.1797 13.5737 4.09765
19.6701 17.3351 1.75188
11.3683 11.828 4.51564
5.41125 5.58199 1.37323
9.4375 3.18049 1.99422
8.10009 7.93385 0.164132
2.73084 11.8186 5.79249
19.513 3.6662 1.76277
8.86934 2.43823 3.3817
4.14191 10.4791 2.03952
5.02129 12.4522 0.387858
9.59496 17.9662 0.371501
3.47793 9.69377 1.4764
1.99175 6.4451 0.882078
5.67639 4.75421 3.81056
4.53369 1.19035 6.17104
0.942099 12.0135 1.87289
2.38287 0.463983 3.75072
7.6527 5.41442 5.55564
10.1524 12.7929 4.16314
10.9983 0.723728 0.595815
16.8009 16.4142 4.52919
14.1011 3.93539 1.15875
1.78281 7.38429 2.02558
6.95841 0.334487 4.1876
4.91964 0.57441 5.71632
4.17064 7.52818 1.07108
19.3815 4.49378 2.34523
7.07019 10.3133 4.87828
12.4443 0.536966 1.54702
11.7894 11.1325 3.09412
14.7447 13.4472 0.498393
2.49216 1.22006 5.5444
7.51844 7.57243 3.37845
19.3545 3.15829 5.94586
6.89367 2.82633 4.14258
18.311 15.4972 5.80022
12.8798 1.48709 5.38328
4.98317 16.8706 5.19788
14.4659 3.64855 3.26565
1.8723 18.732 5.38528
8.81875 19.7691 2.48858
9.9416 1.60851 5.56905
9.41443 8.18436 4.78239
15.1196 11.2755 3.74598
2.38139 4.78607 2.29174
11.1368 5.77609 3.76378
19.0014 8.1306 2.60917
10.4185 16.1886 1.52351
13.3412 14.9204 0.236217
17.8245 10.491 2.51882
13.5097 16.4403 1.1488
11.7014 14.5012 1.11839
3.62353 19.6026 5.39051
17.4168 1.0251 1.13316
3.08871 14.6517 0.00551669
6.17718 7.22829 2.53168
1.04854 17.4933 4.90999
5.16158 5.18445 5.63525
7.52532 9.6647 0.650609
5.41199 4.90113 3.14757
11.2719 9.54727 5.25325
2.19261 5.78152 5.25674
7.62231 15.9496 0.4241
16.0311 5.03684 0.123035
9.21803 14.3238 1.942
4.92954 4.05369 0.505788
6.86323 13.4789 4.53481
18.9049 9.93323 2.82183
1.68336 4.87778 2.50599
6.70297 5.06302 0.943503
8.65168 18.4225 6.26002
11.4187 16.1742 1.52684
19.1605 6.23479 1.22271
10.0924 0.30902 3.98129
11.3262 9.09556 2.8456
6.72353 5.16818 3.75775
0.691902 17.0866 4.04776
1.76051 14.0278 1.64495
0.256563 12.0279 1.55326
15.4959 2.64766 0.304835
7.67546 0.072098 4.51402
8.52282 19.855 3.69968
16.1504 13.0791 5.5917
9.92053 18.2569 0.234682
18.0728 12.4359 0.533388
11.0683 6.7358 1.65496
16.6587 18.6606 6.03331
7.80297 17.4777 4.03199
9.56574 2.39836 4.83092
0.554175 8.09287 1.33353
14.8184 0.110425 5.64064
10.3292 0.832028 3.61874
10.7312 4.82221 0.264329
6.89467 14.3899 3.30076
15.5771 14.0654 5.87483
0.842709 15.3976 3.0141
14.867 14.0994 4.88012
14.4504 17.7982 4.22422
0.0713859 13.8644 0.932815
0.607502 18.7998 6.02107
9.86536 11.1956 2.05252
2.40537 13.8479 3.62833
13.6123 9.28461 0.146942
0.954494 12.527 3.93443
9.54461 18.9654 0.0256054
0.709514 7.29277 2.87946
10.8692 18.5173 1.0374
19.919 11.2784 5.33494
10.728 4.78665 2.82301
19.0015 0.547492 6.05601
2.75581 9.09477 2.71896
3.39388 15.8452 2.27289
15.211 2.04482 3.43163
0.652433 18.17 0.984665
9.99627 5.01723 1.43888
3.64505 7.45889 0.833004
9.6596 2.59073 6.14998
14.687 11.1357 1.11682
3.1645 17.8538 1.40312
6.81214 15.4895 5.03538
7.14476 5.51315 4.8835
1.99064 11.5889 3.8166
10.1341 7.47442 2.13885
2.69189 11.7507 5.14142
14.6521 15.4354 4.08497
14.0774 11.9741 4.13176
14.1462 4.33612 2.85887
14.3127 10.6029 5.56025
1.93684 4.05972 1.25333
5.66402 8.29682 3.08931
12.4989 8.16268 3.00801
6.38819 3.47288 0.784559
2.31329 7.5034 6.12832
4.5353 11.3739 5.95564
1.21484 1.54054 3.1333
3.85412 16.0903 4.96781
2.97131 2.16483 3.74149
18.2134 11.5676 1.85615
13.9068 18.6974 1.23581
15.351 12.5226 0.586773
6.52985 14.5216 2.95798
4.9805 11.0124 4.86242
10.0068 16.4113 3.57229
0.986029 13.7364 3.58534
14.3357 9.31813 5.45254
14.2551 6.8642 3.08691
15.1118 14.917 6.24415
10.3262 3.79134 3.15246
8.84512 7.95046 1.25655
16.439 18.6227 1.22641
1.10766 18.2757 3.80728
17.6458 8.58931 4.96133
19.3235 3.16593 1.02371
17.3218 16.2233 0.588826
1.04653 9.89326 0.709365
10.4043 14.6057 0.852143
8.51438 14.2559 0.235933
17.6008 3.67034 5.78492
4.97838 11.8803 0.334172
5.26644 17.561 1.50202
8.3548 0.863833 4.46925
9.48205 7.72411 0.0840564
11.0601 7.06546 6.15465
0.160769 6.16139 1.89379
6.15845 6.69106 0.347879
15.0575 9.52617 5.9331
11.3179 16.3905 0.621563
10.0993 16.6306 0.644032
7.44969 10.407 4.54196
16.1598 13.8667 4.75356
1.96781 3.16609 3.61517
4.97424 4.87563 2.80397
4.60877 18.0625 3.12213
1.27739 12.664 5.10227
2.00804 1.47189 0.371312
9.79757 16.0523 5.62131
6.69011 10.3698 4.72016
12.4728 5.38096 0.858443
12.1776 8.61514 0.330215
9.12818 12.6446 3.97965
13.4732 18.0262 5.36164
2.26697 17.1688 0.334381
2.24969 7.38736 3.20975
11.0873 15.5889 1.61866
8.2018 14.3832 2.04165
19.5513 6.52237 1.11884
3.60811 7.21242 4.19932
12.6218 10.7914 4.44628
14.3781 1.96902 2.22146
8.76379 6.20725 4.1491
12.4985 1.97666 1.47681
4.80352 11.1732 2.95587
15.0261 2.69248 5.71873
2.88371 11.2294 4.22457
10.3219 8.64838 0.338682
16.6349 1.68387 4.64009
8.84177 7.42102 2.60598
13.0045 18.6234 1.60408
7.77801 7.94881 2.65067
9.54412 17.9115 3.96063
4.35956 16.5865 1.64476
16.2553 2.01841 3.50912
4.99908 1.30073 2.36464
1.63098 9.17321 2.07377
7.76045 4.8996 4.64525
9.61557 3.19879 5.59278
8.58184 4.81839 3.85502
13.6761 6.89201 0.720977
0.61724 7.24054 3.38948
1.62308 9.70538 2.77723
2.95876 19.4053 0.599462
2.35581 10.9667 2.45621
3.67468 9.11273 3.36194
9.42088 12.6853 2.73327
15.725 13.6379 0.795181
13.5168 17.6913 0.426649
10.9874 14.3232 0.56712
19.1395 2.70383 5.20653
13.2087 5.49932 3.92889
19.543 10.7105 0.193073
18.6156 16.1363 3.4823
14.19 17.8805 3.73077
1.9425 1.65068 4.12497
17.6804 3.75038 3.64238
17.0121 0.257511 5.01987
3.46063 5.39552 2.19996
13.9178 9.605 0.428177
3.67036 5.52305 3.47744
12.8023 4.64734 0.269272
7.11782 5.30521 3.71471
13.6901 10.8198 4.16362
16.6604 18.7419 3.74613
1.02607 14.1095 2.86334
6.42565 12.9276 1.98927
3.18845 11.4389 3.88239
4.00551 1.74151 2.04138
18.6046 18.7406 1.98335
13.731 4.25776 3.61975
10.2814 7.91051 4.19262
18.9011 13.2879 1.81077
19.653 13.415 4.86878
2.26798 7.20609 1.77471
1.94562 16.0423 5.90792
18.1567 2.87852 3.33108
12.4289 7.20636 2.86349
11.7704 8.61671 3.3434
5.3625 2.12704 0.370343
7.76822 0.563539 2.75303
13.3068 11.5955 0.777185
12.6964 12.7493 5.10677
12.0204 5.52456 5.90498
10.248 17.6636 5.69824
2.558 7.35642 1.02001
14.0666 13.3085 3.36155
14.664 8.862 5.35499
2.62982 12.1357 5.98964
3.78432 0.207678 4.41647
13.3712 2.42726 5.03715
8.54041 16.2381 2.84741
12.4217 3.33397 5.94272
9.50388 8.24687 0.736277
4.01589 2.01383 1.7005
2.78743 13.6535 5.46621
13.0411 12.3856 4.81253
0.948969 5.0379 2.58905
9.32408 4.21607 0.75374
8.12514 10.0879 2.18871
4.75821 18.9407 1.50589
5.25102 17.8952 2.66114
17.826 12.9414 1.70928
0.63082 18.6332 4.11365
11.3301 6.46778 4.76969
9.38434 8.84563 2.94997
13.1043 2.6777 4.46813
6.55888 5.26425 4.71749
14.2374 4.77793 2.12315
0.571706 1.41253 2.01843
2.63398 9.25263 0.403494
9.6878 14.4428 4.24687
10.2313 5.47702 2.02514
16.9019 4.74432 2.08567
12.5474 12.1133 4.40203
6.67642 17.0247 1.31576
17.5117 10.1215 3.47592
12.6103 5.7939 1.1435
2.33725 3.8426 4.49504
9.25049 6.86526 3.32893
8.78645 4.68836 5.25061
10.1548 1.20712 1.80692
1.94083 11.5845 2.96729
10.0107 6.88901 1.77793
17.655 13.9676 4.5336
18.4396 8.20387 4.11552
16.3417 16.1797 3.79501
16.5769 18.6866 1.59491
1.35422 2.33377 5.58978
2.20088 6.44881 5.96433
15.5359 8.84824 2.40212
17.7485 0.893939 5.98981
18.2461 6.72968 3.13409
15.7595 3.53368 3.31739
2.48134 9.02063 3.84443
18.6248 6.99919 3.11581
9.18153 11.1008 3.34213
1.88195 11.907 3.07221
2.05112 7.09964 3.19603
11.2797 5.77871 3.58552
19.3173 2.75041 3.35608
0.614168 18.9283 2.1735
2.54333 8.29627 3.44938
11.6395 4.52794 3.04123
1.36404 16.6685 3.0829
19.9216 11.7804 3.19365
16.7188 3.8471 3.19808
19.3342 4.3026 3.57961
12.8252 14.8897 3.7803
13.7559 18.4449 2.9724
19.739 4.33524 3.21826
0.833359 11.9606 3.48984
6.22031 4.97995 3.1316
7.9757 13.4022 3.63144
10.439 9.35596 3.68445
14.4851 13.4724 2.78904
17.8819 18.259 3.52948
6.58755 12.2625 3.63478
19.3304 13.671 3.02148
10.2906 7.79707 3.36449
18.9645 7.22864 3.51557
6.44107 4.79021 3.23428
2.27271 12.6679 3.24157
15.4992 15.9124 3.40811
17.2678 15.4641 3.20253
18.3337 9.86774 3.20477
2.78595 16.2601 3.37281
18.0984 0.117368 3.23841
16.5749 17.4734 3.75811
13.361 15.1666 3.44732
13.4796 14.1132 5.07888
4.8915 2.72833 3.44391
17.076 13.702 3.23666
19.7718 0.668789 3.52185
12.8301 15.668 3.4353
0.821381 5.39822 2.87801
5.54176 11.521 3.39911
13.5324 7.01585 3.28508
1.6266 3.82095 3.24185
9.54083 7.76564 3.35973
5.30373 2.74483 2.97689
0.934116 18.5071 2.03388
10.9322 14.2 3.65443
13.0487 13.0988 3.71332
5.49473 19.0107 3.00068
5.43139 11.1303 3.94473
13.6972 5.8468 2.87693
12.2548 16.8637 0.117635
16.8455 7.91252 3.2707
12.6683 15.8875 3.41302
19.8338 1.91817 3.43742
9.99509 14.8118 5.53237
15.9174 3.00419 3.4913
11.9972 1.96038 3.43525
16.5443 1.83117 3.40696
8.37417 3.42517 3.03388
11.953 12.0973 2.21296
4.88608 0.980944 3.43128
1.68218 8.7779 3.52411
1.33482 6.80793 3.22507
9.45956 11.3728 3.36633
12.0179 5.09736 3.24971
2.43559 8.94935 3.17108
9.63865 2.82222 3.54163
7.56876 4.19647 3.1714
10.8933 8.8159 3.763
0.473973 19.6616 3.20066
1.79788 9.10113 3.68792
17.6098 2.62219 3.66432
11.3194 14.9636 3.34992
14.5062 18.4979 3.00292
12.215 14.9979 3.21678
4.28889 18.9322 5.83028
18.5909 0.199166 3.02551
19.7136 17.7619 2.95798
13.3513 7.18872 3.19609
19.0489 1.31397 6.15955
10.9247 14.7056 3.37033
3.59026 9.80524 3.1443
16.1997 4.13458 3.13932
1.03239 13.6619 4.40659
11.4425 14.9747 3.34189
12.4954 8.48627 3.22683
11.6371 14.666 3.29015
1.95876 3.73691 3.12086
14.6115 8.18938 3.29421
17.5189 15.3831 3.24036
1.1286 17.9192 2.1337
11.3208 15.0731 3.14686
12.7576 10.2984 2.96619
5.95257 13.9862 3.21107
11.9647 16.11 3.41808
19.5826 1.92766 3.26296
5.85495 19.1652 3.19694
12.8661 14.081 3.36312
14.7136 6.61556 3.40655
11.795 9.44936 3.43825
17.6368 17.4479 4.27583
11.1385 7.21833 3.44876
6.38784 3.17148 3.15782
15.7154 4.33348 3.40798
1.96993 4.76754 3.51556
15.86 16.0254 3.00236
13.3583 8.62418 3.28616
14.018 17.2011 3.05047
6.37324 4.116 3.34597
15.9384 1.62721 3.42343
1.56567 7.22844 3.369
19.3303 13.7654 3.39707
10.6908 5.78558 3.46121
7.22937 13.2581 3.51015
15.6824 1.43567 3.52013
0.331315 11.576 3.40357
18.8451 2.22417 3.38017
12.3173 11.3611 3.27232
1.84571 9.78517 3.34007
15.5966 8.26255 3.2742
7.6521 9.65602 3.40749
6.38334 7.4734 4.49884
4.4425 3.38292 3.51509
11.4866 6.00453 3.28497
14.0347 5.38679 3.274
16.2129 8.09004 3.79858
3.18283 7.02929 3.62723
10.7268 8.78237 3.27755
3.72272 10.4747 3.43331
19.0899 6.09244 2.89635
11.7627 1.85772 3.18016
17.9046 10.1275 3.87976
14.6564 17.7412 3.56868
10.6389 14.4703 3.26841
8.96797 4.1997 3.30194
18.5553 17.3966 2.99434
16.9662 14.7957 3.47524
19.2563 4.67086 3.3973
0.561617 15.6746 3.04254
11.3824 15.1735 3.21814
8.78893 2.85605 3.38264
5.15272 7.58931 2.97623
2.47091 18.2806 1.83979
0.704119 1.65957 3.36418
3.70192 11.4904 3.62632
9.49243 2.13636 3.24017
11.581 16.8351 3.07724
9.14486 8.96122 3.32435
11.4992 4.03138 3.27559
16.9712 0.855363 3.36717
17.8937 18.1588 2.65535
6.09491 19.5075 3.2717
5.37269 19.2395 3.18139
19.3812 4.11139 3.47088
3.08229 8.05645 3.55885
19.3602 2.27951 3.69929
0.306358 17.0677 2.97999
9.43522 11.7812 3.13915
17.6925 13.7262 1.82431
11.1501 7.34535 3.37572
2.26968 10.6771 3.39132
11.2596 5.44168 3.38581
18.0017 3.28625 0.447305
9.94605 3.76382 2.85203
18.556 6.9025 3.63515
10.748 7.77144 3.49949
14.119 17.8408 3.07606
15.5165 3.34852 3.26246
15.0879 16.1422 3.5443
13.1778 9.04829 3.56008
19.3229 5.34904 3.75473
10.5145 9.02586 3.1988
18.0817 7.29364 2.84531
9.85347 8.85903 3.43467
11.7229 13.842 3.39109
1.56299 6.64698 3.83537
6.59856 13.5449 3.31544
7.17579 13.8332 3.4079
12.9484 8.43749 3.41696
4.44452 0.305566 3.27887
5.26126 1.69483 3.7222
12.7444 10.1598 3.51527
15.7823 2.25127 3.63397
6.16638 4.41029 3.57323
5.36956 3.25746 3.70916
1.20785 1.38911 3.48091
4.75817 2.91048 3.54701
15.3678 11.9079 3.42207
14.2178 16.1301 3.5249
14.6635 6.23347 3.48972
8.97313 3.26226 3.41113
8.65481 16.6817 3.12408
0.481743 10.9925 3.18487
6.84761 3.93372 3.31219
18.2184 6.34733 3.40546
10.9817 8.87154 3.6806
19.803 0.861737 3.53152
8.05143 17.2538 3.13762
16.052 3.46029 3.42663
11.9927 8.51424 3.54494
19.0041 1.29702 3.1988
17.7644 19.5492 5.68387
19.59 1.00801 3.31691
14.6384 6.16816 3.5258
11.1701 5.74188 3.20974
12.5123 8.06635 3.75926
0.329332 0.728031 3.25755
13.1082 10.0113 3.18556
14.1416 8.49747 3.27831
19.9476 11.9197 3.82266
16.4461 13.964 3.47022
9.81242 13.8036 3.33085
6.05876 18.4598 3.34913
14.7919 16.4911 3.40832
4.23927 2.26438 3.33404
1.84448 12.4973 3.32308
9.27308 13.1752 3.76643
5.60131 13.303 2.92005
16.0101 14.0482 3.52999
8.00336 3.17173 3.24474
17.7894 2.63719 3.05668
13.9681 6.37547 3.194
14.5395 5.11359 3.47076
14.2003 4.21067 3.82579
10.2755 7.82206 3.35673
17.9119 1.78814 3.5048
11.6294 2.77222 3.7289
8.42862 14.219 3.73506
12.2678 15.6943 3.21223
17.3594 13.882 2.87319
14.6082 7.99078 3.59575
15.459 3.38673 3.44838
12.4769 3.0742 3.63092
4.53171 1.43946 3.62753
1.90101 3.57795 3.33718
13.3618 16.2614 3.35347
14.2474 7.07897 3.34811
14.4049 6.99933 3.78957
4.73902 12.5269 3.00477
8.76707 3.22265 3.37755
2.89362 7.25267 3.58381
2.27194 6.58691 3.56496
4.17063 7.93721 2.3551
18.5598 2.12946 3.42516
7.66831 14.0276 3.18983
6.13948 6.17937 3.33602
5.62255 3.02832 3.21891
8.92771 2.36506 3.47526
15.8107 7.34628 3.78626
4.62335 11.7529 3.56786
8.55982 2.68715 3.42418
2.8318 14.0384 4.3801
1.2512 11.5322 3.42645
11.043 14.3966 3.40619
0.755855 13.3699 3.13865
15.7301 7.1744 2.77493
3.6344 12.051 3.33746
15.7419 3.29593 3.43374
1.79562 6.75674 3.76778
6.22365 6.01281 3.35301
11.9687 4.84667 3.47936
12.8699 2.06585 3.31507
2.20722 16.3191 3.38184
19.0262 2.02677 3.49444
16.5388 0.663235 3.3476
11.7828 15.6786 3.27314
13.004 13.292 3.63329
1.85668 5.78599 3.19485
1.20384 7.72662 3.85751
11.4271 16.3603 3.40424
18.5691 0.361308 3.39684
11.0956 13.325 2.48002
13.2488 5.65884 3.31703
16.4866 13.0416 3.24843
2.16063 8.53012 3.40637
1.79833 7.22601 3.412
9.81352 8.35505 3.42765
3.63507 9.43607 3.54807
19.8962 19.9118 3.22237
9.31671 6.34279 3.45193
6.94629 9.96996 3.54166
15.3348 17.5589 3.4611
1.8195 8.83087 3.31477
12.3562 3.44166 3.30896
2.95186 4.57626 3.94684
13.671 13.7292 3.59447
2.11745 9.71883 3.18358
13.2034 6.88193 3.31808
9.27184 6.50438 3.10371
7.06547 12.9802 3.50821
10.7481 5.12748 3.26471
15.0724 18.0312 3.55374
10.1832 9.38214 2.44256
10.0719 13.5138 3.19141
16.4805 3.82285 3.48154
8.60142 7.17041 3.0177
6.63642 19.8724 3.63689
13.6067 4.88224 3.8496
9.11874 8.3217 2.9093
19.4295 11.5373 2.88154
12.9468 7.98589 3.75253
12.4526 4.89401 3.18271
1.98257 2.57095 3.09363
9.55048 1.55888 2.91814
11.6989 17.0012 3.75253
13.2933 4.9922 3.68208
2.1594 2.13276 3.32045
12.1229 16.7495 3.37927
10.2117 10.3596 3.59193
6.89036 2.87066 3.24961
9.82987 1.88126 3.16986
3.19438 13.414 3.03376
4.43814 17.2403 3.47427
10.126 2.94224 3.1054
11.2164 9.64365 3.47098
17.0542 1.94938 3.5122
18.631 10.9048 3.33696
0.628359 8.2167 3.25689
6.68076 8.76907 3.16783
8.3615 15.7103 3.65789
18.8589 6.29645 3.45007
10.1897 10.4674 3.70508
1.35691 3.7767 3.70105
9.2891 7.69268 3.01565
17.2366 1.53396 3.70835
13.4975 8.28543 3.71688
5.88973 13.9091 3.28052
9.02671 10.2243 3.71345
8.83736 10.0732 3.53962
13.8059 18.5982 2.71263
8.47597 19.2503 3.39924
7.63966 16.8713 3.90932
3.76245 14.0341 2.93629
8.02074 6.92588 2.82889
15.3588 0.407491 3.51933
7.31047 12.4538 3.24446
10.4223 17.9608 3.02468
3.50284 13.5906 2.90641
11.0481 5.38398 3.18321
16.48 11.6143 2.80178
3.74168 5.8003 3.45412
11.7238 3.78882 3.17221
19.7952 8.11532 3.11202
15.7947 0.165903 3.34351
11.7816 16.7903 3.6566
1.71633 10.6828 3.81883
4.74143 8.57801 3.97892
16.8857 14.5945 3.15009
15.7835 9.57391 3.11067
4.06736 4.28667 2.80325
9.28295 10.7823 3.66921
7.38922 5.51676 3.28756
2.96245 14.2056 3.45522
10.0556 1.33776 3.20505
4.09032 7.6859 3.98842
7.07907 18.7054 3.57802
3.99349 16.8129 3.2625
7.00764 19.5213 3.63914
18.5418 2.91193 3.20291
3.3241 9.94908 4.05491
15.1108 0.145554 3.42634
12.2038 6.35741 3.27968
11.7254 7.17064 2.95454
19.7354 11.7088 2.94181
2.4668 2.4815 3.79605
13.2903 5.40501 3.47525
0.112353 4.25377 2.54612
17.9312 2.51793 3.14761
2.38157 3.89124 3.5224
11.268 16.3492 3.80851
12.4644 6.22154 3.15504
8.49164 19.8899 3.37532
2.32729 10.855 3.32631
6.04309 19.4954 3.71444
2.53866 13.3194 3.33953
18.2807 12.8585 3.45951
9.44876 17.193 3.24296
9.9042 17.2775 2.91845
3.86285 4.54944 3.35797
16.8654 14.2136 3.26106
1.72501 11.2479 3.50333
14.2751 6.73325 3.71425
6.85199 0.840583 3.44639
13.2283 7.92075 3.36548
1.64145 14.0678 3.42318
3.06406 6.06101 2.79621
1.96722 12.8282 3.19821
12.1241 3.07566 3.19965
5.02174 5.67931 3.15443
8.01401 12.8338 3.1285
12.3822 16 3.68167
1.92266 12.354 2.88987
3.34679 7.75533 3.6791
16.2784 14.6759 3.28766
2.49631 13.2713 3.54232
9.81601 0.287387 3.30723
16.2467 18.0838 2.97769
3.14987 12.4975 2.98167
4.93798 5.33211 3.48873
2.24129 7.02365 3.66774
8.36539 14.9819 2.54078
1.97785 3.54965 3.56348
16.8209 0.802901 3.1468
6.34963 6.01032 2.59938
12.5758 3.05194 3.56618
7.1072 11.7096 3.35032
4.36766 6.38561 4.01136
4.2403 16.3563 3.08653
16.7947 1.70765 3.61911
6.5679 19.1436 3.63439
11.9652 6.14804 2.80705
9.82495 11.0061 3.68105
1.58534 2.57203 3.35626
18.0765 10.1209 2.78279
6.06512 19.7136 3.65286
10.6602 9.97794 3.88132
9.08436 2.44768 2.73236
4.53603 8.10896 4.01111
12.2648 7.57 3.25473
6.03053 8.29044 3.32829
18.3073 7.01258 3.38999
19.1171 2.7591 3.19204
15.0096 1.90105 2.88276
2.04896 3.42431 3.80101
4.26046 4.31885 3.46135
7.09388 5.69781 3.18226
13.688 4.86176 3.54163
1.52194 5.07248 3.26044
14.6679 7.30375 3.6706
9.6624 4.96216 2.75665
4.0219 16.7284 3.5271
8.28085 8.82695 2.98176
5.61285 14.1783 3.3007
1.52474 11.3119 3.6113
19.3387 2.60377 3.61489
8.908 16.4719 3.11424
7.5987 12.403 3.20235
9.91317 1.94785 3.22478
11.829 15.7921 3.03828
2.02447 12.4409 3.10156
18.9358 1.9876 3.36507
16.0279 9.81942 2.97385
14.7952 1.40207 2.95508
12.1393 17.1024 3.26284
15.198 6.62482 3.73943
0.296943 19.3556 3.5959
2.1086 14.2872 3.77304
19.561 7.84661 3.09516
3.14371 19.1177 3.69209
7.77085 17.9788 3.88337
8.30249 16.5272 3.71233
16.6035 16.7858 2.915
18.3347 12.954 3.80137
9.86411 1.87921 3.03244
14.0886 4.21824 3.82006
9.69792 0.811207 3.19311
10.4823 17.4095 3.12672
19.7279 10.783 2.98937
9.66552 9.89373 3.7469
1.84961 4.11555 3.91493
12.8055 7.87383 3.26253
1.66362 3.22879 3.30195
11.6863 6.22695 2.91351
0.599697 3.27617 3.30378
8.76506 7.23577 2.88851
1.34591 4.79245 3.60708
4.67679 16.8763 3.1027
7.19358 18.3475 3.51534
5.33087 14.598 3.2101
3.88428 6.70393 3.69518
10.1581 2.40603 3.07315
0.750575 8.87522 2.8324
8.45019 8.06407 2.68409
19.9651 8.55802 3.08058
4.17032 8.14631 3.80489
11.7646 5.43079 3.39862
16.7785 13.7459 3.14956
17.6457 11.7072 2.85589
3.51225 6.03623 3.50485
15.6778 17.3132 4.32075
15.6261 19.7592 3.47438
3.82313 6.55537 3.99682
6.52428 19.5999 4.04608
17.0123 0.730531 3.72978
16.0246 0.194974 3.7007
12.5563 16.6692 3.62781
15.1223 1.27867 2.86928
6.14617 8.54648 3.37667
4.38907 16.1867 2.98042
5.04087 4.05305 3.42803
19.3636 1.0656 3.68576
19.2566 13.8449 3.91814
10.8822 9.73784 3.85566
17.7738 2.05388 3.52803
8.3806 6.08659 3.13409
1.15782 8.20491 2.91613
10.495 17.5751 3.04532
19.2454 13.4039 3.84892
6.18566 3.76735 3.04584
3.1409 4.14144 3.64276
9.43402 19.2741 3.34243
18.2567 12.4849 3.90656
10.4386 17.2944 3.54234
4.91036 4.71628 3.59502
1.5816 3.43796 3.6071
3.26212 4.65517 3.45948
11.549 16.5204 3.49647
4.03668 6.59776 3.99611
4.76252 5.94382 3.1922
10.5366 10.2372 3.64903
6.83067 12.6935 3.19594
0.529945 10.7509 3.26461
17.7105 13.4232 3.81447
5.07231 15.0314 3.01334
14.5289 1.15289 2.85017
13.487 7.61199 3.78379
19.7733 11.8328 2.80902
16.0821 14.5879 3.4115
6.43941 11.8682 3.1558
18.2993 1.69645 3.51324
8.42341 3.99541 3.11045
4.17952 5.4157 3.30181
4.7838 3.97245 3.15443
5.05712 2.11888 4.07311
0.938539 4.64951 3.20556
8.37956 0.527637 3.42876
3.83298 17.2044 3.77087
18.951 13.2016 3.39484
2.77841 13.1551 3.32541
7.652 12.4182 3.30113
5.05187 5.54443 3.50855
6.25736 19.9204 3.69436
3.05042 3.08899 3.57138
15.7366 17.793 4.2871
12.3159 2.43024 3.4125
3.7764 14.032 2.943
4.69444 4.88833 3.33246
4.70547 5.33576 3.39728
16.6493 17.4461 2.58718
19.2705 1.25252 3.57777
13.3727 4.94279 3.7296
12.9803 3.63348 3.48648
14.8972 6.66629 3.49347
8.76644 0.736913 3.13763
17.9825 12.7737 3.7107
17.2273 7.4581 2.23478
16.2689 0.0870573 3.46502
19.3333 0.779178 3.65629
7.15269 3.21998 3.20368
15.6234 7.81529 3.3964
18.8041 1.73639 3.3688
15.4157 8.88329 3.14097
12.1745 8.19637 3.01224
2.03174 10.6294 3.45123
11.6241 15.538 2.68627
6.62779 4.97726 3.32223
15.9346 6.25042 4.02952
6.79598 19.4068 3.92813
12.8245 2.8484 3.64851
17.3712 1.74699 3.89075
2.27746 3.20736 3.25447
4.72297 16.9374 3.40998
12.7156 16.4464 3.59274
9.42533 19.6032 3.58014
7.4192 17.3849 3.38002
2.50222 12.4979 2.84634
4.39351 9.01162 3.77703
12.1541 4.02252 3.30646
11.8099 5.18005 3.27667
2.10272 13.6995 3.53793
8.69482 0.35723 3.11333
3.65936 7.71565 4.02994
3.65793 3.94639 3.44803
6.72472 11.7337 3.50857
12.6152 6.27705 3.00196
12.2226 5.51344 3.33371
0.0180068 7.72721 2.98544
14.589 6.60289 3.83979
10.5542 16.8862 3.52235
19.8349 7.42623 2.92025
17.5818 7.36192 3.01649
6.74433 12.6835 3.34847
12.5093 5.57105 3.44518
2.65488 2.36915 3.0716
13.8908 1.52914 3.05232
5.94165 7.76674 3.62255
12.4029 7.81098 3.39949
3.71911 4.41366 3.37334
19.45 6.9281 3.10839
18.5978 8.01725 3.33961
1.39281 1.84193 3.43761
5.50815 15.3993 3.33788
0.407109 10.4015 2.91438
0.604646 10.9936 3.48038
7.18889 0.88836 3.46038
18.9209 8.77258 2.72574
18.6063 14.5266 4.03001
5.59652 19.0859 3.88626
19.2515 8.64596 3.03468
9.89208 10.1198 3.64589
3.35283 5.72111 3.17962
2.73905 3.97235 3.39227
12.1323 1.50399 3.24283
19.9238 3.07232 3.35576
2.48169 13.7033 3.46048
4.52451 0.464553 3.18188
12.5093 0.419336 3.13606
2.72113 13.8727 3.18133
0.581645 9.15947 3.37148
18.5597 17.9698 3.77982
0.0531118 3.36083 2.87776
13.408 12.9614 3.193
15.4134 13.3127 3.50024
0.503605 4.37033 2.86905
2.07918 6.16038 3.36479
8.93332 16.7843 3.44399
8.82571 10.3951 3.28809
10.9265 9.16766 3.42016
18.4057 11.908 3.08905
19.1384 12.4866 3.62714
9.12855 5.21771 3.1033
0.583483 8.50007 3.44418
11.9662 1.30021 3.21289
19.4399 8.3505 2.73034
10.9723 14.0836 3.94978
4.11279 5.82792 2.94382
16.8343 10.0517 3.78423
19.9954 7.79122 2.85083
19.4897 7.42373 3.08963
5.04139 18.7537 3.5542
19.2456 16.5663 3.97344
19.0857 12.2634 3.46672
14.0787 14.9289 3.1072
18.4986 9.19646 2.80931
6.93745 15.2102 4.07152
17.5739 12.2733 3.05395
0.639093 16.8917 3.08995
13.7291 12.3824 3.29614
1.85649 5.82312 3.60738
6.82739 11.9484 3.03934
14.6017 2.06181 3.52722
1.83551 3.54492 3.42485
9.99756 9.73974 2.97627
7.14872 15.5565 3.95051
2.95069 12.4329 3.71677
12.3466 8.03653 3.35945
17.1921 2.2195 4.19217
8.32998 10.639 3.60734
6.33715 12.2563 3.05575
14.7315 1.40493 3.88084
19.5834 9.71799 2.86344
19.3812 0.636725 3.82178
13.2018 12.9978 2.96305
0.287566 0.0710044 2.93606
18.3046 19.6863 3.97127
19.2628 12.883 3.42662
14.2606 15.179 3.21152
19.1934 13.9217 3.83992
9.01551 0.51035 3.71332
16.9449 2.97062 3.91762
7.15717 14.3161 3.81498
2.58946 5.18139 3.76214
1.98733 6.77636 3.01658
9.96344 11.2512 3.83025
13.562 18.6237 4.03796
5.26092 19.8387 3.46411
10.5095 6.08122 2.80129
8.66379 0.315967 3.70445
12.7861 1.62499 3.23278
2.29487 12.5374 3.69452
2.63192 5.25946 3.47617
19.1499 17.1568 3.97203
13.7529 6.94752 3.36181
17.7213 14.5884 3.42106
12.9324 11.0355 3.57013
8.73107 10.6281 3.24899
0.182528 15.8155 2.81065
0.373379 15.621 2.95682
14.36 1.74661 3.55009
7.42305 12.2376 3.09205
12.4913 7.86745 3.32313
5.19919 4.30681 2.66151
19.1354 15.5032 4.28827
4.16623 4.48785 3.33075
11.8198 12.9239 3.04537
13.4754 4.77387 2.59406
12.3777 10.4255 3.33419
2.29763 3.29528 3.16222
16.1526 1.51908 3.54521
18.5247 12.3339 3.11845
6.59954 8.35684 3.89957
12.4228 10.0692 3.23341
15.8542 1.68102 3.53554
6.41308 14.4763 3.61137
12.9035 12.6387 2.8503
19.9947 0.0530264 3.24659
8.21766 13.2176 4.40811
13.5652 11.0438 3.92359
17.7968 18.8291 4.06186
13.164 4.12676 2.69206
18.9466 12.2675 3.54319
13.3858 18.7448 4.04278
9.19843 14.6033 4.08323
18.0843 11.133 2.82776
4.87577 16.9364 3.38832
18.2812 9.40129 3.36899
16.059 0.972973 3.66431
14.7891 13.605 3.68246
9.01071 16.0622 3.05116
17.8624 14.8395 3.92415
2.29558 6.36908 3.44586
0.434751 8.47141 3.58835
11.9221 0.592347 2.91523
8.35969 9.22284 3.54979
17.7204 14.6825 3.45116
1.25917 6.87304 3.38315
19.603 3.83372 3.18002
19.1426 19.8441 3.92934
2.63166 6.0072 3.27967
17.8628 12.0023 2.77528
9.16395 3.7762 3.52643
9.7618 19.8622 4.01794
5.53689 3.9363 3.20462
12.8121 0.0940362 3.69518
16.234 19.1195 4.18131
17.9162 3.90081 3.75056
5.75623 19.1604 3.79705
11.6776 6.07018 2.64941
5.64305 4.54508 2.94033
1.29181 6.32722 3.5297
14.6844 13.4573 3.30669
19.0455 9.68656 2.62314
16.5888 10.1664 3.67934
12.0359 9.06173 3.3165
9.96546 19.9548 3.80418
19.8269 13.038 3.50593
18.1853 11.54 2.74903
0.294639 3.06352 3.4981
4.78303 9.24625 4.15691
12.1454 11.6935 2.80733
10.9515 16.2034 3.60916
6.78836 12.5541 3.25087
5.52022 3.17431 3.39739
3.35786 12.6471 3.48591
6.36671 5.13931 2.85681
11.8372 14.2975 3.7627
12.5704 12.4373 3.15843
9.88615 9.7986 3.11725
14.5634 14.8564 3.10619
19.1746 13.0521 3.74007
19.3808 12.3186 3.31418
9.16475 10.8909 3.39529
9.09505 10.2607 3.42983
0.26875 3.38085 3.65457
5.67027 18.9486 3.51318
19.8779 0.601369 3.28836
1.28048 14.1074 3.47004
10.0515 9.76028 3.38273
0.322956 7.61214 3.33371
12.5188 1.04121 3.52774
3.40375 5.23704 3.2361
12.3119 19.9797 3.26921
2.03413 5.36105 3.58207
11.333 19.7491 3.59266
18.8893 8.18193 3.07942
11.5228 5.56135 2.90272
15.1257 14.8032 3.25353
19.0386 12.8159 3.64183
16.3782 10.6509 3.92511
16.7238 19.8809 3.94316
0.523083 4.65479 2.95293
11.0122 9.35768 3.34511
18.8569 9.40654 2.83016
10.2334 10.1496 3.25122
19.1213 19.6813 4.1149
1.94866 5.21391 3.58975
7.3806 12.0386 3.13358
7.82097 11.2433 3.44079
14.103 3.53309 2.86135
7.98275 11.7416 3.22939
6.88365 15.196 3.82
14.8393 2.83638 3.23907
19.4377 12.8226 4.00741
10.532 13.629 3.90699
6.86823 16.3648 3.4811
4.89772 10.473 3.71689
5.9002 4.0846 3.04844
17.5087 11.6759 2.8625
14.6512 14.8629 3.05061
17.1734 18.7994 3.92168
11.9832 14.7148 3.73314
10.0835 13.8805 3.56858
1.73439 5.964 3.54761
9.35428 17.1943 3.25801
19.1781 3.25499 3.72535
11.4915 8.36857 3.50084
0.861485 15.7563 3.0541
9.79501 13.3447 3.39304
19.0957 17.7391 3.86148
13.4967 1.94285 3.83646
19.986 17.171 3.40713
9.1058 9.62602 3.41842
1.1516 13.9709 3.2503
16.7366 19.7811 3.82513
12.1531 1.55766 3.84007
13.4766 3.95338 2.68218
2.09681 13.4682 3.41201
15.9183 1.11929 3.78993
16.5916 0.476087 4.02706
0.776217 9.12868 3.24714
18.9579 12.7479 3.43543
11.0587 9.61319 3.2031
8.42194 10.7385 3.63133
16.2607 11.9451 4.05497
5.30669 19.1374 3.35424
4.24528 5.16296 3.16611
10.0962 10.1466 3.37126
6.42808 13.1508 2.89108
18.5561 7.70306 2.85148
9.63888 17.0379 3.62677
18.7133 3.23727 3.6039
15.0099 1.76203 3.88794
16.3146 19.2514 3.94151
17.2674 17.1815 3.37602
11.1537 6.04478 2.85667
19.1114 17.3952 3.93189
14.2123 15.8149 2.90619
9.51274 11.4185 3.65941
13.0939 12.3012 2.88812
18.1181 11.5246 2.87943
16.9834 0.00914423 4.01283
17.8145 15.0181 3.23335
14.7011 18.5768 4.32143
8.45492 11.3271 3.52741
3.39122 18.6766 3.3049
14.0541 13.175 3.47929
16.431 19.7662 3.86471
16.836 19.4574 3.94306
8.64 12.9482 4.06371
10.5231 16.6405 3.72473
4.53993 0.595381 3.42687
4.11365 0.175846 3.43816
5.97285 3.75786 3.02494
19.5579 17.9152 4.02066
8.62538 9.69149 3.46787
8.53562 9.84878 3.3345
7.54291 15.5711 3.43628
11.7069 14.557 4.05807
19.348 17.757 3.87545
8.78371 1.10704 3.8546
9.99858 17.5857 3.19866
7.3814 9.06037 4.32833
2.80942 5.89113 3.43934
12.5062 8.04998 3.25527
2.47797 12.1148 3.82172
18.497 0.0250146 4.07928
8.48344 1.0409 3.36796
18.5592 14.1119 3.89455
6.53123 15.55 4.17948
10.9757 14.3875 4.00104
13.4578 18.9928 3.89128
14.9154 16.8186 2.75089
7.35725 8.59961 4.15961
19.9326 19.6346 2.71735
19.0688 12.4391 3.68806
12.7184 12.2578 2.66299
17.1215 2.4142 3.67798
2.34525 3.26477 3.4757
1.98032 4.04645 3.29907
12.2376 13.1593 2.81813
19.4262 17.3125 3.78052
18.3669 19.4138 4.23649
13.8945 2.36218 3.29138
18.5647 7.60587 3.15517
2.97345 4.7216 3.4305
2.43091 4.26233 3.29861
10.2805 7.47988 2.90637
5.57996 3.64678 3.13959
1.88041 12.4978 4.15117
10.0411 8.1164 3.04187
8.60849 10.0318 3.07399
17.2604 12.1056 2.68332
2.68029 4.61903 3.25052
13.8778 18.2712 3.95543
4.73644 18.0702 3.77954
17.2774 3.3802 3.72591
2.99355 4.79679 3.81576
14.0334 2.25195 3.27567
10.1728 4.50213 3.79388
9.474 4.10992 3.43558
11.7988 19.6976 3.73176
15.8012 14.0814 3.44212
10.8588 9.00229 3.10966
10.9202 9.372 3.31788
18.3493 16.8356 3.60042
9.24324 9.19321 3.39487
9.70612 12.1375 3.20356
17.1978 14.1852 3.52497
9.47454 8.90123 3.17764
0.276437 8.3939 3.28071
14.1818 2.48013 3.37294
13.7011 0.0464392 3.87305
4.14649 16.0808 3.91999
10.3683 0.982195 3.49843
13.1896 10.4424 3.14893
14.8434 19.5552 3.14762
3.70679 16.1698 3.49465
13.1761 13.9657 2.75237
11.7987 13.1231 3.09062
9.30829 14.6009 3.49398
10.2058 3.70785 2.98999
3.60017 12.1152 3.72242
6.58179 10.2564 3.75791
11.4415 7.77462 2.60745
12.863 2.68426 3.28169
19.2893 15.5869 3.1055
19.4435 7.90542 3.08997
1.33093 7.54678 2.92511
8.98927 13.9813 3.1721
9.61402 10.1194 3.11287
0.0854469 2.89884 3.4171
11.3429 11.6513 2.55512
3.31958 16.4509 3.61435
9.97605 10.321 2.85033
1.55813 11.4243 3.41191
18.0239 11.4057 3.1427
9.52687 3.65212 3.74184
10.2372 9.52998 2.94915
10.5884 5.96369 3.9195
16.0089 14.7499 3.67499
9.9084 13.6378 3.44927
9.824 10.0115 3.16263
4.33425 13.7996 3.37922
8.81852 9.14919 3.38507
18.3243 11.5909 3.38963
7.85573 13.6859 3.26183
11.3228 13.6823 3.39612
4.18351 10.1365 3.44005
12.8192 1.81998 3.69347
17.1517 10.7933 3.54065
5.15162 19.1961 3.60255
12.2658 1.26026 3.41467
0.161924 8.68081 3.37416
18.8297 11.778 3.18453
13.5262 10.9009 3.38632
2.49663 7.44514 3.33022
9.93258 15.5594 4.04506
18.7507 8.15 3.56619
17.1908 9.10899 3.00695
6.3147 16.2782 3.6005
10.0878 9.58489 2.69925
10.8961 15.6826 3.46665
3.36169 12.8727 3.48407
10.7322 17.8456 3.47912
10.066 14.7053 3.46147
9.49877 12.4007 2.89062
5.14104 12.699 3.90766
9.87708 11.9676 3.16131
19.9988 16.5371 3.28315
8.80841 17.7206 3.28958
17.9105 11.6806 3.14021
13.4724 1.44618 3.6156
13.0735 2.55789 3.6423
0.312189 9.94413 3.2488
6.13238 12.4957 3.87364
15.8812 16.8575 3.14243
0.895655 6.51926 3.46778
19.9301 15.9752 3.37183
2.91401 1.62898 3.47175
15.628 5.46111 3.71381
13.4765 1.52454 3.63222
9.88635 14.276 3.46664
4.39672 9.51614 3.34228
7.94717 14.1668 3.03295
3.14456 10.6325 3.29563
18.9605 11.3414 2.81734
11.1497 12.9427 3.46086
10.829 14.1701 3.22578
5.83327 16.7776 3.8945
17.5606 12.1634 3.10989
2.8258 6.32737 3.43
17.0912 1.73586 4.11426
12.2658 12.8507 2.37197
15.2005 0.916705 3.43777
1.99154 12.0708 2.91498
7.869 12.8258 2.31732
3.03617 7.77859 3.2864
12.7996 0.541924 3.57123
7.6445 16.6118 3.52607
8.72121 13.3986 3.11709
19.3252 1.66533 4.03619
2.64965 11.2658 3.24465
7.50787 16.4325 3.62437
16.9402 12.3176 2.99317
3.17011 11.5434 3.29549
11.3244 15.4294 3.59585
1.81632 7.37006 3.28592
4.11655 9.48252 3.53931
8.95102 15.1816 3.19029
3.69406 2.3934 3.73101
9.34235 10.4838 3.07849
5.749 12.6054 3.97604
0.0715319 11.1696 3.70227
8.4645 13.0327 3.04511
16.422 13.4489 2.75779
8.39259 9.78374 3.19125
7.51504 16.4802 3.50035
5.15097 11.8373 3.72865
19.2905 14.8368 3.49755
8.33365 14.8006 2.85621
13.6317 2.07978 3.38424
10.7633 9.99843 3.31953
3.49042 15.9421 3.94804
18.5634 8.79228 3.14081
7.98522 14.3571 2.86467
11.9365 7.7418 2.38856
10.2927 1.43495 3.92632
10.5107 15.2127 3.40776
13.6677 1.93136 3.4541
8.29955 14.4194 2.98347
3.22462 16.3482 3.67016
1.82163 13.9849 3.63242
18.5505 17.8723 3.875
3.90413 15.8823 3.74094
7.65062 14.9383 2.86371
8.83466 1.22329 4.04332
16.9172 15.0235 3.30858
1.99224 6.96365 3.24874
17.7584 9.40032 2.98764
12.5339 1.65924 3.66875
5.09844 11.8155 3.92535
9.35879 10.2169 3.10602
8.747 4.24994 4.16526
2.27947 7.66345 3.47368
2.42228 13.8708 4.02439
10.2921 11.345 2.96938
8.53692 12.89 3.09812
10.4329 2.9441 3.18421
19.1067 1.93854 3.94098
2.64769 12.1707 3.57284
1.78148 13.4396 3.10838
16.9669 12.667 2.88487
18.935 17.2705 4.0052
13.586 11.0322 3.21225
18.4639 9.55726 3.27163
2.18849 13.034 2.92873
2.78031 13.3412 3.08197
0.119924 8.02741 3.4657
5.49753 12.2209 3.98441
10.0209 10.7002 2.9441
9.79445 10.6182 2.99151
19.3334 11.1295 3.22595
19.3446 9.66949 2.93332
10.527 4.03204 2.69264
16.8524 14.5446 3.51237
10.2858 18.8366 3.56439
12.0637 13.359 3.6974
0.386783 7.98495 3.36343
10.7506 8.90617 2.99155
3.66525 16.6779 3.56545
14.7201 1.06183 3.45956
3.45861 15.613 3.7503
13.545 0.40301 3.87249
2.57994 15.842 3.2487
9.25273 8.57949 3.54073
1.86412 7.1195 3.01203
5.85029 12.4376 3.56577
9.55999 10.5109 2.8776
9.05046 4.13122 3.95024
8.52342 14.8906 3.11901
11.4551 8.10907 2.26892
1.52518 7.05128 3.22826
9.60338 8.89544 3.04494
0.38853 9.33343 3.49553
10.6707 14.7656 3.55909
12.8436 1.38626 3.61776
17.5664 11.6212 3.23852
18.188 10.1144 3.27501
4.60697 6.10727 2.48104
18.249 12.0363 3.19456
18.0962 11.8025 2.92003
5.7125 19.2182 3.28835
9.96407 10.8068 3.09747
1.57924 9.67362 3.41061
18.9977 11.072 3.31678
15.8591 8.17641 4.02917
18.55 19.4173 4.42455
8.06031 14.1803 2.95427
5.54919 12.3214 4.06589
8.8343 14.2209 2.95131
2.5958 13.334 3.23958
1.06868 10.1672 3.52768
12.3516 2.77505 3.22253
19.7339 15.4622 3.30149
9.85757 0.505953 3.0586
2.00335 6.69131 3.32475
11.4473 14.1881 3.00925
0.142642 11.554 3.50389
9.88192 14.2463 3.72923
5.21206 16.5629 3.89526
10.6662 14.1705 3.50781
19.3311 8.1067 3.45807
11.8219 14.2165 3.20334
8.10813 15.6262 2.94966
3.66864 16.6383 3.70952
4.04102 6.5231 2.3752
12.7594 10.721 2.94223
7.6178 16.1807 3.4286
7.93168 16.67 3.55382
11.2417 11.2863 2.83615
9.3572 11.0915 2.79629
2.01884 6.48602 3.45182
18.8497 8.68638 3.01762
8.07411 12.383 2.36584
16.2844 15.171 3.5326
16.5382 7.50376 3.91657
0.312768 9.66966 3.39535
16.6207 12.5558 2.96935
8.86556 9.5921 3.22966
0.0270591 15.0419 3.31276
9.50972 19.8963 2.97144
6.54863 16.7226 3.34676
7.67814 15.382 3.19027
7.99557 15.2111 2.89624
1.65134 6.80534 3.31905
9.95452 13.9239 3.34466
5.00731 13.1629 3.58017
19.8425 11.3577 3.40336
3.35108 12.4714 3.44409
8.45788 13.6728 3.05837
9.33138 14.9782 3.62296
8.17049 14.3855 2.84083
7.07133 13.2299 3.37021
18.8268 10.8716 2.9753
13.7452 16.9806 3.3787
4.29278 12.0143 3.73268
7.70374 16.1268 3.62773
8.42791 14.5785 3.1966
1.73282 7.60943 3.0516
1.31382 13.457 3.46847
14.9718 0.373822 3.223
14.8825 17.4475 3.87061
18.1946 19.0678 4.48457
10.9249 13.257 3.45145
18.8356 8.3341 3.11898
18.7475 9.11984 3.15646
19.0808 11.7652 2.99427
2.4449 11.964 3.06641
10.1492 14.5945 3.24529
19.5666 17.6316 3.56795
0.56468 15.0288 3.03438
1.48773 1.7826 3.84692
13.7309 2.03383 3.34636
2.6548 7.89513 3.10728
15.1506 5.6654 3.81888
10.3139 14.5793 3.79528
19.7796 16.5269 3.87141
9.23551 13.9668 3.01686
17.8693 11.9139 2.99663
1.71062 11.4804 3.01627
5.61294 13.2188 3.88654
6.38469 12.7153 3.55133
1.37676 1.26719 4.14539
10.2624 18.1839 3.29511
9.68359 10.07 3.19191
3.12997 12.7117 3.50623
9.77494 15.7976 3.94584
13.1114 0.0865879 3.44903
12.5637 1.06473 3.41759
2.46048 13.3499 3.33354
10.3916 13.4686 3.33898
10.115 14.34 3.61703
4.64704 18.9507 3.31989
8.96268 8.83823 3.37897
14.6108 19.9632 3.43195
13.1908 1.22268 3.31114
0.461191 8.03437 3.05692
17.3994 19.5657 4.08378
14.7351 5.74719 3.65549
0.179885 8.16641 3.24277
18.9024 8.4485 3.14896
7.88899 14.467 2.94948
13.8709 0.411114 3.32114
5.89506 12.5568 3.80675
15.339 14.9268 3.61793
8.19609 0.657592 3.89289
14.362 0.464949 3.56748
5.73174 17.0032 3.89053
5.1604 16.5316 3.77423
3.50877 16.4796 3.6317
2.9862 16.0311 3.20822
6.2327 12.6274 3.68165
1.41383 6.57049 3.46952
1.19286 8.95678 3.24662
9.32009 13.4832 3.12771
19.5337 8.32293 2.95262
19.9237 11.9226 3.41099
7.507 12.9036 3.05527
19.6946 8.77879 2.86706
10.6861 6.05998 3.46597
5.00038 19.4377 3.54988
6.28514 13.7708 4.18593
16.6157 9.64163 3.64138
2.38132 15.6079 3.05073
4.18059 14.393 2.7871
7.6916 13.5224 4.12038
15.7636 10.3609 3.85593
4.66016 14.7452 2.94694
2.01144 14.5274 3.37729
19.4495 14.1558 2.97492
0.594739 4.90017 2.96475
14.1407 10.6687 3.59191
0.392988 2.91365 3.27896
2.25536 10.81 3.3331
4.21578 18.3581 3.64676
10.4356 11.8136 3.86578
10.1224 5.42599 3.80209
11.7705 5.96946 3.6742
19.1083 13.1542 3.06066
19.8146 10.4055 3.52868
13.9606 15.613 3.70318
1.74433 12.4842 3.08901
15.9313 9.9439 4.19099
0.143109 10.6101 3.35939
11.778 10.5836 3.23227
8.37106 13.6467 2.9034
0.446239 2.12797 2.89628
0.436699 10.9612 2.96645
1.37614 4.17888 3.5791
6.70841 12.6848 3.09386
0.0943806 12.6154 3.34519
19.9636 11.092 3.08212
16.171 9.50164 3.81557
19.1488 9.07371 2.55606
8.83012 9.82089 3.57127
17.9684 14.1184 3.15501
1.60599 12.8384 3.03771
14.8519 8.86294 2.81715
6.28225 14.5229 4.08764
8.48052 6.5692 3.20712
16.7068 15.0903 3.07159
4.08295 15.7224 3.43283
10.6336 6.20541 3.24687
8.96504 12.2674 2.72576
4.57777 14.6986 3.02637
12.749 6.50639 3.44083
0.296311 14.0502 2.99105
9.4725 5.30121 3.63763
10.0123 3.26399 4.50551
17.5088 12.3782 3.54584
0.336545 10.6336 3.47007
1.00633 16.0262 3.19849
13.9391 10.7318 3.749
1.20391 16.2184 3.18254
0.373952 12.7246 3.1673
19.7234 13.3719 3.18379
16.9737 7.31809 3.59069
19.9656 11.8592 3.40572
11.0686 12.3864 3.8351
19.8614 15.2912 2.99213
8.162 13.1544 3.08736
6.84332 14.3555 3.73722
4.14338 18.3635 3.89947
11.1598 6.36596 3.35594
17.4981 8.27572 3.24412
6.82115 13.9218 4.07822
11.4469 4.86437 3.33692
11.2356 12.3121 4.0681
14.7273 16.222 3.70383
8.88221 18.2638 3.82388
6.57392 14.7842 4.02755
0.0725212 14.0629 3.12177
15.1426 9.65826 3.15364
18.1836 15.6421 3.01228
13.4287 10.4912 3.68608
9.30932 10.2832 3.40153
1.4391 11.7371 3.1175
1.08154 12.3519 3.22969
16.4264 14.7918 3.0592
7.74651 13.4885 3.2194
14.3368 1.40928 3.79312
15.3066 12.3627 3.68042
2.49343 14.2069 3.07709
5.62454 18.7418 3.10936
12.1763 12.1319 3.1932
18.304 12.7599 3.15218
13.3394 7.52927 3.21951
4.38559 15.4143 3.55237
17.9201 15.4975 3.05695
18.8683 12.6917 3.2943
13.8082 13.9574 4.00659
12.8582 10.8861 3.10402
18.05 15.4844 3.04359
7.10829 12.1735 3.10234
13.4281 10.1175 3.52352
1.59583 16.2322 3.20737
12.5609 3.91793 3.58971
14.6482 9.17281 3.18133
19.3836 16.0361 2.94472
14.3499 1.14131 4.0155
19.4789 10.0853 3.55194
17.2457 8.39576 3.20688
10.4484 8.95412 3.25599
18.7676 11.765 3.30096
6.59694 13.1223 3.62923
18.6058 9.67285 3.19511
17.9399 15.9313 2.81837
16.6191 7.11165 3.70302
9.91392 12.174 3.44543
18.6424 16.6367 2.57795
4.5532 18.3507 3.52641
1.09241 11.3414 3.26218
15.282 10.3883 3.79303
9.35198 5.20552 3.66337
18.1482 15.1612 3.21058
2.81186 10.7267 3.30269
2.32613 15.9942 3.21061
0.804858 16.5387 3.11402
4.34509 18.7517 3.68855
18.4367 15.1902 3.00762
15.7766 10.0323 3.61903
12.2768 11.4799 3.50194
10.7902 11.8773 3.60427
15.6896 10.3223 3.71324
17.8207 15.2808 3.06391
19.2655 19.8593 3.10722
7.3326 13.7171 3.52826
12.8993 3.41746 3.67551
8.42 6.53077 2.95352
4.62386 15.7701 3.79394
16.8102 6.66504 3.50554
19.5039 9.50305 3.32489
19.7589 1.12562 3.00419
12.4519 6.86238 3.51595
12.9083 11.8987 3.14699
0.528323 11.8802 3.40756
18.6101 13.1115 2.92378
1.0188 2.54436 2.79446
11.1008 16.323 4.0566
12.852 12.1004 2.75407
12.3737 10.6498 3.37788
7.09617 12.9546 3.28727
10.4054 13.6235 4.04135
4.46092 14.7284 3.0449
9.24338 5.98594 3.48698
12.4357 11.2004 3.5461
12.8961 13.3381 2.94915
10.7425 4.90781 3.80128
18.0568 6.20626 3.70973
0.349082 11.938 3.32976
19.9407 11.5929 3.23699
9.51243 10.1304 3.42361
9.5554 9.59852 3.25224
0.938235 5.00705 2.77562
7.0929 13.7054 3.51444
0.691662 17.2447 3.49067
2.2656 13.7453 3.44024
11.0634 5.00072 3.68263
0.975791 9.85119 2.7735
16.6244 9.82672 3.95877
5.05795 19.4798 3.70847
15.7494 9.46502 3.57012
6.31724 13.907 4.06407
13.0541 14.3847 3.31924
19.5055 7.65758 3.20135
12.785 3.51379 3.35871
17.3337 7.78088 3.22124
19.7137 11.3533 3.24332
19.9388 1.34893 3.27948
18.6974 14.3936 3.23032
3.74664 13.8703 2.88567
12.5067 3.21641 3.64491
19.755 8.37497 2.89456
10.9197 6.4542 3.33786
1.09058 12.437 3.2918
5.07196 15.3611 3.37298
7.88882 13.374 3.18744
9.27795 6.04635 3.43815
15.3786 9.13402 2.85646
8.68255 13.3182 3.53896
8.37641 13.4771 3.10283
17.2331 14.9177 3.20365
0.108326 11.383 3.35392
12.1236 6.7598 3.50486
9.31226 9.2238 2.96166
7.33903 4.96671 3.39148
12.1593 12.2389 3.56671
18.1855 13.4607 2.96264
17.4267 6.96037 3.33053
19.0172 13.9303 2.9635
12.7279 13.6611 2.80372
11.934 7.18348 3.83943
3.75173 18.6412 3.59198
10.5743 12.2741 3.58964
0.54955 18.4989 3.86675
13.0355 2.66662 3.09446
1.66327 13.5296 2.84164
10.59 9.06516 3.45308
0.281548 13.2915 3.27186
16.4513 12.285 3.30807
0.884923 12.6374 3.09205
9.96778 5.0669 3.70355
2.00988 15.3301 2.95009
18.2656 15.4184 2.86649
16.6408 9.90764 4.15911
15.0528 9.09068 3.01607
3.61748 13.8907 2.77534
18.1178 14.6594 3.1987
18.4454 15.0485 3.48175
1.80006 11.6589 3.03662
19.4563 11.4352 3.04847
14.1569 0.811119 3.5665
9.25347 6.3161 3.4825
18.3453 13.5984 3.05368
6.75504 13.3433 3.51582
7.33421 4.89348 3.40944
11.01 6.36411 3.68834
6.75672 11.9107 3.20465
19.0634 8.53977 2.90972
11.5556 11.1519 3.30795
19.7029 0.323756 3.26948
17.0942 14.4734 3.29637
17.8781 15.9128 3.17755
18.2653 16.7552 2.56684
12.6924 2.53113 3.41612
0.169609 12.4972 3.11647
16.393 8.97788 3.5712
11.431 6.87724 3.2335
13.9388 10.3979 3.52772
18.6314 13.3791 3.07504
19.6013 13.2878 3.3113
18.3193 14.2789 3.16809
17.2987 12.8063 2.95291
8.97288 11.0369 3.75121
4.22004 15.1693 3.20528
14.6693 10.0966 3.53929
18.0864 15.6501 2.87038
18.6544 14.6737 3.06875
12.1656 5.42181 3.67542
11.7753 10.8807 3.45104
5.48015 17.8483 3.72819
6.38502 13.2638 3.44934
12.3043 11.8409 3.25185
1.23834 11.6366 3.67953
9.36328 5.69378 3.69592
10.063 4.75304 3.68315
9.26677 12.4176 3.38849
12.56 11.6484 3.44797
0.341958 13.9936 3.21816
10.9969 13.1634 3.98686
11.8915 11.279 3.48042
13.397 16.0756 3.77686
4.52841 18.9045 3.40572
13.0759 9.60616 2.67694
9.44373 17.9038 4.30637
0.648172 13.2932 2.80264
10.9839 12.6027 3.85275
19.3337 13.1683 3.58642
8.06416 13.2351 3.20195
11.8453 11.2636 3.4116
16.8263 9.08585 3.78539
17.8914 7.92134 3.30683
14.4802 14.2545 3.56685
0.848592 15.925 3.13343
19.8747 9.68828 3.48253
13.343 12.3693 3.39905
0.215722 15.2341 3.19566
4.49124 15.2335 3.71321
4.83982 14.9832 3.65495
12.6059 12.3223 3.272
0.62969 12.1294 3.05695
0.515429 13.8315 2.77347
15.3241 15.9752 3.73801
19.2195 8.31554 2.77333
6.88631 14.3338 3.83549
4.68651 16.142 3.50592
10.8715 6.63774 3.48249
8.95533 16.8181 2.90254
8.3242 18.2214 3.85167
10.9445 4.87642 3.57611
9.75321 4.84721 3.67763
18.1711 13.2413 3.15046
6.78414 13.5868 3.67496
17.3855 8.09958 3.11075
5.84377 13.0237 3.53118
0.478639 15.7983 2.95906
6.96029 14.0062 4.08752
16.3415 14.1022 3.06234
16.0797 12.8865 2.90972
16.3477 9.67959 3.71469
14.2936 11.5242 3.27016
17.5701 8.78675 3.04279
12.1227 3.25822 3.51333
11.6524 6.55539 3.84195
19.4244 13.2227 3.47766
9.79865 6.76412 3.33495
10.2576 12.6175 3.19129
18.684 8.71773 3.36164
9.99743 9.62695 3.18297
1.08159 3.73723 3.5741
15.2368 19.9939 2.96102
17.6939 9.14726 3.12214
7.51669 5.64546 3.44213
12.5907 14.5569 2.99736
14.859 11.6896 3.74116
18.3849 10.2483 3.56722
6.44197 7.43117 3.4689
15.3342 12.2418 3.71319
12.4961 11.9101 3.62393
9.54875 14.0458 3.08862
11.3558 5.90633 3.25123
4.74327 7.69122 3.53619
10.7138 4.50103 3.08804
12.7843 8.69116 3.68742
15.4823 14.0436 3.44173
1.74362 7.1073 3.59489
2.46595 19.2928 3.78852
2.97351 1.70193 3.11871
9.22063 13.1706 2.73952
10.1627 10.0281 3.13789
4.93407 11.971 3.20518
12.3382 10.402 3.70084
6.87946 6.53667 3.05887
10.2866 10.6643 3.00734
2.18807 8.69153 3.24131
18.8019 11.9757 3.10377
11.1974 3.37628 2.59798
10.6298 9.73116 3.01337
14.0127 19.8739 2.73601
17.772 8.53377 3.67007
10.3654 11.8312 3.15271
10.1233 10.7623 3.18898
7.18079 5.37491 3.59452
9.48505 10.7067 2.76705
0.252202 5.32749 3.15332
8.25734 12.1884 3.49303
11.8654 11.4224 3.41528
5.37802 6.2881 3.56537
17.0812 12.0058 3.20114
18.9862 8.39695 2.85105
7.03588 15.6555 2.78492
14.6281 13.3881 3.17777
1.38537 3.38523 3.49008
0.0158844 9.13921 3.02778
15.3458 12.138 3.78252
3.44571 3.21017 3.4873
10.5151 13.1623 3.29938
1.48244 19.7636 3.35843
3.27744 18.3632 2.85237
8.55707 8.63867 3.46511
10.6193 10.0394 3.20393
11.6717 18.0943 2.45725
4.63538 7.40075 3.37436
11.2965 16.5202 3.17521
10.6398 12.3922 3.46554
9.88335 13.6009 3.199
8.54828 3.25705 3.87535
10.2619 10.7551 2.89861
2.15566 8.18324 3.50362
10.0632 13.9882 3.2317
18.9412 9.61469 3.28972
18.0107 10.1271 3.34612
16.0703 12.7623 3.52974
1.40221 4.90668 3.43121
8.46546 4.26945 3.37956
18.0839 9.62531 3.41047
2.36126 1.30831 3.11714
1.92479 9.36918 2.93179
5.42726 16.3081 3.40532
0.261968 13.6489 3.31881
17.608 12.2445 3.07252
10.1682 14.3568 3.36061
5.79252 6.53785 3.53464
8.97482 18.5498 2.28649
4.37774 7.33287 3.1729
0.481966 6.13199 3.22974
11.6609 10.0677 3.39121
11.514 9.99853 3.59443
6.87915 16.4112 3.37061
18.18 11.1997 3.38887
5.78293 16.7897 3.27146
6.00917 9.44059 3.55674
13.2887 11.2644 3.69508
15.7304 19.3679 2.9772
2.45026 12.1412 2.81296
8.58331 12.2266 3.00201
3.84519 6.72438 3.55606
15.3331 11.6555 3.31053
8.05954 15.8739 2.86556
9.07544 12.7931 2.63356
5.49957 9.00634 3.28133
3.92227 7.23588 3.24014
9.40948 19.9836 2.27154
17.2494 11.6513 3.36706
7.06785 2.816 3.74407
12.3454 18.7035 2.09254
3.00636 1.82582 3.52021
4.84462 7.806 3.25287
11.0613 0.93362 3.20503
6.42363 15.373 3.29642
9.77124 9.83209 3.0358
8.01169 4.982 3.69059
1.412 5.2018 3.62658
9.0558 12.0907 2.92635
17.5386 9.24713 3.47899
9.05906 12.055 2.78252
10.2781 1.82001 2.93668
7.01173 5.03363 3.48142
0.759944 8.68883 3.24291
10.8387 2.69655 2.64241
17.4335 11.8313 3.41308
11.2451 10.3525 3.48555
5.67329 8.1689 3.69915
0.467391 2.21104 2.43367
9.00744 18.2431 2.23518
14.1417 6.75728 3.87848
12.7148 17.6663 2.40491
11.5095 18.3036 2.74075
17.6013 11.8902 3.60421
10.065 19.834 2.34724
6.12434 8.73192 3.58142
2.70323 9.48906 2.92429
2.11855 7.35373 3.57281
6.40775 7.22721 4.01954
8.58861 18.0788 2.39718
11.0296 3.55578 2.23101
18.0095 10.3209 3.65983
3.13963 2.26123 2.98389
19.0823 7.77543 2.48755
15.7679 11.6897 3.3835
7.80291 3.45185 3.84194
9.6977 10.8681 3.0121
11.1482 3.01618 2.7323
3.73984 2.29621 3.28486
3.11462 11.7673 2.99094
10.9578 10.226 3.19502
8.94258 12.172 3.08005
11.5073 4.47155 2.8699
5.74033 9.19815 3.46335
4.1357 7.9702 3.04437
2.50193 9.58297 3.31058
17.9316 9.4223 3.30958
1.75128 9.33671 3.29658
16.6428 8.79164 4.12291
19.6582 4.04454 3.39245
2.69024 9.86544 2.77912
3.49651 13.8529 3.16173
2.59386 19.2853 3.62105
9.35982 1.66873 3.52838
10.5969 10.835 2.99316
10.2033 11.207 2.87068
1.28699 4.87111 3.74376
1.00391 5.57613 3.30744
11.7909 3.49847 3.19596
17.6882 12.0075 2.91382
10.9083 17.5463 2.90636
12.798 11.3754 3.89721
2.01634 1.10151 3.45922
11.3855 9.01953 3.74295
7.32491 7.0023 3.26216
15.2454 0.0308683 3.14649
6.52478 6.38459 3.34736
16.9608 11.3771 3.25866
3.84831 17.4166 2.50293
10.6457 4.7169 3.97189
3.24079 2.38957 3.40272
8.30191 4.0711 4.00955
9.83517 11.63 2.97113
10.768 2.79973 2.40077
9.0522 12.5841 3.08299
14.4498 11.2698 3.57321
2.95097 0.994968 3.21934
10.3765 6.13812 3.69166
1.15999 5.22637 3.77113
11.545 10.3563 3.51352
15.675 12.6914 3.43876
18.1752 12.6535 2.90904
19.7059 3.49764 3.22245
5.77878 6.99777 3.50213
0.259024 8.55635 3.51664
19.3661 10.1772 3.67988
7.52258 15.0776 3.1225
10.2276 11.3188 3.25865
3.00829 2.88012 3.50322
1.15988 4.44534 3.34578
18.244 7.41271 2.35437
2.56319 11.8777 3.14365
8.3553 13.5031 2.63004
10.0271 1.82935 3.45633
9.27808 12.9475 2.77376
3.60367 17.163 2.36341
2.68646 4.02482 3.44465
15.1478 14.2221 3.14813
1.45992 8.44409 3.52656
11.6982 18.1548 2.4117
3.16852 1.87404 3.00189
11.9019 12.2723 3.45919
1.01226 6.79397 3.44787
10.4849 12.1043 3.31177
8.77499 7.1628 3.84884
11.213 11.1179 3.13448
2.02041 19.2743 3.52936
12.1756 14.561 3.4588
8.9871 18.4014 2.50653
7.94097 5.94707 3.53012
5.49308 6.52182 3.59572
14.611 11.4738 3.4141
8.36492 15.9814 2.7856
9.03697 17.8358 2.60723
12.2698 9.20528 3.40758
9.67971 12.2596 2.89586
5.7036 15.7349 3.84882
19.6884 4.02719 3.5026
8.72869 13.694 2.58169
17.8688 9.13694 3.56909
18.7477 7.90265 2.93066
1.42642 4.3902 3.38086
17.4096 8.98434 3.25035
9.34369 10.1727 2.70116
2.04951 8.92236 3.43553
10.5789 1.90075 3.02666
7.36366 15.7103 2.69316
8.82728 19.216 2.15541
10.0916 2.12421 2.81603
2.94799 1.37152 3.85841
10.4031 12.5176 3.32877
7.51064 4.68107 3.67294
1.8009 5.16308 3.52809
4.64995 7.33782 3.19544
8.86589 13.5445 2.91315
9.76524 12.8193 3.00752
8.76803 13.4885 2.57234
7.79982 14.8478 3.27719
0.0410989 7.32559 3.86752
15.046 12.0486 3.88855
5.43065 6.67558 3.56189
9.20754 19.2819 2.05628
9.23947 13.322 2.99835
2.95863 1.9341 3.38607
2.11377 8.95648 3.03839
17.7561 12.0475 3.48963
17.479 8.96864 3.28289
2.51373 12.4887 3.18258
11.8268 8.57711 3.84851
19.8689 3.15643 3.4473
1.62867 19.8431 3.54275
0.109391 9.2435 3.53444
2.93576 9.47462 3.04213
10.6525 13.224 3.50602
2.17007 8.94634 3.41857
2.27847 9.01142 3.0879
4.38399 14.5375 3.37744
14.7245 19.944 2.87318
6.07117 3.55133 4.01759
1.17266 12.6109 4.00006
10.8416 12.7181 3.4985
1.83652 9.3771 3.13683
9.50694 13.1705 3.17057
18.7607 10.0758 3.57666
2.2985 9.19081 3.19549
7.91837 4.79017 3.97066
8.32404 5.66119 3.3813
6.28078 9.04761 3.67688
11.0887 17.031 3.01371
10.1214 10.2067 3.1015
4.6197 8.29786 3.38682
10.3918 13.9606 3.36974
15.3229 11.5695 3.39639
15.5153 11.7549 3.51585
2.79054 12.6211 2.94054
11.2787 9.4318 3.5284
10.7428 13.5879 3.49179
7.49944 10.2849 3.71963
9.75907 6.23078 3.43822
17.4762 11.6685 3.60229
15.7419 12.4249 3.65352
1.52091 3.97601 3.60003
0.685016 12.2802 3.57443
0.0245345 13.0531 3.1599
2.38886 19.9749 3.53219
1.78718 19.4385 3.43329
8.48151 12.1115 3.27911
18.3079 8.7315 3.54153
8.3855 4.44848 3.19767
16.4288 10.8296 3.26707
10.7074 17.215 2.9788
17.7545 11.2764 3.42963
7.76485 10.1402 3.91316
7.05563 9.29897 3.76079
7.07855 6.33506 3.46444
5.26361 8.208 3.40601
8.38316 5.27245 3.60202
2.56112 1.64867 3.1511
2.36457 3.34642 3.29499
9.62366 11.9672 2.97231
0.452915 3.46024 3.70213
0.572903 10.8695 3.31245
10.39 3.68271 3.57669
0.310107 8.84336 3.02917
12.0912 19.6822 3.86022
6.16295 3.64794 2.82786
7.96919 7.8109 3.39798
17.8209 4.6507 3.09321
3.84711 18.4613 2.66149
6.15516 7.0796 3.69913
9.26171 6.75703 3.44024
16.7907 5.93877 2.69633
6.8254 7.33923 3.52268
3.20363 9.3095 3.30744
19.9123 16.2087 2.82186
1.99277 7.71581 3.12312
16.5506 2.10831 3.5236
0.909717 4.32929 3.39324
12.2842 20 4.40893
5.80296 12.8444 2.69827
13.1464 2.33913 3.54048
13.1298 16.7875 3.68208
13.562 1.02904 3.13152
19.9951 16.263 2.42653
0.340565 9.29956 3.34862
16.4372 14.4655 3.78693
3.43066 6.76111 2.94062
17.1823 5.7286 3.13385
0.415749 11.8231 2.82579
12.4432 7.02176 3.21128
9.1075 12.734 3.33544
1.54023 3.61074 3.61472
0.763197 9.10057 3.18183
5.61996 4.9811 2.68428
9.97793 3.02006 3.60957
0.520832 10.8433 3.46997
0.299473 9.84657 3.49367
17.5771 3.19467 3.51591
19.7075 10.079 3.50841
10.8615 2.63588 3.86058
18.4656 12.2122 2.79448
3.0034 7.46732 3.00522
16.9413 1.55918 4.22786
7.39703 10.0239 3.27663
10.0444 4.88805 3.4647
18.0291 19.4439 2.79855
5.28471 10.3082 3.30154
12.9695 18.6281 3.90794
10.3984 6.83821 3.45308
6.37009 8.16564 3.66905
13.7646 3.224 3.2428
0.681961 13.1672 3.38151
11.985 17.7926 2.79304
13.6192 17.1734 3.50572
0.116115 3.62791 3.72673
0.782758 9.12066 3.18306
4.6898 4.66495 2.74699
15.7945 2.88145 3.77411
1.77275 14.1618 2.99869
0.89688 12.42 3.05136
0.296212 15.7642 3.10652
19.6628 19.8392 3.43797
0.474608 9.59241 3.37104
12.58 6.59873 3.56424
0.833712 17.1228 3.04139
9.59424 6.63991 3.88511
8.7047 7.07994 3.69832
6.63799 13.5273 2.50506
12.7512 0.0641368 3.37592
19.5847 0.537845 3.36474
8.6653 6.91552 3.46839
12.5463 0.398227 3.66417
12.0809 10.1327 3.29173
15.79 14.2275 3.69738
10.8255 16.0228 2.83516
7.84835 10.7527 3.01151
0.615292 16.2378 2.60394
17.6144 0.99205 3.98104
19.633 0.0337961 3.51131
15.4134 3.51439 3.36392
11.1611 3.16019 3.91936
2.41518 7.70711 2.96619
2.36091 7.23857 2.91176
17.6721 19.6026 2.74661
9.3033 7.19773 3.34512
16.192 14.8052 3.84755
17.1262 8.80803 2.71915
3.76174 8.79635 3.24646
6.94745 3.56656 2.81152
13.3331 15.504 3.75168
19.0921 9.77031 3.48891
14.9231 2.58715 3.76312
6.64243 7.02457 3.67027
18.3299 17.7273 2.78655
19.6108 15.6358 2.66265
16.1788 11.6672 2.7719
14.6074 10.0012 3.08897
19.8757 19.9916 3.2998
7.42011 10.5931 3.11199
18.7776 19.6914 3.48379
7.1514 7.00865 1.83421
13.4088 19.9636 3.31342
16.5122 2.52096 3.5449
1.62506 19.2731 3.05232
17.4673 11.2736 3.55955
0.0210438 9.64006 3.63546
19.6635 0.317923 3.43198
12.6295 0.838141 3.32493
19.5203 10.1396 3.77131
7.84967 7.388 3.08191
19.621 9.35163 3.29186
0.520419 1.2292 3.89829
18.4642 0.460264 3.90538
11.711 4.88774 3.42492
1.21821 3.47482 3.4653
7.81199 9.99372 2.94595
1.42044 9.17337 3.55805
16.1474 6.35993 2.6529
11.9381 18.4563 3.58717
19.5827 0.408551 2.98665
11.0069 18.088 3.90636
3.44443 0.0322268 2.3487
2.1897 0.297785 3.13495
7.89515 10.8269 3.0066
0.77141 0.896183 3.69314
16.769 6.48791 3.21926
13.0427 8.71309 3.74892
13.0999 3.50117 3.19482
16.6813 6.25422 2.55411
19.1589 19.849 3.62705
2.24866 6.31843 2.80618
8.61137 7.39275 3.36242
13.6667 0.391621 3.19911
10.1625 5.17005 3.70728
6.17333 9.52829 3.5597
19.5082 0.131078 3.24974
19.9231 9.94682 2.93597
1.63592 3.59989 3.28669
14.0572 0.748809 3.16034
13.4681 12.7847 2.56698
1.47973 12.8044 2.95271
19.267 9.95629 3.36486
2.24361 6.60902 3.20854
16.734 11.5291 3.09463
14.4723 9.59443 3.20586
13.1018 7.70419 3.63538
10.1659 3.32947 3.66568
12.1973 8.40321 3.34655
10.3696 1.54377 3.57671
11.1696 19.1852 3.90841
13.217 12.2266 2.78112
14.4371 16.818 2.70263
13.3011 15.9573 3.83283
19.6315 0.333611 3.1743
0.869545 12.4864 2.74526
0.371826 12.4979 3.2309
12.0754 1.48183 3.09645
11.1846 4.40039 3.3276
2.36896 5.48092 3.55863
7.95323 10.5669 3.24174
1.09587 18.6955 2.8589
3.99902 7.12293 3.29624
12.6058 18.9506 3.96507
2.59891 6.06996 3.47199
17.7405 5.95848 2.8104
6.13331 3.16173 2.86482
17.5975 3.12052 4.19591
7.42369 8.70305 3.52931
14.5287 19.7824 3.71702
1.20792 6.06734 2.89031
13.7821 1.29216 3.1669
19.3772 19.993 3.16834
0.135355 10.6465 3.18175
1.38471 3.6312 3.15864
19.5075 14.7098 2.62452
5.3317 7.78618 3.84606
13.1396 0.686495 3.18646
0.858426 4.75503 3.28959
12.4794 0.741944 3.23399
2.25238 7.2502 3.04158
6.06837 13.205 2.82197
8.24367 13.051 3.00488
11.4368 18.1305 3.87985
16.6317 3.41714 3.6941
10.4908 7.19194 3.65552
10.3292 6.60596 3.12876
17.6903 15.6371 3.02225
0.446444 10.2032 3.59428
13.4287 0.991022 3.05345
12.6945 19.6076 3.94372
9.95866 3.278 3.59219
12.8849 13.0209 3.03167
19.4767 17.637 2.67543
0.355558 0.780786 3.53232
19.4367 13.6566 3.24928
14.6602 16.9765 3.26936
13.1966 2.41563 3.43126
6.91717 17.2259 2.22777
12.0982 5.43169 3.40927
5.22185 5.10244 2.42303
14.0451 0.70787 3.29517
3.55708 15.218 2.72194
11.2891 4.94985 3.46005
0.652678 11.0127 3.18257
19.8863 2.98038 3.40675
1.46968 12.7991 3.28365
12.8566 15.5751 3.86757
2.48098 16.0826 3.12934
19.6474 19.7517 3.26951
19.1273 1.40655 3.72792
17.2744 1.3488 4.12351
5.60364 7.41804 3.98944
18.7748 18.2451 2.76188
19.7825 0.0981432 3.16931
3.60741 4.6383 3.85741
0.23511 10.0142 3.55904
17.1708 11.3255 3.26299
11.4839 18.7932 4.18711
0.165414 18.5304 2.22484
9.29525 4.44033 3.3885
10.2181 3.67255 3.78041
12.409 0.686013 3.30787
8.89679 3.93903 3.55598
19.5658 10.1771 3.06693
12.6465 7.13532 3.61755
0.750043 2.14136 3.52839
18.522 19.4534 3.14689
19.6633 19.9011 3.11973
0.361548 2.93608 3.54474
13.6247 18.1452 3.24842
0.814965 12.9484 2.94287
19.2831 0.0763397 3.29042
12.7133 1.28126 3.68953
16.1046 2.69659 3.61592
0.405742 18.3011 2.53873
0.00592513 12.9531 3.40462
0.593544 18.8688 2.64648
17.9948 15.5779 3.12569
11.2123 3.53154 3.46601
5.99353 8.30654 4.03235
17.0777 1.41724 4.03704
0.345276 0.288807 3.18744
0.753199 18.1142 2.76707
13.3992 0.667723 2.92592
12.4733 7.50286 3.61783
7.83121 11.9292 3.15998
9.05634 3.77827 3.67898
12.8114 13.9827 3.34572
5.27081 6.24266 2.00623
11.1851 18.6497 3.8887
12.0153 17.9246 3.60541
10.8073 5.93234 3.32471
13.5597 12.4565 2.93981
1.03079 13.2419 2.64735
12.7293 6.34164 3.86447
12.5321 7.42223 3.58827
14.861 17.0073 2.97692
6.30389 4.99224 2.44129
17.9365 19.9262 2.88053
12.446 9.75541 3.13253
1.19807 11.1105 2.9774
12.1763 7.75663 3.60928
19.9143 15.499 2.9741
9.78278 5.95149 3.7656
12.8043 7.34242 3.73614
19.0592 0.728493 3.32547
19.6688 1.21828 3.65344
17.3477 6.31605 3.0379
1.44443 19.2109 2.79583
0.335868 9.86042 3.39246
15.026 10.0416 2.70741
0.938607 16.7155 2.68635
6.18662 7.96627 3.69958
7.0133 6.86214 4.15222
14.1764 17.3829 2.71807
2.07745 6.47062 3.03912
1.12488 13.4078 3.09266
18.2773 13.0124 3.57587
0.292828 3.41472 3.58064
7.8937 9.35338 3.31431
6.32962 9.68615 3.52655
12.6203 0.0158329 3.40074
11.6286 9.02024 3.0676
10.3938 11.8751 2.96143
13.367 15.9551 3.83251
12.6969 15.7382 4.00769
18.883 9.77387 3.13013
10.1095 3.47933 3.43468
19.6733 0.355543 3.16962
7.08575 7.98833 3.7166
0.916478 18.4082 3.1372
8.29696 8.73644 3.53806
18.4299 9.3867 3.95197
19.4171 3.43807 3.41903
17.6815 5.95807 2.9612
15.8089 6.23931 2.92939
19.5262 0.868599 3.3651
12.8586 0.00637676 3.35874
12.9529 0.722028 2.97952
19.8655 10.7996 3.24648
10.7207 2.26615 3.30925
10.8473 10.772 3.3676
1.67075 19.0165 3.64132
10.6926 6.66024 3.46382
2.66197 17.2168 3.86004
16.7223 4.1349 3.12578
18.8525 4.16035 3.64371
8.07018 5.19111 3.3722
14.5849 18.2413 3.94671
17.2205 3.03709 3.77203
19.8293 3.74536 3.20945
7.33824 8.79123 2.99276
17.9252 3.11946 3.9825
13.515 10.1895 2.8482
10.1317 16.357 3.35743
12.6627 10.3674 2.39808
8.08438 17.1664 3.59778
11.0759 3.43171 3.1534
4.09958 14.6745 4.05264
16.5507 15.3661 2.59092
3.69021 19.5572 3.57251
4.48401 12.1309 3.40833
3.95622 18.9291 3.67383
10.458 17.4745 3.25819
10.908 6.27763 3.56341
8.12601 14.6578 2.77964
14.8357 2.21781 3.80551
7.3467 6.26249 3.01961
10.8627 13.4282 3.01954
3.44755 3.33165 3.23823
0.0441749 13.3846 3.31637
11.7231 3.77262 3.26597
11.0398 7.43645 3.50855
15.7997 5.90964 3.18504
1.91074 17.4629 3.87771
10.8336 10.0752 3.48707
10.4821 9.33927 3.56142
8.07261 0.601359 3.33846
10.0994 8.2865 3.32513
2.85257 17.2034 3.95669
9.09361 14.9431 2.48687
13.6946 6.90959 3.94113
8.09294 17.5007 3.67531
18.2644 7.36853 3.48989
1.35389 0.613285 3.45066
8.96293 15.9554 3.40396
16.2325 7.47023 2.83395
4.91101 13.8655 3.88299
0.763991 5.12642 3.37572
17.8781 3.26751 3.97669
3.96368 2.69306 3.14354
12.1717 18.0067 2.68574
3.94759 12.278 3.79637
4.66659 13.725 4.0065
10.3571 2.85912 2.91515
11.0147 8.7413 3.22328
15.6672 3.87144 4.27125
7.78331 17.2808 3.98722
13.4986 18.5828 2.63355
11.7202 13.9588 3.12709
10.4521 15.912 3.16995
9.80777 19.1046 3.2553
10.9779 7.24378 3.2844
3.29984 3.62815 3.32066
11.118 17.0963 3.35687
0.43224 2.93907 3.32917
19.6051 3.47406 3.75129
17.4166 12.0353 3.31519
3.96878 15.8175 3.57673
9.70941 0.608382 3.16876
19.466 3.47876 3.31048
3.89774 15.7829 3.97367
5.27536 3.65337 3.84126
6.52188 12.5736 3.10653
3.87416 10.6532 3.66047
18.1812 12.1175 3.29755
10.9057 15.6432 3.71442
8.88463 16.5135 3.554
9.7746 19.3582 3.0312
6.66765 2.59575 3.15213
2.60016 19.0742 3.58824
12.953 10.2543 2.51702
12.7918 9.00175 3.07612
8.23363 17.2793 3.67701
0.195713 3.36401 3.16338
7.17383 12.484 3.24423
9.07807 14.5013 2.36465
14.1737 6.91421 3.7156
18.0587 1.25602 3.65105
4.5976 11.31 3.59832
9.76263 7.06651 3.45822
7.65361 16.0454 4.00198
18.3239 2.04642 4.02425
9.13336 15.8959 3.52975
9.72384 15.7109 3.46094
6.64286 13.6317 3.45758
4.99289 10.7472 3.60304
10.2075 18.2275 3.74298
17.6073 11.9606 3.2811
9.01852 18.7776 2.7979
18.2475 4.85896 3.72173
4.56334 15.9803 3.95351
8.23222 17.3011 3.77151
11.7928 18.4002 3.11309
8.46793 14.6011 2.26116
10.5675 6.74211 3.37665
10.0689 18.9882 3.56079
3.99489 16.2909 3.70833
10.4346 6.27334 3.81556
18.0261 6.87157 2.91564
10.1445 6.55903 3.03729
11.1784 18.1629 3.58434
8.71778 19.1829 3.05829
2.97941 0.661952 3.64991
11.3303 3.94395 3.27087
17.9881 11.5798 2.71368
11.6548 8.62413 3.31173
6.56849 8.46287 3.03879
3.44812 13.6556 3.74899
9.75554 19.4025 3.21588
3.37104 12.0181 3.82371
13.681 0.693484 2.8704
12.4386 1.8307 2.71501
18.3174 12.4023 3.61246
11.2118 18.9464 3.2267
7.02565 8.19896 2.78511
5.14238 3.28275 3.37176
3.32256 3.30634 3.01747
7.30401 9.19217 2.88758
9.58924 17.371 3.28558
12.6535 8.40594 3.12898
19.3629 3.84328 3.78382
4.60961 16.8958 3.98704
1.7832 0.0762229 3.40877
17.4781 5.17339 2.98791
9.68973 19.0357 3.18785
10.2995 7.70846 3.27772
12.4326 5.91044 2.41147
4.9108 17.3084 3.6175
4.42818 10.5011 3.65193
12.0926 15.7236 2.56842
9.92272 6.77542 3.88243
12.8195 9.29388 2.97981
7.02752 13.5082 3.1313
4.56869 8.99277 3.3256
4.35506 3.16487 3.69494
2.20611 17.4825 3.80739
3.1382 4.67874 4.01701
2.12152 16.2132 3.80375
3.07965 14.2207 3.48635
3.92043 10.3433 3.39521
5.96039 13.9273 4.00019
4.93788 10.8563 3.47626
9.84813 18.7551 3.33519
12.768 18.0974 2.92778
12.0878 17.4257 2.84913
2.98101 17.9859 3.49078
2.57104 19.7346 3.43676
17.735 17.7153 4.38084
18.5438 12.7922 3.22793
11.3747 18.4114 3.11158
15.2723 2.77024 3.69589
4.40646 14.0671 3.80389
15.8284 19.7571 4.46204
7.94506 6.11752 3.25819
17.7974 3.042 3.98981
8.11454 1.49193 3.06836
17.8113 7.03874 3.34451
5.49751 16.6066 4.105
11.5167 6.27458 3.27478
4.80504 17.2858 3.77433
9.46295 19.7853 2.96956
10.5453 11.9719 3.03472
11.5089 3.91078 3.21177
9.78059 15.763 3.07707
16.2025 5.42609 3.24128
3.70092 17.7671 3.33937
10.9858 4.07199 2.98751
2.9021 19.548 3.45174
12.513 7.88534 3.31825
16.6414 14.694 2.73239
0.0240098 16.2925 3.62004
3.97736 11.8262 4.13844
7.39749 0.603977 3.34486
1.62649 2.87089 3.92318
1.08023 3.29524 3.59255
7.96993 15.2093 3.47943
11.0385 7.65974 3.34671
4.10387 19.3075 3.98075
3.49296 16.0846 3.82052
1.50488 18.5658 3.65228
3.53372 11.2989 3.73413
9.95343 18.7701 3.66859
10.9709 17.6925 3.54969
10.1214 15.5438 3.30059
6.10785 13.142 3.81929
3.97663 19.6606 3.88454
18.1564 17.2701 4.06207
2.45735 4.03654 2.99599
15.7282 6.79309 2.55502
5.0322 16.9984 3.73455
15.1443 18.3545 3.84958
2.91548 19.8886 3.76641
10.9097 9.82011 3.65645
10.1716 2.13276 2.85291
11.9315 14.289 3.17594
4.35458 10.4337 3.51896
14.1294 17.8922 3.27917
9.77429 18.9685 3.4967
9.33841 19.9513 3.29424
8.58073 16.7742 3.52909
16.8318 2.93346 3.7017
9.20099 17.9978 3.17082
10.127 18.7379 3.21531
15.7104 19.1922 3.42126
10.7548 7.50073 3.0111
8.25933 9.79055 4.43768
3.06091 14.1573 3.54782
10.689 17.9218 3.35822
1.15128 19.2749 3.40948
1.68856 18.6692 3.29551
2.68634 19.7701 3.10205
1.86337 17.3036 4.04707
10.0873 8.01569 3.31979
3.84895 2.87066 3.48405
11.4572 18.8081 3.23798
9.14865 16.9416 3.30981
9.92228 18.7347 3.13941
11.2537 19.5797 3.19512
4.98337 14.1695 3.96577
12.2357 17.7672 2.89402
9.40565 19.2955 3.36947
3.24163 19.2533 3.67453
7.39658 18.2894 3.48269
10.6625 17.6027 3.0552
11.572 17.1642 2.81782
10.981 17.7543 2.96833
8.32115 14.6594 3.37402
2.54175 18.8268 3.82856
16.9741 4.88471 2.9147
8.95231 16.0297 3.41289
10.5438 19.0352 3.4409
10.879 18.7065 3.03356
3.92388 18.5054 3.72472
3.8268 3.2043 3.24458
17.9423 12.027 3.19656
2.1045 16.9043 3.93856
3.47094 11.4796 3.85446
15.8203 7.38421 2.73936
2.11409 16.6542 3.62513
2.9788 14.5736 3.39895
2.36923 0.951292 3.44705
4.43936 10.3246 3.96937
12.2156 17.2688 3.01142
3.69455 2.84572 3.34645
3.45206 4.07731 3.05168
5.31833 16.0404 4.01117
18.1871 2.34571 4.02341
9.02453 16.0435 3.53423
5.26323 3.52825 3.70138
11.4517 9.75911 3.37922
3.4233 3.60241 3.13093
10.1454 15.7713 3.33724
0.0908282 4.09615 3.13813
3.49846 4.17951 3.3851
9.22419 19.7808 3.25076
10.063 0.431598 3.27451
7.75324 8.38037 2.78878
11.9146 17.8562 2.78326
10.5928 8.12973 3.30254
5.8456 8.73697 3.79996
11.1621 17.2541 3.48381
17.1172 4.11963 3.23711
19.2989 0.931356 4.19041
4.71943 16.0414 3.99177
12.4172 8.62734 3.1185
13.3307 18.9901 2.79544
8.55607 14.2978 2.81232
10.8602 0.655543 3.77906
18.4914 7.15193 3.11704
18.0721 4.55376 3.77147
3.45702 16.3745 3.70942
4.15863 3.88164 3.48373
0.662605 11.0832 2.69254
5.40425 10.6202 3.30406
4.6155 10.1332 3.41123
9.45964 7.2413 3.49762
2.37745 17.4297 4.01223
10.0043 18.4212 3.37922
17.6632 5.21925 3.57197
11.1751 18.0238 3.16048
19.2854 4.82757 3.99353
10.9615 3.90874 2.99018
10.163 6.29979 2.85878
8.28234 8.45868 2.86456
6.09735 7.55233 3.1395
9.7634 19.4562 3.17909
3.88362 16.0569 3.86293
3.27716 19.3216 3.50459
10.128 11.48 2.71226
0.992173 2.89862 3.26871
1.60409 8.90659 3.17495
12.3108 16.5599 3.8825
1.17796 4.07513 3.54555
15.7419 10.3174 4.33993
7.03815 5.4683 2.74764
10.1728 19.7425 3.41809
18.4437 4.0536 2.95529
6.2075 14.3329 2.90375
10.9968 15.6032 4.26402
10.9106 19.7262 3.96514
17.9485 9.192 3.62238
11.8824 15.4115 3.86155
5.89468 16.4118 2.09969
1.10862 12.7166 3.49075
5.21477 16.1552 2.02768
19.4279 12.5288 3.34875
1.38539 4.0257 3.42175
16.1237 9.00587 3.61382
7.30102 18.7207 2.912
14.532 16.0147 3.05473
16.724 6.19198 3.97429
14.7557 15.7423 3.45973
1.01412 14.5373 3.26574
1.17767 4.76181 3.79194
18.3934 13.7776 3.26494
6.02307 17.7667 3.42475
17.7667 8.30639 2.67983
1.47236 11.7214 3.50953
13.6355 3.81439 2.76321
10.4754 15.3674 2.4463
2.02436 2.50994 3.78841
1.6113 5.06339 3.92281
6.25404 6.51222 2.79438
13.0248 13.6795 3.37284
1.62477 6.40965 3.44522
1.28696 5.97946 3.55582
18.3745 1.77733 2.79395
0.977809 5.27302 3.70452
15.3211 10.852 3.98338
0.309079 11.3166 3.46482
8.52074 19.465 4.38904
18.7682 14.3932 3.18514
8.70632 5.72211 3.00569
12.0829 17.7663 3.92461
19.4642 13.4333 4.03047
8.12404 12.2521 3.16419
16.6308 9.08046 3.44975
11.1451 5.63153 2.81618
11.9449 15.6588 3.95289
14.1656 2.02224 3.14062
3.00882 1.35651 2.56915
16.7106 5.57629 4.21353
16.8793 7.85517 3.81084
0.501354 2.12289 2.74496
1.29409 6.90282 3.27597
8.00225 18.8542 3.25798
18.9424 12.9866 3.87878
4.76193 3.21528 2.73303
2.28635 13.013 3.31402
0.97241 13.4508 3.71043
0.470545 16.1773 3.71979
1.30795 5.87438 3.53187
13.5106 2.0802 3.45182
1.82839 13.756 3.23497
11.3083 19.1728 3.37096
11.3524 18.1017 4.04313
7.64767 12.3678 3.03771
16.5788 9.46238 3.65923
0.0901422 1.88832 2.75339
11.3691 17.9278 3.86395
16.1193 9.67495 3.66978
15.8527 2.81797 3.3016
17.2109 9.41702 3.65594
15.0722 6.16248 3.43829
8.39708 11.1163 3.44119
1.62608 12.7354 3.45765
19.6519 12.8464 3.47153
19.9056 19.2897 3.30356
17 2.878 3.53917
12.8619 17.8254 3.3253
4.92058 15.6976 2.19941
3.30951 9.77285 2.46449
19.9487 12.1111 3.16737
11.248 19.6243 3.84948
18.1366 9.03601 3.82856
0.00922119 12.3182 3.50584
5.44897 2.7878 3.52986
12.2602 13.4689 3.806
16.5996 5.78921 3.83431
0.254718 4.56446 3.03022
18.3909 12.9882 3.50377
12.4573 14.0842 4.24986
19.9867 12.2649 3.39568
0.316959 12.6339 3.43673
17.738 9.35382 3.47262
16.3919 5.97654 3.51114
0.661445 15.8201 3.73307
7.90551 12.3278 3.04834
19.2174 17.5715 2.94174
9.78318 0.0958051 3.39601
17.006 9.55488 3.89774
19.5817 12.4503 3.4391
1.95595 18.0493 3.35165
19.5339 12.3213 3.16422
1.07522 4.06331 3.50098
0.617727 16.1392 3.56673
16.3887 10.0159 4.06414
0.914162 3.71373 3.4784
8.28411 5.36295 3.24888
0.582995 4.12723 3.43275
1.74839 15.2739 3.73516
18.9211 18.4347 3.08909
13.474 17.9494 3.39353
1.58708 4.54214 3.69249
8.13074 11.2978 3.00905
2.2753 5.89138 3.68784
17.0034 9.31573 3.49536
17.1522 6.36562 3.79302
0.43344 16.282 3.45293
15.2566 6.54008 3.81026
6.38271 5.23226 3.35065
3.31667 4.41708 3.54737
8.58924 11.4633 3.39996
1.73864 16.0878 3.55515
17.3937 9.21816 3.10846
15.8242 5.20792 3.05856
13.6104 4.45057 2.81609
18.0132 8.86272 3.22424
0.0142281 15.4495 3.39493
2.99834 6.24836 3.68529
10.7422 19.0554 3.67037
15.7293 12.5869 3.93186
11.9521 18.8984 3.29835
7.65925 5.58714 3.37052
0.248274 16.1909 3.42488
0.846453 5.27644 3.54807
2.82863 6.21531 3.68774
15.8123 13.8971 3.85242
16.0014 5.42302 3.7824
2.81423 15.6015 3.30755
0.381188 4.49343 3.04423
3.1728 10.198 2.75173
18.3286 8.99522 3.52889
15.6068 5.1082 3.3491
15.0608 0.72877 3.42186
13.575 13.1646 3.26238
13.623 3.80771 2.68635
15.0787 9.46722 4.10407
16.3803 8.014 3.50311
15.3443 5.37809 3.64974
17.3932 9.16947 3.58742
16.5385 6.22117 3.83648
0.332584 16.2309 3.37802
3.85485 1.85619 3.27102
2.67288 15.9454 3.50734
14.033 15.3772 3.88632
12.8385 18.1417 3.53132
9.07108 16.0397 3.16238
8.8161 12.1218 3.02593
2.14683 15.2191 3.40966
6.85218 18.4344 2.90745
16.6573 8.27308 3.44303
7.68459 17.452 3.37317
18.5222 8.46536 2.69614
11.3619 15.9729 4.48262
18.5936 3.61016 3.11731
8.04823 6.80449 2.45308
17.4661 11.4315 4.41727
1.88942 4.46792 3.6899
15.3305 14.6986 3.46813
19.6561 18.6097 3.18226
1.04822 10.9596 2.95619
1.62876 3.97335 3.468
0.212186 13.4377 3.49161
6.56468 5.62397 3.06553
15.2905 13.16 4.24835
1.36012 3.57333 3.73123
13.1612 17.8353 3.20873
3.31429 9.06906 2.54096
7.50633 18.1693 2.9206
11.1812 13.2386 2.94596
16.7081 5.11039 3.52657
18.0054 3.33932 3.10185
13.771 18.3418 3.34031
13.8716 18.4136 3.19728
18.8693 12.1106 3.7057
1.60887 5.15752 3.45
15.1044 15.9724 3.24902
16.614 9.16076 3.63385
12.1351 16.3513 3.96357
14.9789 6.43387 3.77377
0.369522 16.6451 3.47868
2.01382 13.5534 3.23294
0.679022 12.7889 3.23676
17.4314 8.39979 3.72567
14.981 16.0381 3.12275
9.53454 13.0176 3.41683
12.8059 2.08355 3.55226
8.19052 11.8316 3.22674
15.7427 13.7148 3.60866
10.4594 10.2497 4.02689
13.2236 18.5828 3.22228
1.77755 6.0512 3.44345
0.464745 2.51211 3.00952
2.4212 12.6628 3.2204
15.5997 5.81829 3.90427
5.40972 15.4151 2.85899
0.203102 16.6556 3.53269
19.6342 1.94985 2.92249
19.6578 12.7179 3.15649
8.34659 18.5636 2.97852
19.9294 15.1284 3.73732
0.424299 16.8645 3.60247
6.83394 17.3566 2.89529
1.35661 4.80988 3.56332
19.1217 7.32069 2.99968
14.7765 9.37132 4.27443
1.36525 14.7064 3.47772
11.9944 16.2429 4.06363
12.3911 15.8032 3.89113
13.102 17.8385 3.24403
13.1389 13.441 3.34509
0.52163 5.71975 3.3107
14.4126 0.429277 3.52141
2.1446 15.7431 3.12876
19.4632 15.1123 3.37589
0.403451 16.6062 3.26826
1.64128 17.4607 3.05289
16.9696 9.37601 3.33536
2.44446 18.8811 3.29973
19.8814 16.9732 3.30451
13.4475 18.2937 3.4386
18.3236 15.6994 3.67461
1.14594 15.3816 3.48519
2.16358 14.9117 3.67043
1.49439 15.5348 3.58246
18.8596 12.3896 3.80647
12.8212 17.7911 3.30303
7.07632 4.6609 3.0048
19.5881 12.9806 3.72856
1.04758 16.3596 3.4501
1.69144 15.3064 3.25906
14.7051 15.0911 3.09863
14.0817 4.56723 2.82041
8.08927 12.0722 2.99082
13.8126 11.9117 3.35186
15.3939 5.80792 3.79302
7.87357 12.0534 3.01546
13.0812 13.1572 3.19296
14.6297 9.86477 4.19412
13.077 17.7209 3.2073
15.9277 5.44275 3.64629
2.62122 15.8111 3.71986
14.0511 1.23502 3.73655
13.6203 4.44513 2.9562
18.3601 9.13881 3.79625
12.1342 14.5416 4.00646
19.6923 12.82 3.5249
15.5268 2.91217 3.33365
2.07475 6.60315 3.37828
13.5892 2.25977 3.13859
0.92852 12.248 3.80775
11.0518 0.46046 4.03952
13.7349 4.24011 2.74292
19.3177 19.113 3.02616
0.201396 0.0141782 3.12772
18.2177 9.15783 3.71092
2.63267 15.0948 3.70317
1.549 5.28415 3.73415
16.8799 5.2086 3.72167
1.77951 14.3917 3.75242
7.21615 4.30881 2.91259
12.7446 13.6028 4.00595
17.4275 9.42113 3.64906
2.79136 10.3535 2.65769
4.1337 2.46752 3.20843
19.41 11.9066 3.14574
1.42489 17.993 3.3191
8.83205 5.09856 3.41449
9.50308 19.8058 3.19559
16.4184 9.54047 3.34268
14.3795 3.4229 2.93975
12.6081 13.4649 4.13998
16.9576 6.12355 3.9417
15.7274 5.89433 3.65883
0.603923 2.90885 3.35849
13.7257 13.2163 2.89895
0.603513 15.6329 3.75408
7.95545 3.97899 3.35894
1.88518 14.7382 3.71913
10.5885 0.375805 3.99552
1.33778 3.42729 3.70194
0.354491 5.17497 3.31673
18.5475 6.94821 2.92078
16.6278 4.84379 3.72474
0.291784 16.5873 3.54585
16.5149 9.63512 3.37741
13.5747 17.6092 3.14294
0.945929 8.55594 3.71131
