0 0.0189317
0.1 0.0241164
0.2 0.0289256
0.3 0.0388318
0.4 0.0525725
0.5 0.0638395
0.6 0.0728646
0.7 0.0767995
0.8 0.0755419
0.9 0.0920604
1 0.0961124
1.1 0.116967
1.2 0.130557
1.3 0.125512
1.4 0.135655
1.5 0.143521
1.6 0.161602
1.7 0.184996
1.8 0.208823
1.9 0.232383
2 0.245717
2.1 0.250889
2.2 0.268744
2.3 0.282087
2.4 0.298529
2.5 0.316994
2.6 0.329385
2.7 0.339205
2.8 0.343602
2.9 0.356473
3 0.361292
3.1 0.37777
3.2 0.385872
3.3 0.396151
3.4 0.404205
3.5 0.401821
3.6 0.405888
3.7 0.421555
3.8 0.440394
3.9 0.459191
4 0.470315
4.1 0.470314
4.2 0.486359
4.3 0.506802
4.4 0.504475
4.5 0.50013
4.6 0.495021
4.7 0.506926
4.8 0.50957
4.9 0.520366
5 0.542145
5.1 0.544302
5.2 0.549832
5.3 0.556569
5.4 0.569107
5.5 0.575933
5.6 0.596873
5.7 0.6121
5.8 0.627021
5.9 0.642246
6 0.653258
6.1 0.671278
6.2 0.686174
6.3 0.691558
6.4 0.703527
6.5 0.721527
6.6 0.730437
6.7 0.741947
6.8 0.756774
6.9 0.765792
7 0.773325
7.1 0.781651
7.2 0.784338
7.3 0.785233
7.4 0.789168
7.5 0.795186
7.6 0.803899
7.7 0.813835
7.8 0.818671
7.9 0.820036
8 0.827398
8.1 0.832913
8.2 0.839174
8.3 0.844125
8.4 0.853335
8.5 0.857016
8.6 0.859344
8.7 0.860553
8.8 0.866323
8.9 0.871343
9 0.877327
9.1 0.879098
9.2 0.882021
9.3 0.889053
9.4 0.893198
9.5 0.898017
9.6 0.89837
9.7 0.901651
9.8 0.90416
9.9 0.907067
10 0.910249
10.1 0.915432
10.2 0.919071
10.3 0.918747
10.4 0.918878
10.5 0.91799
10.6 0.918521
10.7 0.921153
10.8 0.925337
10.9 0.928986
11 0.931242
11.1 0.934667
11.2 0.936611
11.3 0.939407
11.4 0.940814
11.5 0.943606
11.6 0.943414
11.7 0.945483
11.8 0.94983
11.9 0.951578
12 0.952743
12.1 0.951036
12.2 0.95171
12.3 0.95173
12.4 0.949991
12.5 0.950426
12.6 0.950513
12.7 0.949921
12.8 0.94849
12.9 0.949848
13 0.9483
13.1 0.948831
13.2 0.948472
13.3 0.944427
13.4 0.94559
13.5 0.947352
13.6 0.946893
13.7 0.943953
13.8 0.944153
13.9 0.942491
14 0.942765
14.1 0.941565
14.2 0.941584
14.3 0.941205
14.4 0.94274
14.5 0.942604
14.6 0.942768
14.7 0.943256
14.8 0.944408
14.9 0.945979
15 0.943613
15.1 0.945375
15.2 0.948695
15.3 0.94803
15.4 0.947979
15.5 0.947504
15.6 0.950065
15.7 0.950886
15.8 0.951375
15.9 0.950117
16 0.948659
16.1 0.948746
16.2 0.950548
16.3 0.950643
16.4 0.950918
16.5 0.948427
16.6 0.949294
16.7 0.9489
16.8 0.949223
16.9 0.945906
17 0.946052
17.1 0.94849
17.2 0.947853
17.3 0.950001
17.4 0.949642
17.5 0.948238
17.6 0.945064
17.7 0.944799
17.8 0.94178
17.9 0.943547
18 0.94372
18.1 0.941007
18.2 0.939798
18.3 0.941168
18.4 0.93785
18.5 0.936798
18.6 0.939321
18.7 0.9383
18.8 0.9357
18.9 0.936871
19 0.935256
19.1 0.933191
19.2 0.931848
19.3 0.934071
19.4 0.934775
19.5 0.934101
19.6 0.936705
19.7 0.939481
19.8 0.940674
19.9 0.941153
20 0.942252
20.1 0.940648
20.2 0.942132
20.3 0.940642
20.4 0.940421
20.5 0.9399
20.6 0.938684
20.7 0.936695
20.8 0.934347
20.9 0.93236
21 0.929988
21.1 0.932068
21.2 0.934679
21.3 0.928547
21.4 0.929416
21.5 0.928747
21.6 0.93001
21.7 0.930015
21.8 0.928966
21.9 0.927005
22 0.930223
22.1 0.930606
22.2 0.927786
22.3 0.931655
22.4 0.931056
22.5 0.932807
22.6 0.92929
22.7 0.93045
22.8 0.92753
22.9 0.927623
23 0.92703
23.1 0.926407
23.2 0.922678
23.3 0.923506
23.4 0.928484
23.5 0.928381
23.6 0.927295
23.7 0.927648
23.8 0.926514
23.9 0.930174
24 0.927706
24.1 0.929771
24.2 0.929554
24.3 0.929954
24.4 0.932483
24.5 0.929417
24.6 0.928286
24.7 0.928223
24.8 0.927908
24.9 0.927517
25 0.931985
25.1 0.929425
25.2 0.930109
25.3 0.932509
25.4 0.933058
25.5 0.932688
25.6 0.932301
25.7 0.933088
25.8 0.931249
25.9 0.932911
26 0.930954
26.1 0.934051
26.2 0.929459
26.3 0.92741
26.4 0.927544
26.5 0.931781
26.6 0.931883
26.7 0.932618
26.8 0.932238
26.9 0.935029
27 0.934004
27.1 0.933084
27.2 0.93238
27.3 0.932903
27.4 0.933161
27.5 0.937254
27.6 0.937027
27.7 0.935708
27.8 0.933829
27.9 0.934213
28 0.933979
28.1 0.934129
28.2 0.933522
28.3 0.930992
28.4 0.932933
28.5 0.929745
28.6 0.926892
28.7 0.924228
28.8 0.923272
28.9 0.923311
29 0.925592
29.1 0.924826
29.2 0.927167
29.3 0.925992
29.4 0.929005
29.5 0.927048
29.6 0.926078
29.7 0.924215
29.8 0.921312
29.9 0.919766
30 0.923239
30.1 0.919914
30.2 0.922413
30.3 0.921845
30.4 0.918428
30.5 0.91768
30.6 0.916071
30.7 0.915722
30.8 0.916026
30.9 0.91785
31 0.9178
31.1 0.918595
31.2 0.917367
31.3 0.91645
31.4 0.916265
31.5 0.918086
31.6 0.912414
31.7 0.912387
31.8 0.911368
31.9 0.91042
32 0.913062
32.1 0.911638
32.2 0.907956
32.3 0.909242
32.4 0.91209
32.5 0.911824
32.6 0.916825
32.7 0.919281
32.8 0.919403
32.9 0.922463
33 0.92434
33.1 0.924094
33.2 0.9276
33.3 0.927941
33.4 0.927081
33.5 0.927647
33.6 0.926163
33.7 0.925292
33.8 0.922936
33.9 0.922316
34 0.926773
34.1 0.926704
34.2 0.924104
34.3 0.927887
34.4 0.929257
34.5 0.931991
34.6 0.933502
34.7 0.933211
34.8 0.929448
34.9 0.930094
35 0.932497
35.1 0.932566
35.2 0.93237
35.3 0.933234
35.4 0.930633
35.5 0.932442
35.6 0.935003
35.7 0.937535
35.8 0.937469
35.9 0.937669
36 0.936588
36.1 0.93871
36.2 0.940146
36.3 0.93467
36.4 0.936567
36.5 0.937256
36.6 0.937107
36.7 0.936173
36.8 0.937166
36.9 0.935088
37 0.931583
37.1 0.930398
37.2 0.931179
37.3 0.930911
37.4 0.934271
37.5 0.934232
37.6 0.936622
37.7 0.936354
37.8 0.936002
37.9 0.936468
38 0.937858
38.1 0.936997
38.2 0.936021
38.3 0.934885
38.4 0.932759
38.5 0.93494
38.6 0.933784
38.7 0.932743
38.8 0.93119
38.9 0.931883
39 0.93244
39.1 0.931015
39.2 0.931437
39.3 0.933114
39.4 0.935811
39.5 0.934942
39.6 0.934331
39.7 0.93401
39.8 0.93311
39.9 0.934582
40 0.934239
40.1 0.930902
40.2 0.931624
40.3 0.933449
40.4 0.930818
40.5 0.930034
40.6 0.931044
40.7 0.929035
40.8 0.927851
40.9 0.926895
41 0.924749
41.1 0.927669
41.2 0.929849
41.3 0.931103
41.4 0.93321
41.5 0.930752
41.6 0.930567
41.7 0.927575
41.8 0.931036
41.9 0.928813
42 0.928638
42.1 0.929672
42.2 0.93306
42.3 0.930009
42.4 0.931681
42.5 0.932861
42.6 0.931103
42.7 0.93226
42.8 0.937845
42.9 0.941296
43 0.941467
43.1 0.94015
43.2 0.941193
43.3 0.940621
43.4 0.938854
43.5 0.940802
43.6 0.943084
43.7 0.941085
43.8 0.944831
43.9 0.943609
44 0.943571
44.1 0.944499
44.2 0.942063
44.3 0.942026
44.4 0.941924
44.5 0.939543
44.6 0.937976
44.7 0.938401
44.8 0.937287
44.9 0.939469
45 0.936226
45.1 0.934053
45.2 0.934148
45.3 0.933239
45.4 0.928185
45.5 0.927632
45.6 0.927046
45.7 0.926181
45.8 0.927473
45.9 0.923513
46 0.926029
46.1 0.925413
46.2 0.925634
46.3 0.927472
46.4 0.930921
46.5 0.930113
46.6 0.926933
46.7 0.927517
46.8 0.92959
46.9 0.930273
47 0.927924
47.1 0.928519
47.2 0.930085
47.3 0.929993
47.4 0.928073
47.5 0.929548
47.6 0.930496
47.7 0.929498
47.8 0.929523
47.9 0.927249
48 0.929531
48.1 0.929211
48.2 0.929377
48.3 0.929292
48.4 0.92672
48.5 0.926311
48.6 0.927236
48.7 0.929492
48.8 0.929836
48.9 0.927557
49 0.927129
49.1 0.927461
49.2 0.933572
49.3 0.933621
49.4 0.935431
49.5 0.934791
49.6 0.933986
49.7 0.934908
49.8 0.937854
49.9 0.939052
50 0.940572
50.1 0.941115
50.2 0.943164
50.3 0.945243
50.4 0.94915
50.5 0.948596
50.6 0.947643
50.7 0.947419
50.8 0.948625
50.9 0.948913
51 0.947445
51.1 0.949003
51.2 0.949083
51.3 0.949512
51.4 0.950877
51.5 0.95174
51.6 0.951272
51.7 0.949776
51.8 0.949856
51.9 0.94798
52 0.946757
52.1 0.945335
52.2 0.946576
52.3 0.947044
52.4 0.947489
52.5 0.948143
52.6 0.946598
52.7 0.946139
52.8 0.943569
52.9 0.943585
53 0.94538
53.1 0.943667
53.2 0.94507
53.3 0.945905
53.4 0.945791
53.5 0.943994
53.6 0.944674
53.7 0.946393
53.8 0.946961
53.9 0.947058
54 0.946051
54.1 0.943966
54.2 0.941034
54.3 0.939073
54.4 0.936378
54.5 0.937517
54.6 0.936836
54.7 0.936558
54.8 0.937683
54.9 0.938511
55 0.935663
55.1 0.933
55.2 0.92905
55.3 0.928741
55.4 0.928066
55.5 0.927931
55.6 0.927983
55.7 0.927467
55.8 0.928453
55.9 0.925482
56 0.928881
56.1 0.927301
56.2 0.929196
56.3 0.929227
56.4 0.933136
56.5 0.934127
56.6 0.93312
56.7 0.936094
56.8 0.932857
56.9 0.9334
57 0.932748
57.1 0.930343
57.2 0.93471
57.3 0.934036
57.4 0.932931
57.5 0.929745
57.6 0.930073
57.7 0.929587
57.8 0.92992
57.9 0.928854
58 0.929656
58.1 0.928988
58.2 0.927691
58.3 0.925564
58.4 0.928341
58.5 0.924684
58.6 0.926348
58.7 0.926302
58.8 0.927576
58.9 0.925752
59 0.92771
59.1 0.92911
59.2 0.933075
59.3 0.932092
59.4 0.930628
59.5 0.929966
59.6 0.931723
59.7 0.931223
59.8 0.929342
59.9 0.928556
60 0.92684
60.1 0.92735
60.2 0.927856
60.3 0.929011
60.4 0.929282
60.5 0.931877
60.6 0.929484
60.7 0.930145
60.8 0.930415
60.9 0.929513
61 0.930728
61.1 0.93078
61.2 0.932984
61.3 0.933211
61.4 0.928304
61.5 0.928328
61.6 0.930954
61.7 0.931148
61.8 0.929486
61.9 0.926637
62 0.926743
62.1 0.928783
62.2 0.926855
62.3 0.926661
62.4 0.923556
62.5 0.922521
62.6 0.921293
62.7 0.919447
62.8 0.919684
62.9 0.917977
63 0.917152
63.1 0.913337
63.2 0.915583
63.3 0.91384
63.4 0.915138
63.5 0.916546
63.6 0.914353
63.7 0.918046
63.8 0.915339
63.9 0.918314
64 0.91839
64.1 0.918284
64.2 0.920949
64.3 0.918424
64.4 0.916482
64.5 0.917244
64.6 0.921183
64.7 0.920382
64.8 0.921688
64.9 0.923154
65 0.922003
65.1 0.91972
65.2 0.920307
65.3 0.921109
65.4 0.920805
65.5 0.919213
65.6 0.918197
65.7 0.920895
65.8 0.919611
65.9 0.919979
66 0.919082
66.1 0.92226
66.2 0.919835
66.3 0.918919
66.4 0.921363
66.5 0.919926
66.6 0.921647
66.7 0.921903
66.8 0.923337
66.9 0.923239
67 0.926603
67.1 0.92467
67.2 0.922347
67.3 0.924495
67.4 0.926578
67.5 0.925237
67.6 0.924479
67.7 0.926582
67.8 0.92462
67.9 0.92472
68 0.924444
68.1 0.922183
68.2 0.92118
68.3 0.921395
68.4 0.924178
68.5 0.926256
68.6 0.926537
68.7 0.924023
68.8 0.924958
68.9 0.924266
69 0.923636
69.1 0.925956
69.2 0.926234
69.3 0.925374
69.4 0.921428
69.5 0.920801
69.6 0.921564
69.7 0.921716
69.8 0.921348
69.9 0.918938
70 0.917354
70.1 0.921822
70.2 0.922698
70.3 0.923682
70.4 0.925802
70.5 0.927609
70.6 0.926019
70.7 0.927758
70.8 0.930915
70.9 0.93255
71 0.934538
71.1 0.935703
71.2 0.94019
71.3 0.940898
71.4 0.939951
71.5 0.940981
71.6 0.94101
71.7 0.937894
71.8 0.934253
71.9 0.934959
72 0.933223
72.1 0.931351
72.2 0.926875
72.3 0.926554
72.4 0.928578
72.5 0.927804
72.6 0.927411
72.7 0.923572
72.8 0.923986
72.9 0.924277
73 0.923185
73.1 0.9241
73.2 0.92362
73.3 0.923918
73.4 0.924242
73.5 0.921393
73.6 0.917405
73.7 0.917963
73.8 0.918689
73.9 0.919787
74 0.91857
74.1 0.919853
74.2 0.923197
74.3 0.921979
74.4 0.925054
74.5 0.926873
74.6 0.927319
74.7 0.927254
74.8 0.926382
74.9 0.926684
75 0.928326
75.1 0.926355
75.2 0.926896
75.3 0.92641
75.4 0.928719
75.5 0.927137
75.6 0.927778
75.7 0.928756
75.8 0.928464
75.9 0.930408
76 0.928624
76.1 0.929485
76.2 0.93094
76.3 0.932078
76.4 0.932811
76.5 0.931386
76.6 0.933968
76.7 0.93351
76.8 0.932672
76.9 0.931426
77 0.928899
77.1 0.927687
77.2 0.926739
77.3 0.925438
77.4 0.924894
77.5 0.92793
77.6 0.928389
77.7 0.931816
77.8 0.930146
77.9 0.932
78 0.932847
78.1 0.930377
78.2 0.930164
78.3 0.927304
78.4 0.927295
78.5 0.926812
78.6 0.927974
78.7 0.925952
78.8 0.92865
78.9 0.932633
79 0.931883
79.1 0.930228
79.2 0.929242
79.3 0.929348
79.4 0.927644
79.5 0.931082
79.6 0.930234
79.7 0.926309
79.8 0.922477
79.9 0.922955
80 0.923122
80.1 0.926379
80.2 0.927186
80.3 0.929263
80.4 0.924612
80.5 0.92646
80.6 0.923111
80.7 0.924084
80.8 0.925983
80.9 0.924366
81 0.92421
81.1 0.924591
81.2 0.923008
81.3 0.927591
81.4 0.923316
81.5 0.926707
81.6 0.923092
81.7 0.92589
81.8 0.926839
81.9 0.928802
82 0.92779
82.1 0.92781
82.2 0.929557
82.3 0.928891
82.4 0.931336
82.5 0.928779
82.6 0.92707
82.7 0.930322
82.8 0.93248
82.9 0.932808
83 0.934508
83.1 0.936882
83.2 0.936679
83.3 0.936679
83.4 0.935562
83.5 0.934689
83.6 0.935495
83.7 0.936819
83.8 0.935148
83.9 0.933906
84 0.936683
84.1 0.936421
84.2 0.935665
84.3 0.931953
84.4 0.931517
84.5 0.931403
84.6 0.930093
84.7 0.930124
84.8 0.93201
84.9 0.928169
85 0.926031
85.1 0.926322
85.2 0.924539
85.3 0.92329
85.4 0.919153
85.5 0.919949
85.6 0.919616
85.7 0.918333
85.8 0.916438
85.9 0.918924
86 0.916793
86.1 0.916016
86.2 0.920443
86.3 0.922287
86.4 0.919362
86.5 0.924689
86.6 0.925861
86.7 0.930235
86.8 0.929233
86.9 0.928785
87 0.931464
87.1 0.933459
87.2 0.93269
87.3 0.933084
87.4 0.933987
87.5 0.935778
87.6 0.937135
87.7 0.937186
87.8 0.935503
87.9 0.936787
88 0.938002
88.1 0.93936
88.2 0.938183
88.3 0.937117
88.4 0.938183
88.5 0.934949
88.6 0.93423
88.7 0.931451
88.8 0.931998
88.9 0.929754
89 0.928951
89.1 0.930572
89.2 0.926931
89.3 0.925297
89.4 0.924917
89.5 0.925499
89.6 0.922547
89.7 0.920713
89.8 0.918898
89.9 0.919948
90 0.922262
90.1 0.924403
90.2 0.923022
90.3 0.925038
90.4 0.923693
90.5 0.926259
90.6 0.930828
90.7 0.929819
90.8 0.931226
90.9 0.927898
91 0.928732
91.1 0.927039
91.2 0.92724
91.3 0.928189
91.4 0.927295
91.5 0.927475
91.6 0.925651
91.7 0.924813
91.8 0.926594
91.9 0.926411
92 0.927427
92.1 0.92752
92.2 0.927831
92.3 0.927494
92.4 0.930588
92.5 0.936531
92.6 0.932471
92.7 0.932622
92.8 0.932432
92.9 0.936419
93 0.933784
93.1 0.928737
93.2 0.927964
93.3 0.928694
93.4 0.930856
93.5 0.930008
93.6 0.931591
93.7 0.931198
93.8 0.933263
93.9 0.936091
94 0.935358
94.1 0.934276
94.2 0.935223
94.3 0.935221
94.4 0.934927
94.5 0.933209
94.6 0.937896
94.7 0.937451
94.8 0.938554
94.9 0.938052
95 0.938051
95.1 0.93873
95.2 0.939595
95.3 0.938433
95.4 0.939367
95.5 0.939452
95.6 0.939462
95.7 0.940982
95.8 0.940428
95.9 0.941322
96 0.943196
96.1 0.93965
96.2 0.938875
96.3 0.939432
96.4 0.937949
96.5 0.938113
96.6 0.936455
96.7 0.935237
96.8 0.933442
96.9 0.936718
97 0.936335
97.1 0.939713
97.2 0.940739
97.3 0.939635
97.4 0.939003
97.5 0.936549
97.6 0.937455
97.7 0.935677
97.8 0.935443
97.9 0.934707
98 0.9364
98.1 0.933874
98.2 0.931509
98.3 0.930962
98.4 0.931978
98.5 0.930757
98.6 0.932181
98.7 0.929996
98.8 0.927471
98.9 0.930584
99 0.929081
99.1 0.930475
99.2 0.928801
99.3 0.928621
99.4 0.930182
99.5 0.930526
99.6 0.930952
99.7 0.931631
99.8 0.931389
99.9 0.933828
