15.1572 18.7358 4.16004
10.046 12.3881 1.75654
11.4818 9.0278 6.13927
3.84475 5.45249 5.38945
1.57689 6.39412 0.744916
19.9777 11.5252 0.954085
3.80329 4.65353 5.7284
11.0598 7.45151 4.0147
5.84723 16.3491 5.91845
2.58087 19.5424 4.03429
18.8219 13.2624 2.29562
0.327146 17.2359 3.0781
18.2281 0.738396 1.17284
8.23717 10.4633 3.36912
6.1365 5.91729 2.65016
9.04099 11.2711 1.81538
18.7852 6.1112 4.27553
6.5547 6.78684 2.00087
13.9952 6.33018 2.94547
13.1024 4.4571 6.14611
6.6498 14.9132 3.87651
3.73112 17.0259 4.48989
1.93228 15.934 4.26959
13.2099 13.9884 0.649742
17.4688 10.7841 2.7221
1.36527 15.5553 0.798973
3.15336 10.6009 1.18049
2.19837 2.0376 3.36127
9.164 12.5147 1.44525
0.889195 4.88489 0.627848
15.1243 2.40311 4.1283
2.83889 3.62264 0.992419
19.2029 1.97529 3.29333
5.11293 18.3459 0.48512
7.07342 17.6934 6.02908
2.24439 18.2403 2.69639
3.30464 15.5818 6.03769
7.9159 17.508 0.451857
1.48798 16.1658 4.5326
18.0952 9.60158 1.12594
14.144 12.2251 0.693981
11.1738 0.459772 2.90221
18.5645 16.6426 0.15022
19.9291 2.97902 3.30352
11.5065 3.22704 1.8557
14.9262 13.1027 5.41395
1.13201 6.75162 0.788685
4.2209 7.61029 4.67185
10.3248 19.6406 2.78215
6.71341 7.10727 0.784768
17.0787 17.4375 2.10443
3.71981 17.3562 3.15317
3.79324 4.53899 0.690497
11.8468 10.8075 5.10684
10.2585 19.5121 4.06902
19.0023 4.64453 1.20383
19.9898 1.1599 2.4573
1.11333 9.71487 3.31291
9.16983 5.60577 0.505592
14.3555 12.836 0.663599
3.50616 9.90346 3.95653
15.3786 1.2332 0.255614
15.1668 13.7953 5.94801
6.3055 0.842567 0.252643
10.985 15.998 2.51848
5.94498 0.454599 4.84767
14.0609 11.2698 3.39406
5.99883 4.31976 5.85952
0.10182 1.43014 5.65857
17.4224 5.90033 2.02378
16.4735 5.03416 4.35859
3.08395 17.8813 3.06089
11.6045 7.87437 2.43555
14.1267 2.19723 0.384617
9.83338 3.61112 1.20717
1.59619 0.0626779 0.843186
7.48055 11.5813 2.19696
19.5687 2.49378 2.11861
14.7639 13.1445 2.92416
13.0362 5.37497 4.45005
12.1086 0.936311 1.69205
3.07421 17.5542 4.28602
1.00411 17.848 4.37841
8.90828 14.9585 0.113098
7.59202 14.8263 4.59389
18.8065 8.02895 6.24429
3.01754 8.53502 4.66428
1.56788 3.81279 0.542479
4.75005 10.772 1.04504
19.513 5.33083 3.49529
10.2098 12.5028 4.92761
10.6924 4.25956 3.10831
19.4332 18.0943 6.23917
15.063 8.36363 3.53663
11.0958 14.7501 4.39906
1.28316 16.7644 2.56584
7.04587 19.7777 3.05986
6.66364 17.0105 5.64588
13.3097 18.5884 1.76707
8.49186 7.3935 1.05984
7.87151 4.97727 1.73677
17.5221 3.89625 6.11225
18.6571 1.62632 6.03894
5.74912 15.0809 2.87233
11.2393 0.900543 3.91437
0.971709 3.07958 1.22954
13.118 9.76667 3.39789
0.356946 8.19818 1.76252
11.5851 0.949013 2.63963
13.9286 0.984553 4.5821
3.55583 9.77544 4.88375
5.96927 13.8939 2.10084
11.3262 7.32966 6.27602
11.6616 13.6586 2.79685
4.17577 11.0347 1.62437
13.7327 6.37552 5.33546
6.38102 6.02891 2.28004
10.7417 8.12345 3.1938
16.059 0.54057 1.01881
10.1518 11.5248 5.72558
9.54368 11.7094 0.741523
12.387 12.5521 3.67038
14.7159 17.2322 2.40391
2.79802 17.0394 0.393451
2.37341 3.58907 0.416752
17.3884 10.7754 4.36575
17.2476 15.203 3.65917
13.2237 13.5193 5.94873
4.54867 0.795791 0.207665
18.3822 3.91789 2.30757
14.2411 12.2269 4.08877
15.925 12.203 1.21374
2.05073 0.428304 2.28113
2.13267 7.54932 3.34625
3.66376 8.54516 3.57574
9.58498 16.9064 4.91516
6.812 11.0258 1.35398
8.97711 15.5479 6.19854
4.20587 18.4264 6.24732
5.31483 8.16609 2.23262
15.3157 9.57016 5.34131
12.2609 12.5297 5.01247
16.4269 5.92145 4.58923
10.163 5.68548 1.94312
9.49966 4.30535 3.23038
0.430733 7.89486 1.40891
1.19098 10.5634 5.37883
3.9159 14.3257 5.71524
1.42813 19.7581 4.49658
3.09231 17.1555 5.81029
12.1599 12.8791 1.46886
2.68387 11.5635 0.0618263
17.953 16.5347 3.89189
15.7022 9.22915 0.0655456
15.3603 17.2114 4.91883
19.4933 4.80659 2.52055
0.548405 15.6394 2.61061
4.61291 8.46861 3.75734
7.52853 6.46984 2.69623
6.74715 7.64957 0.200269
5.45628 15.2563 5.0057
6.05962 8.32767 1.45436
12.0054 8.71243 3.87566
12.161 17.7329 2.79516
10.8729 19.2653 1.89918
0.563133 1.02598 5.14377
16.6787 17.7916 3.71042
13.5696 9.76052 0.981175
11.2427 12.7514 2.22466
3.55589 11.8728 6.12261
13.713 13.6107 3.81167
16.946 13.9542 4.63739
9.13076 7.49761 3.58484
14.3601 17.1543 2.87723
19.0726 8.42734 4.27851
16.7373 8.82301 1.04224
4.07651 13.485 4.0063
6.37339 14.93 5.21715
6.396 12.4187 0.327768
5.51527 18.4905 1.84736
9.96406 8.35408 0.986042
16.5702 1.21184 0.130571
12.1278 14.2454 0.934421
0.279263 7.55448 2.57744
2.74634 19.3442 3.3336
3.52314 12.4109 5.1546
11.6126 18.1773 1.51546
12.2408 12.1364 1.70127
2.86743 17.4514 4.38502
1.44029 5.35268 5.59207
2.52334 13.875 1.11912
14.413 2.64581 4.96578
3.04039 17.4253 0.579373
13.5835 9.26553 5.42203
0.401046 4.72658 2.76505
19.0528 17.5072 5.31057
19.6466 6.59968 2.89126
19.832 17.8846 1.73851
11.3982 5.87488 3.90702
6.96727 11.8945 5.77112
8.05298 9.68246 2.23454
10.939 7.54106 3.60519
10.7123 6.22541 4.52439
19.2184 2.09792 3.35061
10.5002 7.58107 5.01546
14.0888 0.140666 0.774254
17.2534 13.3108 4.80168
8.10281 11.0311 1.37588
12.9925 11.0593 5.08424
1.60956 15.8087 0.603644
2.36181 10.5542 2.46065
1.25375 3.65014 6.09215
17.4285 3.3761 3.36575
3.95151 15.2099 3.10938
19.2604 17.5412 1.47462
10.4606 15.9119 0.906207
3.61989 10.099 2.8374
7.5578 18.9036 0.202285
8.27278 1.69975 5.22001
11.1484 13.3971 1.12426
16.9743 0.226248 3.27859
2.8873 0.639768 0.364229
14.4657 18.7885 4.74931
2.63053 3.39078 1.22923
17.2622 10.6663 0.127611
17.6075 14.6934 3.85702
19.5565 16.5043 5.50114
15.7599 9.9981 0.992684
12.7017 5.87434 3.27352
8.63468 13.1511 1.5475
1.54545 0.949034 5.05115
16.0575 10.2086 2.81554
19.1861 3.76205 0.411033
17.3266 17.9368 2.46706
14.6284 8.25847 0.816711
4.196 9.3915 4.772
12.7296 3.73634 5.84366
14.4623 7.52718 0.43552
2.18783 5.86783 2.05064
14.7119 14.4336 1.00964
17.0181 3.29839 2.69669
15.3812 10.8803 4.57276
13.5557 5.71752 4.59761
11.274 7.35711 5.35666
1.55503 17.9928 3.87284
3.36761 7.13719 5.74954
11.6466 8.11266 5.10396
17.5125 6.68676 3.13421
1.89703 19.1526 4.65454
7.91717 4.9834 1.62547
6.19065 0.936887 0.709202
16.2184 12.8233 2.83164
2.79166 18.5713 5.76645
3.45998 19.6373 1.8131
15.9678 13.5351 2.00955
9.25006 10.2288 5.28881
19.6511 7.66048 3.4247
3.03244 5.2221 6.08455
2.16407 5.59546 4.91821
12.3645 8.83374 5.242
2.33369 19.7537 5.46972
11.6788 12.4197 1.1966
18.4391 11.8005 4.89766
15.5694 16.1611 2.04248
7.42224 12.5682 4.60984
1.83912 6.18947 5.23404
14.4797 4.88176 2.13446
12.3641 0.30495 0.646426
9.76414 0.00524176 4.74675
19.7965 4.62245 4.32661
6.37744 18.6128 2.19585
0.445991 6.23412 2.42128
5.84142 8.27786 5.71238
16.7259 0.2924 1.0958
1.76996 8.34682 2.84715
0.499065 2.68055 1.89889
15.4874 17.8334 6.15106
8.30699 19.7304 6.22758
13.8022 2.37576 4.56304
13.753 14.0631 0.918213
5.98512 19.0946 0.556062
7.95531 11.8432 6.19787
5.49233 17.6571 3.42336
8.75302 17.2821 0.921552
2.81979 5.58137 2.8861
7.05301 9.32525 0.605851
1.21184 9.6518 4.89972
1.46704 8.75186 2.84227
2.32421 13.0916 5.25931
3.13563 6.43574 4.85977
4.34729 3.37835 4.1394
18.3162 16.0851 3.01252
18.388 14.463 4.2992
4.93788 13.0181 5.18266
15.6796 10.5028 3.67973
7.224 5.51822 4.15681
16.9032 15.5778 5.85829
7.77305 2.72132 0.800554
15.9308 5.61273 6.02448
18.5448 6.36265 5.55145
12.5465 10.2929 4.88298
10.493 0.781946 3.44929
10.6833 0.243611 3.62332
10.2108 19.4539 4.69987
3.67153 0.277813 4.74199
17.6916 0.667416 2.75771
10.9335 19.2998 4.45982
8.55023 18.6598 5.16704
13.7194 17.1911 0.623461
19.0697 10.5708 4.56812
10.3895 12.0571 4.32784
12.1454 17.2082 4.44071
15.0496 0.214978 4.78799
1.52368 8.19523 5.26536
18.1347 3.06247 3.64926
7.96255 19.2728 3.51514
16.8954 17.3529 4.50811
4.81248 16.0875 1.60428
12.2167 17.9105 4.43189
18.1084 19.2668 4.68684
4.41859 7.0623 4.78968
4.44985 7.3868 4.02575
18.2203 7.02467 4.0219
10.4285 19.8294 3.62603
11.067 9.87734 4.84748
7.94569 11.1124 5.22255
6.51431 19.3444 0.632811
13.8169 19.3281 3.67614
9.86958 2.06466 0.952404
7.27674 12.0834 1.17574
1.35647 17.3114 5.83842
5.35824 18.4547 4.23743
11.3406 19.3187 4.37509
9.75845 5.85158 1.52208
12.4237 10.3259 4.53271
15.9119 2.77403 1.49405
10.6788 10.0577 4.89174
11.3051 5.19451 2.24018
14.5041 16.5926 2.93426
3.90374 14.8066 5.06518
10.9853 19.0035 3.55084
1.96532 18.732 4.20319
4.6792 10.879 4.07279
13.824 18.5799 4.17152
6.29315 4.29549 4.17641
14.3693 7.21567 3.51522
4.7245 0.824189 4.66016
1.36195 18.2396 4.33515
1.4747 19.7937 3.57083
13.643 6.71474 4.25796
10.4619 19.4563 4.73929
19.8017 9.25025 3.99048
10.3912 9.38196 5.89162
10.2697 1.92151 3.88129
6.87206 11.1124 4.95781
11.7742 6.3501 3.94817
19.2537 9.85942 1.58942
13.3046 4.30842 4.42922
18.599 6.61318 6.07987
11.4931 14.1971 4.44751
3.27838 1.9359 5.3973
0.622714 9.02267 1.40933
14.1383 15.6836 4.19382
15.8919 2.24886 0.677965
5.85965 13.2501 4.79079
8.66112 11.8427 5.62409
5.6307 6.72447 4.08098
11.9349 17.6677 4.53904
3.78187 13.4441 5.5528
12.1001 5.98113 4.10592
13.9708 15.8291 4.33998
19.5019 10.7466 5.42414
3.05698 5.41373 3.82795
2.82985 18.1539 5.58711
3.02562 2.07409 4.51983
10.4485 4.08003 6.17183
5.22627 0.672056 2.02046
11.3052 4.6998 2.42717
9.15532 8.08659 4.37582
8.24427 18.3396 4.27893
19.2424 1.8267 5.0678
0.835923 8.36764 4.70768
16.998 9.37263 3.40989
13.8611 9.55006 5.0293
9.80253 5.86257 5.01686
2.05435 19.0402 4.74586
18.3559 0.286099 3.44628
5.13895 18.1565 4.0637
5.96954 19.9069 1.14151
16.0344 17.3171 4.63972
10.8564 3.17465 4.95938
6.96866 0.0389356 4.71223
3.50519 15.264 4.2027
10.1095 0.838094 4.47711
4.89783 8.97055 4.71629
13.8864 14.1345 4.35093
1.72283 12.6012 4.29113
9.68779 8.17669 4.52405
17.7349 16.5672 4.07513
12.7109 1.87288 4.9274
10.8959 11.137 5.5907
19.3537 15.7176 5.14791
4.31179 15.4264 4.65879
0.238394 8.02241 4.17564
5.58816 13.3371 4.47193
17.8178 18.9126 4.11057
7.2786 2.80867 3.53421
15.8497 14.5327 3.98156
6.44162 17.3556 5.27423
19.1206 13.1065 0.156292
3.09919 0.0925409 4.68975
1.53749 7.291 4.87158
9.37454 19.3961 3.90796
4.25143 19.0186 3.38504
11.6819 11.8647 4.69142
11.7077 17.4919 4.78383
17.482 8.95209 3.33351
11.0141 17.1471 1.8592
1.29324 8.26851 0.399304
15.327 5.70726 4.75816
6.51783 18.8458 2.48488
5.39432 14.4444 4.36032
5.75928 17.848 3.7692
3.8417 10.8246 4.01946
10.5223 2.19683 4.73332
16.1086 1.28046 4.60238
10.9402 10.6407 4.18996
0.286854 8.52352 5.02428
6.21581 13.7369 3.91849
10.8834 1.529 3.89998
11.5315 3.12512 4.85146
19.4996 19.2961 1.73987
2.309 9.62564 0.522419
17.2051 1.17354 4.64546
0.74083 0.00743999 4.85985
8.35935 7.30831 4.84392
11.9149 10.6976 4.63966
17.6883 17.5705 6.28227
8.84181 11.837 4.90025
1.47265 8.40625 5.02833
16.1283 0.589829 4.22366
11.7987 3.7387 5.36356
14.7814 16.5346 4.29233
8.75748 14.7163 0.959592
1.73626 3.26119 4.26047
16.1073 6.43004 4.76594
17.9885 2.18421 4.00049
10.8182 8.25571 4.9447
1.06237 10.1137 4.45557
9.73545 10.1346 4.95106
8.89642 19.5522 3.95461
11.8607 12.3141 4.9377
13.7373 7.99287 3.8403
1.71898 2.81747 4.63177
17.2614 7.71256 4.66153
15.6574 17.5744 4.62505
4.55372 13.57 5.42747
7.21125 0.187838 4.70439
19.6625 3.1572 4.17847
14.5951 7.37647 4.31996
5.45658 5.39246 4.75894
10.5573 15.1377 6.22841
3.62714 4.95473 4.33524
5.47326 14.2636 4.34033
7.39471 12.5567 4.87118
5.60771 13.3146 5.11051
8.17049 18.4453 3.25328
8.953 12.664 4.05212
4.40594 9.61518 4.85955
12.6618 9.15353 0.244005
12.5866 4.16876 4.10602
13.3518 5.12902 3.71355
2.75742 3.53152 4.67898
8.94887 18.9318 4.75803
1.33174 19.5326 4.21151
4.6301 13.566 0.222874
4.11895 4.43696 4.05497
6.92539 5.58038 5.2723
10.654 0.296513 1.51571
8.44838 19.6454 4.61241
17.8956 12.0684 6.13462
3.8357 6.41452 0.729097
0.592287 17.3235 5.51267
13.163 4.21145 4.30571
0.435865 11.3563 5.23809
8.31229 4.352 6.15872
8.44414 5.79574 0.843121
5.23809 14.6736 3.78374
1.3046 8.38035 4.92716
17.2712 18.9762 3.96975
17.2587 16.5472 3.98473
10.9787 14.3211 4.32838
6.19358 10.911 4.73732
15.3211 0.472527 5.11792
15.6079 17.6456 4.29166
1.58912 8.76953 5.35947
16.4187 19.0456 5.10237
7.08076 19.0738 1.41466
12.1735 17.4201 4.46066
16.4231 10.4767 0.41557
7.27454 3.97606 5.20856
8.40625 18.5639 4.65139
5.32855 18.5731 3.94769
11.0399 19.8586 4.07455
8.56731 18.3092 4.13914
2.6507 0.788949 5.49643
12.4385 5.02456 4.59314
12.8944 17.5465 1.71027
7.13118 4.03383 3.25304
3.28641 8.35886 4.72209
14.9064 16.163 2.74484
10.5986 3.43388 5.47748
10.5248 17.0163 4.49532
15.3567 17.2922 4.06178
17.346 6.78563 2.0762
4.1169 19.7186 4.10701
15.4572 7.4096 4.59161
17.2025 18.9949 5.72942
16.7029 18.2656 4.82431
9.26411 1.87642 2.56617
9.11789 15.6425 4.53702
2.41939 7.26363 3.7518
17.2482 10.1856 5.95677
11.6947 4.2899 5.91785
19.8209 19.4511 1.51807
15.3914 5.47363 4.35436
1.54801 8.77616 5.4191
9.87417 12.763 4.01796
7.92011 18.1929 4.61895
13.2749 1.34975 1.66716
6.53411 13.8714 4.31409
8.0264 6.71058 4.26188
0.658019 12.9375 1.00984
8.33585 16.2593 3.43132
16.6202 1.40695 4.4555
2.42715 0.073735 4.49407
17.1555 15.532 4.46231
16.3812 1.88112 3.86323
8.73785 7.16034 5.52514
1.97499 12.8209 4.07945
11.5555 17.9505 4.31498
10.7806 4.12397 4.07343
17.6279 17.1921 4.25824
11.3715 18.5555 3.75468
1.4688 8.8354 4.51604
8.74243 18.9713 4.86395
9.59907 18.8184 4.02029
8.23431 5.75514 3.27202
15.4357 13.8893 3.49122
19.4904 8.4356 2.78607
6.42259 15.9876 3.15441
13.71 16.3381 5.11742
3.14741 10.9704 5.03544
19.1853 3.7447 3.741
12.7215 2.11791 2.36886
9.46327 0.999372 4.2635
17.4791 18.9849 5.31279
10.2508 0.0584612 4.61652
8.65307 18.6589 5.06946
11.4696 19.1463 4.0061
10.1286 14.453 5.31828
18.7389 11.1326 5.72913
4.3772 6.88943 4.1531
17.14 18.0952 4.13336
6.409 3.5387 4.62326
16.7064 18.8649 4.09687
7.85791 8.50802 4.09778
0.607115 19.4316 1.66819
7.43398 11.3577 5.13242
15.7543 16.2758 4.54372
11.5484 3.8491 5.16178
13.6454 2.31923 4.37981
14.9053 11.0437 0.43647
1.56387 8.81375 0.439317
15.3249 4.53229 3.78356
17.1115 8.82867 3.69138
4.70634 16.1979 5.40361
16.5261 4.64259 1.10412
10.7334 15.1497 3.86335
10.2338 18.3285 4.05401
13.8857 16.6429 5.3571
11.0433 19.825 2.64826
16.0707 15.5957 3.64438
10.3507 2.00526 4.42798
15.8342 0.142157 3.97569
3.84782 6.87577 4.5861
16.6034 1.47601 4.57755
13.0506 6.43974 4.22279
9.06353 6.32821 5.03374
8.59567 18.5333 4.82559
17.9367 16.0752 3.66804
15.4344 7.66957 4.43084
14.8903 5.80016 4.19294
2.96928 3.70441 3.76684
6.13881 8.70127 3.90737
2.71665 18.2952 4.60037
16.0161 6.71423 4.1578
11.6718 17.5164 4.234
17.4236 16.6508 4.3989
2.37088 18.7746 4.88481
14.0563 0.927751 5.05208
7.99407 12.3653 5.27734
10.4815 11.1807 5.02153
9.00666 9.99193 4.68818
1.59845 10.8044 4.95887
16.6937 7.72467 0.0504349
9.47561 9.76101 4.53417
7.33284 9.24868 4.54701
17.9501 12.6247 4.67109
16.5884 1.74981 5.49162
9.57563 2.2857 5.10652
12.9172 8.24938 5.49493
14.6749 10.57 4.87528
2.03806 18.8588 4.83529
13.9922 14.5191 4.29748
5.64248 10.5368 4.97637
17.8588 7.65937 4.23001
8.19221 16.5806 4.80333
13.9619 8.45864 4.68515
18.5974 10.7276 3.77794
4.48923 17.4856 4.55812
6.94288 17.9963 5.00346
15.3082 18.3691 4.48218
7.66878 10.5894 5.13304
12.955 0.268507 4.75027
8.28333 1.58502 3.93551
11.3188 13.1183 5.14416
10.3654 10.7696 5.07828
15.3284 2.05387 5.1131
11.7909 8.40871 4.93125
3.22499 8.91542 4.94434
5.54615 8.71061 4.62289
10.5682 9.7898 4.64427
12.7422 12.6806 5.91012
12.8527 0.655847 4.83607
4.04608 2.93154 4.80167
9.93789 0.480036 4.30658
4.68066 3.80745 4.48729
10.3937 9.89793 4.26668
4.90342 5.078 5.17306
8.80117 10.0287 4.59465
19.6557 9.36341 4.17211
4.3163 1.70998 4.72564
11.0963 9.26227 4.40285
6.37236 15.0974 4.33248
14.2404 17.859 4.68923
5.38237 11.3336 4.98598
17.3345 9.38689 4.20898
17.3478 12.6134 5.16532
16.3218 17.6459 5.09751
9.98056 10.3122 4.40007
17.5828 0.143516 4.9688
12.0768 0.328204 4.85209
11.8017 14.937 4.96705
7.89962 2.18054 4.20401
4.83725 19.6204 4.15024
15.645 16.6386 3.34224
11.9089 14.9489 4.517
1.24781 19.5724 4.51206
13.6313 5.11015 5.06031
9.56495 0.91453 4.80413
5.73741 8.29456 4.95927
15.4728 6.06182 4.46827
2.40206 17.9321 5.58802
6.66335 3.6462 4.82932
7.48178 2.35586 3.98255
7.45393 17.3173 4.68207
14.301 8.26534 4.72974
4.82763 3.89626 4.51999
10.7037 16.6256 4.36621
13.0245 6.31166 4.07783
0.192823 1.43419 5.31898
19.922 16.6391 4.95769
3.91761 9.2602 4.14795
2.12347 13.2443 5.01321
14.123 18.3015 4.54287
6.71223 18.7207 5.30678
8.27981 17.9456 4.83487
11.9139 18.7985 4.26216
10.569 9.07444 5.03429
18.2396 12.4669 4.90856
2.27471 18.9638 4.43236
18.0724 19.9423 5.53284
0.616658 3.01553 4.97183
7.63943 16.6203 4.90848
2.42717 9.42335 4.78584
14.9313 12.3742 4.17025
4.95961 8.51482 4.52703
11.4994 13.6088 4.686
16.3672 7.80116 4.56944
10.7776 13.9012 4.51503
8.18027 10.2575 4.84748
1.07857 6.38253 5.70934
11.2027 11.3645 4.20697
5.33031 19.5754 4.74746
12.7252 4.85484 4.71038
5.08639 4.28619 4.61666
4.64345 3.02892 4.78897
16.4197 7.19363 4.20829
14.5683 12.3731 4.52576
15.5729 2.42655 5.32485
1.10891 6.28011 5.04707
5.15025 5.90087 4.34289
19.6449 18.4678 4.42296
6.92206 3.83896 4.91201
16.5414 9.71394 4.60934
6.36079 14.5897 4.83819
14.3245 5.02461 4.88632
7.20834 7.73416 5.00543
6.92644 7.63284 5.25274
2.34188 11.2252 3.98503
4.33702 18.6784 4.58677
9.78911 9.98533 4.687
2.18771 9.67785 4.66925
14.6543 2.67414 5.23811
13.8593 7.93058 4.8824
13.9969 0.119038 4.7289
9.37011 9.4012 5.15796
4.73591 0.107494 4.70449
15.1143 15.9895 4.29114
18.1377 3.47708 2.37189
4.3616 4.63498 4.93056
6.41683 8.53531 4.49955
4.13443 1.07059 4.75132
10.4606 12.4544 4.56496
14.3334 11.6236 4.56609
12.6744 1.20839 4.62783
0.785076 19.0517 4.09076
4.1705 4.44112 4.29023
10.6897 11.9069 4.9189
12.1701 13.5088 4.28464
12.102 4.4972 3.44851
3.94538 1.80367 5.14694
15.8094 11.7409 4.65606
1.0395 10.1891 4.65934
10.0974 17.6942 4.60102
14.6056 1.3738 5.53341
0.335845 9.97087 4.72523
14.5049 5.08913 5.4301
2.58226 18.6959 4.90015
15.0221 11.0662 4.1761
13.1931 14.1041 4.67779
15.2087 7.05068 5.41105
13.9643 10.7789 5.05915
2.03817 13.4961 4.84402
16.4649 17.7595 4.56272
17.252 12.5645 4.58611
12.1781 18.5555 4.22035
2.00263 1.53659 5.59213
13.1667 1.09148 4.64344
10.3212 10.2524 4.89277
13.8944 2.81687 4.55982
15.0994 18.3791 4.75992
1.83136 13.1198 4.61469
17.3208 18.1081 4.78167
16.304 7.90487 4.4387
7.44458 4.56471 4.30963
6.53626 10.4022 4.29881
0.30351 13.7424 4.84001
14.6313 17.5904 4.84034
3.56158 16.9811 3.79732
17.7437 9.66963 5.11369
6.30926 16.0318 4.7492
4.67219 4.49373 4.06117
6.72361 3.23035 4.2168
7.39833 3.89628 4.72438
5.21625 9.71143 4.60658
9.69291 3.25797 4.97644
4.76447 19.9159 4.75894
1.59948 8.76018 5.23206
11.7095 14.5649 4.80004
7.76156 17.3878 4.70586
5.79202 14.2632 5.03337
8.0919 9.17025 4.47562
1.83149 9.96384 4.88429
6.5817 5.31733 4.51946
4.80561 15.9522 3.94963
8.73543 16.0452 4.39
13.1542 7.97445 0.547301
9.72669 10.0767 4.33543
4.64473 6.21955 5.13925
4.5281 0.246043 4.21365
4.15324 8.7455 4.94815
15.1197 15.608 5.08385
1.57824 1.72902 4.84486
13.1832 18.1354 4.44802
7.05327 0.651711 4.22765
4.82789 4.99072 4.90933
1.09917 18.9648 3.82198
17.2541 9.87851 4.65727
17.5471 6.88563 4.76057
11.5459 4.74539 4.77133
7.09088 1.0484 4.66258
16.9746 10.9438 5.36739
14.8746 8.24773 4.42418
2.11587 19.494 5.00564
17.3552 9.50954 5.11107
11.3522 14.8107 4.51521
13.2291 8.14373 5.76139
4.72058 7.93723 5.08701
6.34773 14.7076 4.22156
9.70437 8.8966 4.79871
5.13988 9.22755 4.59776
10.9871 10.583 5.35511
8.9332 8.62493 4.5655
1.74427 12.2898 3.75753
15.0729 15.8379 5.21834
7.69175 5.44134 3.40839
5.93023 14.9278 4.25243
3.45422 18.6761 4.80887
10.8325 8.45915 4.23136
11.2267 14.2277 4.32812
5.39929 9.26683 4.56255
15.4604 7.67583 4.57305
11.7343 5.19425 4.58073
5.08083 10.6277 4.40132
16.1363 17.8481 4.74071
18.1791 9.98491 4.39173
17.7249 9.04596 4.76065
2.42395 19.471 4.65826
12.8375 8.60274 5.51399
4.99095 18.0679 4.81862
15.727 4.03432 3.20648
11.8395 15.2375 4.18736
4.85952 17.586 4.91405
14.4536 15.6946 4.53357
2.42498 19.1093 4.74241
8.24246 3.69085 3.68955
9.51995 8.82893 5.09387
8.08743 2.10186 4.20466
8.14321 4.31929 4.5737
7.90116 17.0288 4.7257
5.85285 0.384633 5.99028
4.81845 8.44579 4.61674
13.511 12.2149 4.57026
2.18428 10.6309 5.46696
1.50251 7.61664 6.13206
14.7139 12.6643 4.15192
8.60487 17.7978 4.61299
3.51282 3.49133 5.51516
10.4018 9.12233 3.54911
7.13315 15.0386 4.69716
18.0842 7.63671 4.40458
10.022 9.52071 4.02976
4.54695 19.5602 5.00033
9.36496 9.42669 4.67451
9.40246 9.1123 5.26234
8.16354 16.5457 4.40409
14.0063 4.9263 5.17174
12.3911 5.26768 4.52086
1.10372 8.74883 4.72749
15.5709 6.84672 5.02656
3.21904 1.58392 5.37094
18.7208 14.15 4.39265
7.55198 18.3363 4.82572
9.73308 11.5869 5.19062
17.9213 9.99675 4.08857
10.9231 10.7013 4.35346
8.97797 8.98055 4.7214
10.1284 9.61907 4.29618
7.59562 6.28347 3.99106
3.74346 3.69786 4.98741
4.50097 17.4505 4.73479
17.3435 8.48426 4.61938
6.92432 14.3092 4.42217
12.9348 11.1608 4.5395
5.48946 19.2896 5.13534
6.82272 3.59559 5.16747
7.00272 2.03636 4.13136
15.4708 6.60365 4.87823
10.9831 14.5898 4.48769
13.7618 12.7335 5.01431
0.844674 8.7466 5.01911
6.19739 1.45645 5.01428
10.2343 17.0835 4.51691
15.5838 19.6427 3.64956
9.80236 8.14742 5.00524
4.62045 1.63501 4.6823
14.6399 7.8635 4.65595
11.0276 8.72999 4.68414
14.6482 7.68098 4.08952
7.81127 11.5787 4.67952
14.8051 6.20046 4.35998
9.94431 12.408 4.62135
17.3143 10.5296 4.88619
4.89661 17.2074 4.73361
14.516 12.0483 4.78801
10.4082 17.5973 4.3
9.90822 16.776 5.13078
7.17699 9.50059 5.23713
15.9394 7.11603 5.00172
15.016 18.0193 4.71337
14.2176 16.1913 4.67458
4.29265 15.1079 5.62869
3.64952 19.2408 4.87285
2.74608 8.53473 4.55723
12.8694 17.7381 3.85892
14.3443 8.24395 4.67506
18.6815 7.09047 4.62605
3.52058 9.40412 4.91991
17.3129 11.7779 4.72301
7.20076 4.92616 4.09296
14.3724 2.22099 5.18202
8.72371 0.369686 4.40691
1.3157 1.17216 5.2591
1.12347 19.412 4.68699
8.70674 0.0518133 4.42734
8.35365 19.5592 4.71664
1.17246 3.34318 4.65416
1.72544 13.881 5.01042
16.2913 15.3317 5.11889
19.4418 0.889304 5.18932
0.000481679 2.61847 4.88119
1.78975 9.0731 4.44828
19.2738 7.4894 5.36118
7.35571 1.31182 4.21327
18.7414 17.9781 5.15061
7.11474 6.81532 5.04512
13.0536 18.7234 4.97028
0.246994 1.84695 5.1518
7.31172 8.28862 5.46928
10.8061 9.08822 4.9678
18.0282 9.12239 5.26603
9.03593 1.24041 4.30925
15.203 10.8169 5.31389
8.13763 12.3578 4.71837
12.7323 3.79736 5.22209
8.5161 1.5552 3.99608
0.77684 13.9229 4.91049
12.1899 19.0471 4.70098
4.32248 19.4462 4.75577
5.65247 18.8773 4.69631
14.3682 1.18275 5.56254
19.4058 5.5281 5.35433
15.0466 11.5739 5.21327
1.08221 13.6884 4.79936
14.3207 12.5554 5.80424
6.30017 14.0971 5.31433
10.1682 0.117472 4.71375
3.75507 15.4483 4.26464
8.36564 0.277892 4.45921
1.32458 0.508723 5.46249
5.44632 12.2632 4.6176
14.3331 0.53606 5.73646
5.22393 5.49898 4.33318
13.3716 8.13658 4.26271
9.93932 3.38911 4.17581
16.1936 19.8334 4.51137
0.750336 3.58213 4.77846
19.4879 8.48075 5.60477
7.50839 1.04091 3.79667
1.8706 12.5647 4.20756
14.9274 11.7984 5.24925
13.7471 5.5526 4.7018
8.42006 13.7184 5.69685
5.86114 10.4559 5.05743
12.8195 8.15593 4.80299
13.2164 5.29529 5.34178
2.95567 10.1851 5.34253
17.4292 17.2828 5.55577
14.7783 12.7 5.51056
5.85433 18.9802 5.06543
17.8161 16.6987 5.41512
3.43586 8.42109 4.20734
5.74446 14.046 4.65727
7.72118 13.2608 5.47289
9.08705 8.08937 4.90393
13.102 18.85 4.34575
2.9321 14.3747 4.30323
11.8511 7.975 5.64378
7.95238 18.4225 4.32183
2.45698 11.9622 4.91821
18.5567 7.47665 5.07105
4.46451 19.4821 4.5422
5.85609 4.33602 5.35333
11.3851 8.89319 4.15261
13.9627 12.79 5.80229
9.83188 8.21629 4.73637
10.9356 10.1265 4.77427
13.9664 0.498949 5.20789
0.478572 2.87206 5.09616
1.9827 9.21006 4.22717
18.8868 11.1772 5.08897
1.78022 13.7133 4.63725
9.88831 7.07968 4.99621
5.00452 0.0691434 5.23026
14.1142 2.76494 5.10447
2.57523 18.9452 4.61671
12.8427 4.52304 5.42482
15.2991 18.1161 4.40769
9.80098 4.12785 4.38174
8.43738 0.727851 3.94883
4.83958 17.7966 4.05582
13.3313 1.96256 4.94649
5.67593 9.9753 4.96273
14.4595 15.4908 4.97475
3.48824 14.8072 4.30204
5.10118 13.2848 5.05748
12.7459 18.3914 4.15108
12.2697 2.8251 4.27239
0.488668 13.8779 4.89987
6.51944 18.2578 4.70079
5.45092 16.7799 4.08698
15.3762 11.685 5.60932
6.96869 14.232 5.02371
18.9062 0.291615 4.71236
6.15969 4.89482 5.11708
18.1578 16.1506 4.85136
8.44732 18.6258 4.26103
10.0975 18.5988 4.97765
0.515278 1.7792 4.52009
6.63689 9.40151 4.862
13.9103 1.29051 5.25679
3.71689 0.465775 5.29887
1.20985 15.8038 0.0675482
16.2657 18.4025 4.36641
13.3744 10.6506 4.30597
13.5146 0.493952 5.24652
5.64898 10.3347 4.70636
13.0725 6.82679 4.63714
3.33665 6.37695 5.74425
5.43213 15.0073 4.45635
5.44169 18.7467 4.66593
4.44042 11.4716 5.66547
11.7922 2.75624 4.60977
14.9393 1.98578 5.0839
14.3558 12.0304 5.15397
19.8945 9.49108 4.60036
3.82556 14.8135 4.14463
8.61224 2.72354 3.79565
12.7758 4.36971 5.30485
15.0972 15.7492 4.99153
6.19329 12.4657 4.78519
15.3233 2.12775 5.47976
1.34539 0.689751 5.31638
9.85395 8.02397 4.71524
17.8782 12.2666 5.40503
0.745629 0.683907 5.59562
0.277204 17.7768 5.1439
4.37301 9.05915 5.10632
14.8465 1.36981 5.44638
18.2443 6.67401 0.0498547
12.7815 18.4477 4.30727
12.5016 1.60273 5.21007
5.15425 4.23368 5.29715
18.4734 8.30402 4.90352
19.7811 3.1604 4.90847
10.8481 8.84855 4.59751
7.83102 13.7158 4.94501
15.0462 11.9337 5.3587
12.3562 0.864359 4.6798
13.1901 14.2111 5.50575
14.7319 9.47184 4.09048
2.09635 3.25346 4.67051
18.9278 8.81309 5.27496
0.448002 0.0912139 5.85265
5.21604 15.2289 4.1821
4.80133 1.13334 3.44504
2.92696 5.12153 5.06295
11.7848 8.46078 4.27338
17.5985 9.64105 4.26883
0.398292 0.652015 5.39165
6.90786 6.37669 4.96991
5.00647 14.8934 4.47665
7.52526 13.963 4.67934
10.0092 14.4828 4.90797
5.96939 0.0820254 5.2723
14.6187 14.9138 5.38501
6.60944 10.2518 4.95529
0.611492 19.6594 3.69234
10.8584 4.89049 4.71416
10.0582 8.04571 4.65193
5.93225 4.554 4.58791
8.56682 19.4243 4.78967
3.63826 0.35521 4.89178
4.34888 15.7449 4.39736
4.97605 6.27286 4.47427
10.0383 6.63792 4.70987
16.9274 0.598842 4.44609
8.17195 0.441277 4.57152
5.02441 17.1773 3.99977
2.39018 10.7848 4.88095
5.47926 19.085 4.87075
13.7627 6.18057 4.71091
19.5122 12.4005 3.84527
11.4366 9.11048 4.68868
7.35141 11.1754 5.38845
3.69609 15.4467 4.46532
19.4349 9.57958 4.79131
0.541608 1.30244 5.79973
14.0606 17.8498 4.40591
5.38556 17.4754 4.24347
7.36356 11.4815 4.48046
16.1183 1.41335 4.13819
13.2936 18.6913 4.68653
2.32396 9.73033 4.70395
17.6611 19.7966 4.69587
10.103 5.23125 4.76501
16.7326 19.6016 4.91799
5.29849 18.6933 4.64073
6.19708 4.9175 4.82278
11.4274 19.3294 4.92861
5.62695 19.6494 4.88407
14.4132 1.74078 5.05353
9.24624 19.1041 4.65037
0.977496 3.34299 4.23274
19.0551 8.16077 5.69981
6.27575 17.6961 4.98081
4.45512 5.5892 3.919
6.09382 9.26135 5.00533
12.0825 19.0268 4.96591
10.7358 4.47736 4.99213
7.01814 19.6168 5.22897
13.8876 18.1869 4.45593
14.348 15.8906 4.96811
7.32224 2.88844 6.0172
18.2349 8.43233 5.54563
16.9594 0.424439 4.48812
1.48787 0.0969672 5.35445
2.97511 10.1584 4.72429
18.3869 0.718862 4.93177
9.12667 9.19618 5.47837
15.138 15.2565 5.12969
13.5554 5.90513 5.03173
7.74472 8.769 5.96246
13.1443 5.96296 4.81998
2.58269 9.324 5.18323
8.23174 14.2581 4.97253
11.4328 19.2764 4.87297
7.68252 13.2207 4.98832
9.44965 14.708 4.50018
9.26964 7.57886 4.90621
9.8916 11.832 5.47222
5.35042 18.5929 4.7824
13.6665 2.37846 4.51197
7.42047 2.59522 5.94164
5.41947 19.8214 4.96519
13.2988 3.15846 4.47575
9.91048 8.10232 4.83563
5.38832 13.9123 4.80813
10.6141 19.8069 4.96019
9.57395 6.55601 6.17634
0.0243382 18.2703 4.74304
13.6753 0.763101 5.6501
6.00502 9.90196 4.69619
11.267 19.8203 4.6994
12.7666 0.0393924 4.62084
10.1958 7.10603 4.73202
18.552 16.1674 5.5008
13.7405 15.6656 4.8774
1.25845 19.6819 4.2823
12.6613 18.13 4.56433
5.44249 12.105 4.7224
2.94314 6.39396 5.68652
10.7871 9.20062 4.82617
11.5835 2.27012 4.82547
16.9198 0.794493 4.61286
14.1421 1.59312 5.26665
10.607 19.321 4.92479
11.573 0.193689 4.92893
9.65416 17.9358 5.48429
1.84987 14.3016 4.39498
8.40382 8.93234 5.62211
0.63301 19.9163 5.75978
6.14441 4.67193 5.09394
14.3211 1.70666 5.15996
5.91907 9.65228 5.24054
9.14222 14.1946 5.30501
8.0253 12.557 5.25744
14.0035 17.3655 4.36563
13.8115 5.45379 4.51095
13.8495 2.97828 4.81232
4.85053 19.9216 5.0448
6.14644 11.6729 5.16999
12.4061 8.17074 4.58811
13.0139 10.8717 3.97727
9.44386 18.46 4.50571
7.62095 12.4799 5.17218
15.1478 18.2874 4.99838
13.6844 19.7538 5.56242
12.2157 18.5786 4.64922
11.3392 2.69728 4.92236
10.1142 18.0354 5.00926
12.8266 3.2083 4.82815
0.694496 1.7821 5.46703
9.04475 8.34855 5.4718
14.0341 2.93594 4.42101
11.4379 8.8294 4.28639
10.0947 6.99333 4.44891
8.61616 0.193097 4.10981
15.582 17.3834 4.81943
14.2225 8.28506 4.66713
12.9036 6.5518 4.81459
9.0081 7.22176 5.04215
6.38524 10.0408 5.38478
4.39763 19.0795 4.37308
11.8917 8.57502 4.17334
13.0311 18.793 4.93235
0.810335 17.7088 4.59187
5.68858 19.8394 5.12067
0.847715 2.6274 5.02381
2.64646 16.2134 4.10776
17.2345 12.7565 4.75951
7.71196 10.6441 4.82006
4.90738 12.5868 4.65997
19.7959 10.0708 4.71594
7.18147 10.3489 4.79321
6.1999 10.1199 4.2523
0.537224 13.6086 4.31196
19.3005 4.57761 4.60455
0.847249 6.97342 5.76562
3.53364 12.0844 4.2697
1.99232 13.0281 4.656
1.82176 19.6264 4.94546
1.7694 18.7518 4.40347
3.8097 12.9758 4.5999
18.441 8.44259 4.3872
9.47632 17.6733 4.49535
15.1689 10.2958 3.90359
2.91601 12.6804 4.51461
6.99241 19.1999 4.59725
6.90284 0.242484 4.01179
3.64616 1.44095 5.5637
8.80773 11.6007 5.05854
13.8009 1.72545 4.82216
6.91434 2.81285 4.51984
17.8142 15.5906 4.63614
5.94758 12.2545 4.76579
1.83583 4.53965 5.46448
9.62629 9.7156 4.60805
3.30789 9.7511 5.14439
4.28925 9.17394 4.98908
18.5601 12.3351 5.10073
3.71031 17.0604 5.26645
0.947271 3.9214 4.96984
1.43776 4.02706 5.28124
16.6067 3.78034 4.36137
8.64044 5.30274 5.58874
11.4799 11.0411 4.39752
18.0884 7.82526 4.39084
4.21389 11.99 4.81122
6.2963 12.5673 4.78518
7.04099 2.67979 4.66199
17.5462 11.712 4.4635
3.55671 15.9933 4.35332
10.4708 18.689 4.71993
2.61738 18.2163 4.37938
16.1113 10.2101 4.45042
0.640407 13.6838 4.48341
3.08009 19.6142 5.05828
5.76255 12.4685 4.98652
1.31949 3.14163 5.0209
0.993642 4.10358 5.45847
14.5842 15.9381 4.55338
11.9017 4.79372 4.78822
10.14 1.56393 5.25892
10.3689 18.861 4.36998
14.3234 15.931 4.75992
5.32414 0.869097 5.28586
16.5318 8.75708 3.73449
15.7385 3.44004 4.78057
7.72293 9.50969 5.26364
17.1712 8.12329 4.2514
2.2172 18.758 4.83769
8.45411 4.83715 5.3254
12.2712 4.65053 4.82143
6.64175 18.6636 3.97546
11.6192 9.28016 4.7916
18.9531 5.49402 3.99256
15.8472 0.384379 0.144417
6.1532 8.87568 4.37564
2.2758 3.09711 5.57955
3.07439 19.2448 5.26784
0.800899 10.3281 4.0838
3.18933 15.2083 4.4771
7.10986 0.052966 4.3525
17.432 4.82475 4.82486
8.6973 18.4914 4.76824
15.0324 1.57656 4.96582
18.3145 12.076 5.0171
3.91972 13.8713 4.46132
3.93924 19.8824 5.24718
1.89952 2.46951 4.86709
0.181161 4.11176 5.00992
11.9163 17.476 4.80647
3.7431 11.0348 3.91728
14.6696 14.2794 3.5043
3.88548 9.21617 5.20617
16.5149 15.5338 5.06597
19.7751 9.96433 4.64499
6.60044 15.803 4.5321
11.641 12.5271 5.0658
18.9839 9.90311 4.30661
7.83591 14.508 3.81662
5.14058 0.360735 4.7154
13.9383 6.13347 4.98332
16.1032 8.6711 3.6779
4.64672 3.79763 4.76033
11.9074 8.6195 4.81469
7.31159 15.6584 3.2492
0.549729 4.05185 4.8489
5.88268 8.56199 4.65612
0.719084 8.53851 3.81802
1.24211 4.0843 5.40542
3.52857 5.40459 4.44882
17.891 10.5846 5.02322
3.66698 15.4978 4.37539
17.7403 7.80033 4.11083
5.88573 9.18533 4.55369
10.9555 8.9992 5.25859
4.81413 13.1133 4.67037
6.16887 0.25848 5.29563
18.0334 12.4749 5.01353
6.77627 11.803 5.17367
3.37446 9.5982 4.49969
16.8001 9.0663 4.09478
10.0481 2.49654 5.29527
11.3976 11.9204 4.71212
6.58937 0.832125 4.8152
13.0409 17.3606 4.17272
5.61706 18.6567 4.15078
4.13153 5.66448 3.97111
3.70095 9.18863 4.88141
6.56846 2.19369 4.40001
12.1081 13.0839 4.71762
18.6591 12.9855 5.14083
15.9453 2.40414 4.42066
1.39491 19.9287 5.2391
17.6286 7.67178 3.93902
7.08267 14.6162 5.31229
14.6197 14.9397 4.19672
14.3369 6.72009 4.8845
8.17652 2.88391 5.15085
18.5501 12.9056 5.01089
4.21623 11.5419 4.89623
6.27238 18.9916 4.30057
0.365048 2.92487 5.13215
7.24737 14.0524 5.17036
4.15566 8.87578 4.88506
5.6755 19.4701 4.83353
18.4413 12.3772 5.13427
2.81201 19.2517 4.86452
12.176 8.70105 5.24881
7.08545 14.7435 3.58334
3.94169 14.7215 4.05498
2.63033 19.5773 4.90708
1.55828 13.5427 4.80415
9.54621 19.1227 4.53195
12.9607 5.44111 4.77322
0.516642 3.83886 5.14014
12.1395 11.3654 4.83526
16.452 5.06144 5.21491
12.257 1.91313 4.74164
0.336106 13.5886 4.501
4.29095 0.778978 4.91416
3.91172 11.5496 4.23061
3.81469 5.99822 3.92026
16.9541 16.5334 4.80946
1.61539 16.0876 3.79224
9.05545 19.1859 4.35325
18.2724 1.04577 5.72973
6.53937 13.1071 5.07223
10.1977 17.3389 5.20811
7.27877 5.69241 5.41845
8.33505 4.69532 5.28667
14.3923 5.98442 5.07852
3.95248 10.9221 3.90765
19.0728 7.07895 5.46642
11.3015 2.00512 5.04846
18.4494 11.3348 4.6728
13.741 15.4977 4.87174
8.62667 18.4089 4.89602
2.7534 15.5933 4.49127
8.33452 9.73492 5.22975
5.81075 11.3131 5.07793
3.95674 6.15783 4.54349
1.01622 17.5475 4.50506
10.8522 16.9898 4.56851
14.7533 11.0621 4.22783
6.37954 10.9775 4.03132
2.7772 8.42619 4.81762
4.76333 2.64654 6.21107
5.49419 9.31541 4.9497
14.5248 16.6824 5.0635
16.6036 3.51607 4.89174
8.93697 19.7074 4.61628
8.08871 1.58038 4.20389
17.5691 8.11721 4.17939
18.2057 0.507647 4.15597
6.97045 14.4174 5.10692
15.2926 8.4099 4.67761
4.27463 8.82016 4.92999
10.4756 2.46784 5.51574
18.5894 12.5386 5.44468
13.8033 9.26785 4.62099
4.25774 0.467022 4.33483
19.7905 10.7668 4.89496
14.3871 16.4132 5.32072
14.9316 10.0996 4.09978
4.31976 9.19627 5.26908
3.82267 15.7124 4.74943
11.271 9.56675 4.95486
3.5792 10.5767 4.18061
17.6029 12.4872 5.26324
6.65385 9.98747 5.08028
16.7189 14.7603 3.67226
6.30038 1.56941 5.74185
7.46782 8.1306 4.84405
16.987 19.1731 3.70476
5.22125 19.5819 4.84137
12.9455 9.22183 4.9025
14.4697 15.8417 5.22315
6.78139 9.95626 4.8216
12.9675 8.49643 4.32805
8.82844 8.39462 4.84205
12.6599 17.0349 4.96122
4.19073 0.623291 4.98779
16.1193 10.8011 4.6847
6.67511 11.9498 5.11006
5.4755 0.819481 4.7266
18.3241 11.2746 5.09821
15.5712 1.92279 4.9062
0.470147 7.12824 5.54579
13.8731 16.2825 4.39289
12.6044 1.57017 5.01669
13.7723 16.815 4.74775
4.70558 0.00543454 4.79887
11.9079 6.19601 5.57425
13.9932 9.88033 5.18073
12.6536 4.74752 5.21853
12.8657 6.06201 4.9952
6.31557 18.5641 4.65501
17.2534 5.51098 6.00055
2.79336 9.32197 4.83041
8.73915 14.232 3.84126
14.0954 16.1074 5.1255
7.91462 10.5514 5.11269
11.5329 13.5728 4.80869
8.43343 18.7965 4.64176
4.40797 4.48494 4.44369
11.9507 10.2292 4.28873
10.2008 17.9305 4.51593
6.12268 11.869 5.13481
17.1487 12.2006 5.06278
12.0955 2.45652 5.36782
13.1564 10.3515 5.10478
10.1775 10.5194 4.7176
10.2597 18.1733 4.19129
2.57685 8.10983 4.56827
13.1098 6.5629 5.47745
19.1272 10.464 4.59047
11.5599 8.47207 5.00434
7.23402 2.56684 4.59839
1.44749 18.0117 4.67561
6.02854 1.05576 4.06031
7.33197 15.4718 3.28738
18.914 11.8112 5.27255
18.5615 12.7527 4.94221
9.68984 9.76764 4.95602
11.4688 10.5293 4.7277
12.6093 8.905 4.82968
18.7397 4.95627 4.27782
9.70604 0.00445958 4.87473
3.41969 11.0319 4.13542
3.16336 15.5577 4.50746
17.8949 12.4947 5.01603
5.3825 19.8893 4.9533
14.0542 6.60741 4.55044
12.5158 4.0513 4.81973
13.8163 7.79387 4.4254
14.6894 15.689 5.03329
12.4241 13.3466 4.43591
3.978 10.5455 4.37899
8.11403 2.15052 4.72066
10.2507 18.7581 4.36184
7.50906 2.94544 4.58671
9.05249 8.84372 4.29255
7.54879 2.97344 4.81652
18.6786 10.0454 4.75412
15.3338 10.5794 4.48338
12.3399 8.82488 4.51834
8.82979 13.7476 4.25428
7.27068 9.23307 4.27254
7.01241 16.4255 2.79717
6.91915 14.7504 5.67316
5.65388 19.4392 4.37181
14.8518 13.7667 3.96326
9.25794 19.35 4.62652
10.055 17.7176 4.53953
6.88894 10.5759 5.05737
14.8353 7.88412 4.62144
15.0303 0.650557 5.92311
10.607 17.2095 5.03815
8.22612 17.7326 4.13062
12.2096 2.72043 5.10353
3.84592 9.40951 5.20416
9.19083 19.2251 4.50837
13.5016 9.03494 4.98656
2.51249 8.23665 4.56411
7.18623 10.5142 4.76626
0.732443 13.0416 5.11671
0.0323976 7.1426 4.59058
15.5209 4.90387 4.27932
11.5618 1.57416 5.00752
3.40951 3.19657 4.61398
17.7294 0.576967 4.98745
7.50401 0.560179 4.49479
6.2706 0.93726 5.10051
0.821246 3.87308 4.43831
18.5376 14.9112 4.689
6.03324 19.2274 5.15943
1.44999 3.07844 4.88969
1.87015 3.45901 4.69478
2.22545 9.93396 4.66082
15.8253 11.3463 3.75143
1.85267 4.37548 5.66583
12.3065 0.95783 4.22453
7.36426 8.25503 4.01385
16.0732 0.833287 4.35191
1.25801 3.42903 4.61228
4.35173 9.92148 5.1115
5.70228 10.4612 4.70285
10.322 14.8013 4.95214
10.082 2.50022 4.55793
15.4418 12.1169 5.19687
7.1901 12.9405 5.21107
0.159631 6.08614 4.94252
11.5278 4.78178 5.67751
9.6204 19.174 5.34247
8.01429 0.224696 4.52686
5.61545 0.363608 4.53122
3.81126 19.5662 4.7337
1.04796 3.01772 4.38836
6.86306 9.09039 4.55698
5.98564 15.4996 5.03489
7.05988 16.4335 5.07469
12.6457 14.9345 4.56546
15.3402 18.9535 5.76956
16.5773 3.03671 5.34538
15.6184 18.3328 4.66221
5.92742 2.38972 5.05103
12.2708 5.1761 5.56202
5.42925 13.2218 3.97767
15.2555 2.17607 4.31599
19.9911 7.01783 4.46768
9.75882 8.88823 4.96583
15.9136 11.9563 3.96627
16.5501 0.585719 5.06459
1.47091 4.25793 5.29107
4.5075 9.94991 4.83337
12.6252 5.60279 5.41532
4.00449 14.2729 5.17077
8.69067 18.3014 5.34101
16.9034 6.40438 4.99095
12.2293 15.3155 4.78286
8.28734 12.2577 4.93555
7.80368 9.48066 4.4134
15.9379 6.28269 4.80711
5.30736 11.2458 4.5072
14.062 0.162957 4.7321
12.0472 14.7664 4.41494
6.22629 0.232607 4.39794
14.0946 19.4428 4.72885
15.9885 12.5686 3.14931
15.488 19.4625 5.85261
12.8159 14.8245 5.03482
5.15332 8.96183 4.56303
10.7016 19.5159 4.56578
1.01269 17.1812 4.44243
1.16328 13.2867 4.92794
4.30339 19.1845 4.60533
7.56293 15.1912 5.70796
2.74638 9.57097 4.57346
19.2121 0.883689 4.70814
19.9302 6.12111 4.78272
5.2171 10.5836 4.4347
18.8189 15.2647 4.95093
6.60368 9.13622 4.7973
0.191114 13.3283 4.67305
3.77917 4.05418 5.53056
3.73931 4.40609 5.04187
2.27276 10.4157 4.45472
7.19809 15.1429 6.06064
4.46693 15.2517 5.32252
16.0982 9.19183 4.57073
2.58635 1.34516 4.44306
7.85721 7.56696 4.2999
5.03812 0.0137293 4.21187
19.4944 6.59161 4.67815
17.4146 0.427879 4.56709
4.4036 6.68926 4.27762
12.5479 3.74428 3.95409
16.4525 0.525737 5.24827
4.06136 5.92803 4.41795
5.17168 10.5848 4.51971
15.6116 17.6386 4.55518
15.4468 0.100132 5.39401
11.9702 18.5559 5.44168
12.0567 19.9202 4.84224
4.76898 6.67411 4.32213
4.87634 15.4541 5.10813
4.55403 18.851 4.79498
4.9281 0.931452 4.98531
6.28218 15.8258 5.19861
4.47123 15.9994 5.39233
17.4124 0.843449 4.62785
5.12016 6.0273 4.89228
12.9689 19.9949 4.95295
4.63639 19.5095 4.17961
12.6391 19.5452 4.63736
5.15744 3.99273 4.30429
5.89693 10.7701 4.48408
1.49343 3.38942 5.04102
12.7956 4.13949 5.35673
4.19901 19.7558 4.87397
12.931 0.589352 4.06303
13.3866 13.5285 5.13645
12.4067 2.73021 4.62484
5.77417 11.1574 4.58282
16.6076 8.29676 5.14712
2.71279 9.43192 4.56077
5.17106 16.609 5.15375
4.8565 19.4024 4.46777
7.72668 12.7231 4.94049
17.0091 5.65169 4.38688
18.9171 3.78196 4.36621
2.9125 17.5724 5.2752
3.25826 10.7991 4.71948
12.4484 19.4949 4.19885
5.65733 5.47768 4.94037
8.21274 7.52075 4.17725
15.8545 17.891 4.68811
16.0632 0.318014 5.56937
1.47363 3.71788 4.67004
7.64491 2.52274 5.48452
5.40707 9.43407 4.75165
19.8826 13.4183 5.09185
5.42672 4.55417 4.6005
5.3129 19.2483 4.87327
5.54018 9.76171 4.71402
0.388902 3.09018 4.63763
5.46823 10.1038 4.31816
11.1159 19.1785 4.95551
2.2486 6.5565 3.87625
1.89302 5.919 5.2026
4.36009 9.91396 5.14249
0.0230939 3.96657 3.81261
8.49392 9.53233 4.10867
15.8089 16.4407 4.6631
4.37999 14.7428 5.03601
12.9036 1.61559 4.3693
15.8572 16.2869 3.83806
11.8635 12.5367 4.65853
1.5676 4.00513 4.88188
4.33104 10.9607 4.67357
2.3706 2.04133 5.22004
0.472977 16.8423 4.37627
17.9964 7.02148 4.93527
13.7826 10.5478 3.90686
11.7128 10.1391 5.7922
1.402 12.4927 4.1971
12.6126 5.60259 5.69464
15.5198 10.4582 0.04896
11.2512 17.0874 5.02557
10.6716 15.4574 5.32615
15.5681 17.37 4.08807
1.90055 1.51106 4.69053
8.00004 7.3613 6.23375
9.02213 12.5547 4.37621
2.35147 2.77314 5.07086
8.54488 7.50417 4.13169
9.04562 8.56933 4.48857
19.478 6.41791 4.59361
11.558 0.789879 4.29089
8.21593 2.35662 5.31774
1.9644 16.93 4.53538
17.8714 8.3839 3.91741
16.3044 9.17291 4.47934
14.2367 1.5759 4.25309
4.47878 1.5238 4.73874
4.36218 18.865 5.17214
9.06564 15.7803 4.36724
5.39044 19.6817 4.39561
17.4845 9.29535 4.12741
13.1123 14.6417 4.7589
5.72553 10.8003 4.6381
7.21698 11.9509 4.49607
13.0916 19.7066 4.69213
14.2291 11.9009 4.86254
4.95391 5.18323 4.57759
10.9003 19.7792 4.1536
4.84582 19.036 4.99213
10.9468 13.1153 4.68536
18.685 3.08251 4.3458
15.7831 19.7946 4.90422
3.80082 10.7756 4.65808
19.0224 1.06445 4.69266
18.273 7.35609 4.97701
16.4391 0.784694 4.78814
5.54953 0.207126 4.70581
1.9344 6.00299 4.25546
10.842 19.9333 4.12861
4.21988 0.945354 5.01065
17.891 3.29847 4.1412
6.70506 0.220529 4.78762
14.7316 6.75396 4.22756
8.36596 12.3066 4.95064
8.19424 18.3958 5.41853
15.265 12.0104 5.08998
5.55843 9.74392 4.80769
13.4739 19.8156 4.1904
16.5587 6.28765 4.68508
7.2712 0.178875 4.68157
11.5315 18.7612 4.96709
8.80632 18.7794 5.05366
16.0432 7.95741 4.83508
3.34705 11.0098 4.56348
16.7468 1.50633 4.78797
5.71382 2.56172 4.48833
5.82213 11.0339 4.56976
17.669 2.53628 3.96772
18.8987 12.968 4.31854
4.06655 18.9898 4.7031
15.4367 7.21502 4.36459
14.792 12.1213 4.60439
16.9722 7.99458 4.42563
3.98569 10.2058 5.02127
16.0888 18.0192 4.22891
13.8434 0.194674 5.00694
12.7939 15.0981 4.49732
15.7575 17.021 4.98323
3.22969 9.33546 4.31327
0.718972 17.1629 4.75127
4.49466 19.7054 4.57164
5.19767 5.3348 4.74466
15.7998 6.38362 4.82612
10.0975 0.988248 5.03574
12.6667 4.00924 4.84756
9.61536 9.04935 4.72582
5.51992 16.1471 5.5437
11.0345 0.542265 4.6534
9.1711 8.4163 4.43616
12.744 4.63467 5.76677
15.3523 2.59782 4.55199
12.056 12.8845 4.32554
13.3956 0.744166 4.24644
11.5266 1.05646 4.5086
9.62895 8.44528 4.33213
1.64847 19.2818 3.43671
14.0901 17.3124 4.68552
16.6277 1.06448 4.17718
12.4885 19.1989 4.92194
6.26977 12.8726 4.30595
19.9863 8.78593 5.51615
7.40921 11.4048 4.71614
4.85579 6.75007 4.92759
1.85657 2.56297 5.42851
0.292254 3.42366 4.24533
9.97609 0.014764 4.2091
14.4501 1.52811 4.56255
11.3189 0.0575203 4.45658
18.1177 15.3401 4.45829
9.72068 10.1887 4.66466
2.50475 1.69317 4.85086
0.0501317 6.48917 5.01208
1.7435 3.78645 4.64496
4.18826 10.47 5.12186
13.5963 16.8857 4.38304
13.6356 14.5838 4.97083
12.0106 18.472 5.16076
15.4098 6.34428 4.56817
16.5777 5.70856 4.74825
4.82901 0.798126 4.73043
8.65188 12.3924 4.63329
4.81101 10.7821 4.25738
7.79399 13.2937 5.27774
7.64588 19.599 4.63843
7.8552 13.2751 4.95449
16.5479 0.967917 5.16335
16.2702 0.958551 4.96669
12.5464 19.0499 4.96509
4.89366 4.87655 4.62778
7.25796 19.6553 4.59816
2.21649 9.04874 4.44805
4.72156 5.58137 4.42072
5.37941 9.74098 4.95818
10.2663 5.71106 4.91299
9.78611 9.51827 4.99388
8.79906 7.96969 4.52989
6.68957 0.994911 4.95992
14.7033 18.6121 5.2014
19.2168 12.6092 4.3396
18.7057 13.3295 6.13154
5.11327 8.71231 4.23295
11.3659 13.2555 4.62126
5.06055 19.6966 5.04304
5.47648 10.2503 4.07572
13.8093 19.6115 4.41009
4.82309 18.9258 4.88495
9.42914 1.12691 5.21841
1.27676 3.49144 4.8444
1.50321 17.8898 4.91927
16.4335 16.7126 4.65002
7.98209 13.5096 4.58998
4.53706 13.4953 4.60281
17.8184 11.034 4.85272
7.63014 10.7372 4.97829
7.60482 11.2567 5.1629
16.8805 15.2968 4.92849
18.8259 5.27528 5.48638
8.01078 9.60036 5.06124
1.28748 13.2727 4.41041
1.88347 13.6419 4.45181
14.9405 3.68007 3.69947
14.958 1.84063 4.57758
19.8943 16.4332 4.12504
6.52906 13.1798 4.20464
5.21795 19.3166 5.06732
14.8475 11.0967 4.8085
1.94998 13.6816 4.49773
4.94205 0.13395 4.7172
3.71957 1.27221 4.15106
11.332 5.22544 4.75546
7.74879 13.4693 4.73772
15.3323 2.78881 4.57182
9.79544 3.65552 5.26545
1.1327 16.7858 4.21041
15.9178 17.1063 4.04931
10.2817 9.46618 4.73749
6.50086 10.5554 4.69775
6.76376 10.6024 5.18459
3.84371 9.68479 4.74201
1.58178 13.3823 4.69947
6.87631 19.6559 5.23064
8.96817 6.35728 4.5992
9.87533 7.21558 5.40408
13.1396 5.0548 4.82405
17.6224 10.6562 4.69692
14.9848 13.4869 4.86397
12.8262 8.96 4.43664
8.09364 12.999 4.52196
15.7302 17.2345 4.29091
0.216269 5.38271 4.52201
16.5111 12.7942 5.6957
18.5746 17.5991 4.5833
12.826 19.7843 4.96187
15.3775 2.28678 4.68928
17.6503 10.9203 4.69223
0.295475 14.7009 4.9408
7.10967 0.41471 5.0735
17.306 17.3752 5.1358
3.36199 5.11574 3.74958
10.0029 9.10761 4.843
0.489708 17.6064 5.24098
15.6076 6.37558 5.04224
9.55499 2.72928 4.17158
5.84163 0.0366021 4.86695
15.4616 16.5588 4.14136
6.87631 1.58615 4.49498
15.5492 10.688 4.90218
12.0589 5.22344 4.80001
6.14445 10.4154 4.93684
15.4982 9.83217 5.33684
12.8686 4.21722 4.60323
17.8459 10.5684 5.17634
12.625 4.95313 4.92313
4.83417 19.3329 4.79952
10.3899 9.71001 4.90527
17.5185 8.05667 4.38247
3.30463 3.93443 5.36989
3.73941 9.52097 4.60408
11.6717 6.72694 4.44308
0.704387 0.120147 4.71296
18.072 11.2002 4.83747
4.98727 18.0089 4.77268
2.16028 1.33807 4.35885
17.4074 5.74934 4.29268
6.23503 19.7713 4.93369
0.868322 3.80212 4.66766
0.368865 15.5576 4.13413
2.2897 14.7823 4.61638
14.9074 4.51145 3.52788
13.0565 7.71059 4.51314
4.8594 5.77972 5.21749
17.4868 0.121279 5.04787
2.09959 11.6494 4.47513
5.23603 18.7988 4.85407
3.20976 10.449 4.30665
4.88597 19.026 5.34416
18.0197 10.7941 5.24651
5.58714 17.2283 5.08978
15.0703 15.1014 4.86765
16.0381 10.7156 4.69707
5.82166 16.5529 4.99117
2.90468 1.13623 4.6608
12.2638 8.41013 4.43335
18.1971 10.9945 4.84704
16.6787 10.261 4.73856
13.3012 10.325 4.52358
17.2788 0.720831 3.54303
5.51295 5.84469 4.95354
6.04081 9.17516 5.00261
7.7474 11.506 4.67239
10.2702 6.88204 5.27427
19.0829 9.547 3.60404
16.0831 11.2783 4.37288
5.94204 16.334 5.5267
12.1339 10.3042 4.88589
2.64743 9.94894 3.86838
12.2898 9.78391 4.27724
3.90576 14.4292 4.9932
6.22658 1.06263 4.60575
2.058 13.6963 4.63549
15.3604 14.8676 4.48254
2.65765 10.1646 4.27524
12.8289 11.3469 5.16983
12.8746 3.81469 4.9398
7.34889 15.0074 4.15718
6.53596 1.40018 4.85246
16.2996 18.7471 4.34356
17.7705 1.00142 4.21857
12.9613 12.4603 4.57643
6.24032 9.81897 5.30757
5.63391 4.23481 3.63428
14.9611 16.192 4.51935
15.2776 14.8558 4.85003
2.67273 8.34875 4.18704
2.12263 1.05638 4.46543
9.04963 10.5653 4.93945
10.1652 16.9739 5.38551
4.71728 19.0205 4.82262
13.6478 8.26605 4.41215
16.0447 10.9106 4.79854
2.13392 14.0219 4.72032
8.30407 13.1601 4.89973
5.22321 19.7077 5.13414
5.2477 6.03403 5.3126
7.16264 15.7136 5.41937
6.61953 9.7238 5.20283
7.27211 0.126469 5.15194
17.3565 13.961 4.25338
0.786251 1.71931 3.41581
12.4831 9.62029 4.28149
1.29918 17.7208 5.10359
0.696639 16.9826 4.17602
5.35957 0.265721 4.67874
14.3776 16.2799 4.60004
3.81371 1.43024 3.86168
16.1796 6.83378 4.88309
4.04414 5.04136 4.35169
13.4411 12.4948 4.81837
14.3516 6.89274 4.70839
16.2268 4.05025 5.07404
2.38611 14.3405 4.79429
1.68027 1.7895 3.91306
2.03122 12.7508 4.71914
17.8264 7.37265 4.78153
0.756538 18.1485 4.90461
15.4692 1.38399 5.3071
13.6337 1.21883 4.59337
1.74724 2.86158 4.80979
15.394 18.0214 4.21794
15.7081 4.92942 3.69501
12.5913 8.47484 4.61245
11.8661 6.42733 3.86557
13.9098 7.96005 3.90001
17.9957 13.7278 3.30947
12.3868 18.9161 5.00953
4.10835 4.98058 4.15099
2.00253 13.0343 4.64746
5.21315 18.263 4.76663
11.2101 19.8229 5.95083
0.190772 17.0243 5.1459
11.9421 10.951 5.08931
6.90334 14.8357 3.75645
18.9432 7.55473 4.73362
16.4216 18.7688 4.51214
12.1469 0.955245 4.57948
6.08863 17.1265 2.98539
7.34322 12.2388 4.69531
6.37472 9.41187 5.02326
8.63149 6.34582 4.58067
6.25696 9.96779 4.57902
18.1479 0.0141216 4.20276
12.5463 4.91235 4.58373
5.92825 1.15463 5.03216
7.00143 2.66174 5.5852
15.6069 10.3024 5.42897
12.0801 2.78094 3.6896
6.11391 15.5014 4.99613
7.68677 10.5235 5.08254
5.6092 9.21823 4.76674
9.66568 3.51139 5.11368
16.6663 14.8068 4.99632
18.4095 10.4724 4.66462
2.56677 1.53621 4.47603
18.4267 11.5221 4.55997
0.959681 18.0351 4.88019
16.6449 11.0716 4.41256
7.11915 10.5617 5.23498
0.118161 16.4554 4.42657
6.61523 11.588 4.72738
3.81186 11.7401 4.8324
17.7235 14.0106 4.61545
9.8316 10.9058 4.60664
15.0003 17.4993 4.37521
9.80861 2.70159 4.79606
9.80674 9.47292 4.791
14.9386 2.42112 4.10378
5.75938 0.155129 5.06599
15.4101 10.2844 4.47513
0.965553 17.5822 5.53226
7.42341 10.4057 4.667
12.4868 9.36177 4.20789
10.3632 9.4639 4.5497
12.3619 19.3476 4.16292
0.708468 2.07348 3.87637
12.9886 12.8298 4.76301
6.6077 13.0394 4.11323
4.37124 1.36434 4.412
14.8647 13.553 4.31042
19.1142 3.14011 4.93553
5.58964 9.19796 5.22343
14.5538 18.4057 3.90195
14.7466 2.414 4.40563
16.9157 18.2633 4.3356
0.617491 1.27283 3.7898
13.8441 8.42966 4.48339
16.2788 10.8091 4.90078
12.7012 5.26852 4.39457
14.7244 7.29491 4.98622
2.32159 19.6698 5.24258
18.5145 7.52075 4.50367
2.71365 10.6283 4.18762
6.47863 15.6652 4.87883
18.9255 17.4289 4.57841
9.55595 11.4312 4.67678
16.1183 14.8354 5.0551
12.7613 0.89483 5.45447
10.0684 7.64836 4.94104
8.3623 11.0502 4.2406
9.24997 18.8212 5.08312
16.0366 16.3197 4.49804
18.011 13.3416 4.71515
9.79548 3.86595 5.43491
11.4278 11.6129 5.46552
11.6497 11.2321 4.86279
12.2649 19.1192 4.83332
17.5716 11.5776 4.47026
13.6421 7.50295 4.61291
12.9027 12.1405 4.85964
16.0728 10.3014 4.94344
18.84 6.98847 4.15662
18.7908 0.360492 3.9947
4.08897 2.11745 4.08995
7.95328 17.8593 5.39731
2.07811 13.176 4.53417
15.5945 15.353 4.6453
7.11384 11.8802 4.6341
8.46453 13.9746 4.95157
10.2843 10.3922 4.36905
17.815 5.63502 4.57817
13.8186 1.42836 5.21203
2.49102 11.8958 4.40431
0.635799 17.0537 5.18128
2.54209 14.1845 4.25638
4.00506 0.838936 4.1613
12.703 7.55668 5.25267
18.5034 7.67856 5.08606
16.9224 9.95737 4.90547
14.7611 17.0158 4.14305
15.3058 15.9859 4.81062
7.41356 11.6338 4.31568
3.3713 5.32523 4.12238
2.27042 1.26737 4.07152
9.19218 3.92768 4.25838
7.96798 10.0492 4.23398
8.8055 3.69502 4.17447
15.3227 11.2542 4.85762
15.738 11.3516 4.78588
15.6003 9.80774 4.75715
9.92312 17.6533 5.36539
7.51597 10.1609 5.15281
17.9835 0.371585 4.25048
5.84643 15.8529 5.16079
2.67531 0.656709 4.51024
14.8346 17.291 5.55666
12.3757 0.690074 4.65557
10.1964 18.4862 5.16693
7.29331 11.1699 5.07006
19.0614 9.70871 4.85576
18.9318 2.90287 4.98132
19.6967 4.62309 4.2341
5.4506 19.2615 5.43988
12.1794 3.96641 5.49104
5.87347 10.1244 4.60318
4.30777 1.11787 4.19006
12.3917 10.0321 3.96603
6.35985 9.32058 5.12202
7.72293 12.3063 4.71977
15.1893 16.4699 4.76212
4.73787 8.62945 5.23807
18.504 7.60039 5.40105
7.74461 3.69607 4.72001
2.61151 4.53197 3.97579
17.907 1.66307 5.39621
9.29712 1.37505 5.05224
13.9939 4.1011 5.5194
14.1042 5.90361 4.79582
17.5057 16.6038 3.9956
9.97269 0.0251016 4.96605
19.4749 3.58612 4.4009
19.9831 3.98342 4.64079
12.4194 15.1159 4.81414
14.5675 12.0318 5.13785
16.8733 7.07599 4.30248
3.64505 3.96064 4.6488
6.16613 9.73297 5.3434
14.8953 1.35729 5.02434
19.8119 4.08666 4.17904
8.10383 11.0403 4.80042
17.3097 13.9092 4.23177
12.6133 15.4893 5.22779
7.65873 4.09731 4.31638
13.5994 13.4877 3.96208
14.3504 15.0073 4.68762
3.82976 7.83388 5.14276
16.6897 7.9709 4.54029
11.9939 0.129471 4.46621
5.5397 0.812846 4.7054
9.69634 1.25603 5.14518
4.91935 0.140051 4.37995
19.8581 3.83576 4.55877
10.9232 10.7292 4.87171
8.84235 16.9065 4.93139
13.2827 19.3666 4.61476
14.7027 15.5157 5.11864
18.7966 1.07904 4.27385
15.5824 3.82709 4.63272
11.6869 19.2525 4.92464
7.13582 3.52111 4.23656
11.6202 8.76588 4.5092
15.6289 16.7979 4.06691
19.0817 3.77517 4.91582
16.43 8.16413 5.09606
13.0301 9.9359 4.70564
16.5243 12.9778 4.37988
16.3306 1.28398 4.83239
19.1532 5.52806 4.53053
12.6616 12.2839 5.21782
15.6626 8.26758 4.30421
16.3955 18.2337 3.93511
8.97624 19.4244 5.01658
5.15539 9.15823 5.34237
17.6333 17.2131 4.45462
12.3219 14.5093 4.9273
9.02572 10.8674 5.27116
13.5953 7.17744 5.27604
12.655 14.3243 5.89983
17.1461 1.04691 5.24942
14.855 16.3845 5.2852
5.89274 0.666554 4.26221
16.4871 0.760867 5.03374
14.5453 14.5432 4.62499
17.9869 0.889458 4.83542
14.563 15.7274 4.43855
3.08779 9.95059 5.19334
10.9099 0.0486929 4.94364
16.0976 18.8351 3.94833
4.39065 14.9358 3.61627
5.47358 0.228123 4.56971
8.76935 17.6786 4.35755
2.59816 10.6394 5.34159
18.5841 1.3964 4.70395
7.55057 8.56051 4.72598
16.6844 13.2583 4.13077
15.4648 16.7032 4.16466
7.69434 10.1255 4.79235
15.6004 15.9417 3.89302
17.3641 6.39427 4.37339
17.5747 7.02957 4.67138
15.0544 16.3191 5.29094
10.3437 18.5527 3.95546
8.29279 17.2054 4.45277
14.724 10.8361 4.67575
19.4187 2.28035 4.56964
5.94012 9.31604 5.08737
0.876278 0.989666 4.82499
5.95052 9.34868 4.22998
17.9148 1.09367 4.44398
5.1413 7.45842 4.24908
12.8109 5.54794 4.32272
16.0198 1.19552 4.94289
4.90807 6.81434 4.47226
17.1852 13.3708 4.27333
12.8798 18.6808 4.67723
18.0646 1.11876 4.43785
18.4916 0.617131 4.59581
12.724 0.630885 4.78543
14.6413 11.5589 5.07919
9.59592 16.951 4.65083
10.7659 0.561568 4.69501
8.72533 1.86826 5.15218
8.33241 17.6772 4.62032
18.3103 0.320157 4.35993
17.5054 1.94733 5.00197
8.10388 6.91811 5.26274
9.40342 1.82783 4.85352
19.7085 1.04027 4.59946
10.2823 0.928219 5.29612
3.18056 5.09412 5.05447
13.0977 14.4343 5.56887
19.093 4.41839 4.08793
10.1342 6.77219 4.10395
19.5299 1.02678 4.28741
18.56 4.08424 4.41506
15.1738 14.4391 4.80932
7.58555 5.52333 4.47033
13.2193 14.8425 5.43046
12.4907 10.4265 4.94313
15.9075 12.2418 5.11261
13.2013 2.72817 4.49999
9.95879 0.824087 4.89597
18.0624 18.5778 4.37992
13.0677 7.16086 5.15988
11.9529 5.63664 4.33355
18.9746 0.405327 4.7743
18.6787 11.8412 4.54788
10.827 0.869002 4.9688
11.6473 7.42215 5.40469
4.3975 9.32608 5.05977
13.2731 18.4832 4.53135
17.9739 2.01755 5.3413
0.810517 4.37085 5.15379
7.30071 3.7287 4.47452
8.88969 10.6375 5.23728
9.13635 17.3451 4.4008
7.36968 5.94407 4.62486
10.5404 0.888643 4.79788
13.2501 12.3463 5.16817
13.4942 5.03203 4.43277
14.7687 14.1936 4.18743
10.5666 0.601822 4.65567
6.53722 9.53071 4.93356
16.2347 8.21539 4.26168
10.6017 12.5605 5.89523
13.2933 6.91517 4.95576
17.1506 14.2099 4.21514
15.7655 17.4265 4.27376
17.2098 18.462 4.43307
12.4628 2.69911 4.45258
15.8307 18.475 3.99318
14.4643 15.6355 4.59697
1.58969 4.59723 5.0503
17.0845 13.3601 4.05053
0.868484 2.97691 4.59142
16.7283 18.0332 4.21833
4.75718 9.3098 5.30496
14.3879 11.786 4.4782
12.1171 12.0364 5.07654
16.4563 15.3294 3.75293
11.4694 9.00161 4.29185
13.6813 16.1072 5.52053
11.8515 18.8019 4.4451
9.60762 17.3375 4.67079
13.9965 18.5261 5.24227
13.9576 5.54916 4.94761
11.6058 9.20463 4.22205
17.2033 18.5533 4.63613
1.84678 3.25569 4.62209
7.74233 8.79032 4.77198
13.3519 10.8452 4.59312
3.48696 7.78658 5.11294
19.3941 5.0587 5.00267
6.7543 5.70825 4.72775
17.2403 18.3411 4.94832
14.6403 9.17329 3.75846
12.6263 11.1689 4.45712
4.76441 8.90696 5.13527
7.28837 2.54588 4.57739
8.12952 19.7991 4.79147
4.35921 18.8256 4.59246
5.79407 0.265114 4.43556
15.7027 10.5235 3.70667
12.4877 15.3671 5.15522
12.6784 14.0764 5.86855
4.70455 15.1366 3.48612
15.8683 0.583386 4.78662
7.37191 14.5364 4.11389
6.70459 5.7387 5.24674
11.8802 1.63115 5.09081
5.1992 19.6095 4.01442
4.2761 16.5566 3.30704
14.0037 5.58813 4.44767
18.0727 0.630832 4.28975
16.639 14.101 3.89937
18.1511 1.87884 4.94068
19.9269 9.69459 4.11574
17.7843 1.46249 4.78502
10.391 1.36429 4.70771
17.7705 6.91288 4.05738
1.18301 3.58311 4.5293
2.33131 2.25183 4.51129
15.7718 4.75152 4.92704
11.6688 1.47063 5.10796
10.6409 8.6853 4.14299
12.2817 13.8797 5.31519
9.67166 19.7589 4.86725
11.4831 14.4457 4.77799
8.68343 10.8299 5.23677
16.7249 0.540446 4.95747
3.60543 8.15219 5.0966
11.145 1.36369 5.08265
12.1341 19.6112 4.84963
9.0514 0.00598369 4.5534
12.1013 9.66318 5.07603
15.6401 13.8653 3.58835
13.7342 3.07798 4.82891
2.2582 4.39363 4.39097
16.5958 15.5507 3.53376
15.4386 4.35978 5.33329
13.8989 16.3367 4.69955
8.32609 19.773 4.59116
10.0388 10.2458 3.87029
15.7403 13.2343 4.60952
14.252 9.09121 4.00757
14.676 14.364 4.28875
13.5094 18.8739 4.77698
18.0538 1.19774 4.56366
8.45651 16.4548 4.19675
15.6209 18.3797 4.09201
4.85642 10.8062 5.3768
17.4297 17.9498 4.4784
1.60207 1.36554 5.02204
5.93007 5.98283 4.55714
16.6833 7.89241 4.52105
11.4037 2.09221 4.8246
13.3614 5.52618 4.63265
12.5288 11.1725 4.68668
17.9288 2.7776 4.99829
10.3565 1.56078 4.8357
13.9851 11.146 4.8535
17.1657 7.29604 4.57167
19.0814 3.8471 4.54147
12.3027 15.0179 5.29425
13.3474 2.30204 4.34149
12.9219 1.75118 5.11054
11.6676 9.46136 4.56077
17.9758 1.76431 4.43629
15.3666 18.2117 4.38575
12.1589 2.72204 5.44719
18.1873 0.892535 4.49344
15.9797 17.7421 4.46135
18.4023 11.0746 5.00305
16.8471 16.935 4.16505
7.81928 8.41606 4.83022
1.18332 3.41958 4.76886
13.6116 6.07832 4.56435
7.85611 2.11647 4.63789
8.19654 4.72914 4.32616
10.2481 1.00224 4.99174
16.3545 16.5729 4.08882
12.7013 12.7619 5.46767
0.31152 2.83293 5.20866
3.10401 7.56592 4.55732
0.470134 4.54245 4.60417
16.4242 14.7613 3.78226
12.9958 17.7624 4.88503
16.6448 19.5289 3.72637
19.6532 0.686009 4.64791
10.6258 8.59549 4.41319
13.9701 6.32346 4.64363
8.54924 2.00582 4.75319
15.9524 19.2999 4.39093
16.1589 14.1548 3.8518
5.23276 15.8946 3.44765
10.9632 1.08508 5.18264
5.71773 14.8516 3.90618
16.3175 1.63638 5.0088
13.5153 1.87175 4.44773
17.7056 0.425863 4.55787
10.0867 8.26901 3.81777
11.9768 1.58558 4.84352
13.5865 11.6643 4.65486
5.30026 6.90929 4.05975
2.37447 11.1577 5.16749
11.5638 8.44584 4.05093
10.9682 11.0449 4.72294
11.0114 9.3105 4.00198
10.9853 2.30062 4.75437
18.8716 0.258511 4.42567
14.9814 14.7221 4.07843
14.8055 16.1906 4.48424
6.53565 9.73876 4.13549
14.9431 14.9221 4.71062
5.68975 0.395446 4.5804
17.3399 14.2468 4.24973
9.64409 1.26427 5.26477
10.1511 0.237791 5.16054
7.57834 2.59045 4.7249
16.1741 6.6752 4.84768
8.35815 19.4855 5.54515
3.17802 19.5523 5.47466
5.92698 14.0892 4.71556
3.54746 15.1582 4.97166
1.93839 12.702 5.08329
12.3588 12.0477 5.49779
16.134 14.6802 4.65129
10.0408 17.6034 4.2103
16.8482 7.37185 5.37619
13.7178 10.9767 5.0419
17.145 14.0645 4.76652
18.8869 14.5189 4.51354
11.8757 5.49245 4.58437
15.2423 2.33681 4.99515
16.0784 18.3602 5.38057
4.82473 14.5624 4.72831
7.38416 0.255756 4.69226
14.3956 11.9749 4.99555
16.4384 14.8726 4.49671
8.09789 1.67345 4.52584
16.7507 4.9709 5.1205
15.5851 6.24814 4.68594
6.78282 14.4287 5.16831
14.324 3.99056 4.37349
15.3216 5.61117 5.6494
3.49045 18.1821 4.67509
17.3236 18.6903 4.90318
14.1462 10.7111 4.91871
4.47353 11.5218 5.35007
12.427 11.8458 4.89151
5.23164 10.7219 5.00779
2.72608 14.4893 4.95592
9.79709 1.04781 5.10625
11.951 7.87153 4.7177
13.6657 9.73334 4.28753
16.8847 6.19338 5.26551
16.4143 11.494 4.51969
17.2879 14.5537 5.3741
11.509 9.8408 4.52239
5.29201 14.5395 4.5372
14.7482 0.161528 5.3146
16.8209 7.35823 5.04073
17.4124 14.6344 5.15431
15.527 18.8874 4.64253
10.7084 0.758923 5.00248
16.5977 3.86718 5.22396
15.224 11.9629 4.64941
1.87088 16.7991 5.27604
15.2935 2.80529 4.92142
13.3083 18.8624 4.05764
17.2625 8.96325 5.27999
14.0489 11.1878 5.36003
8.42402 19.9255 5.21594
19.1336 8.04832 4.22839
13.9398 4.90448 5.16571
8.53781 1.35249 4.5134
17.0719 18.7006 4.94656
15.9765 5.69078 5.00633
19.048 11.3915 4.74178
17.6387 7.26548 5.16103
4.11947 11.1018 4.94863
19.0062 11.4047 4.849
12.6689 4.90232 4.3831
18.8921 11.0845 4.73075
16.5442 6.19046 5.26028
7.48063 1.93562 5.88877
14.7658 11.0841 5.23136
14.0338 9.73183 4.81313
18.167 9.25125 4.68939
5.5503 10.8438 4.87405
9.77272 8.50281 5.04608
10.9953 6.50412 6.05163
17.0237 11.6996 4.50767
7.52394 19.0264 4.71944
16.7005 3.52149 5.05603
17.2496 7.52088 5.47428
7.82898 0.673463 4.63585
15.2072 6.40601 4.84626
14.7965 17.6737 5.13166
16.2849 18.0623 4.74271
17.3483 6.92925 4.7545
6.73563 9.66963 4.03534
10.9513 8.00457 4.50226
15.7211 1.40588 5.34029
2.79372 13.3151 5.59115
6.11122 19.5153 4.40203
4.96356 12.7955 4.74014
5.21692 19.9011 4.6522
17.737 11.2865 4.45435
4.87723 17.9216 4.64538
8.97977 16.7581 4.14011
15.0258 11.6891 4.58831
4.65641 17.181 4.94663
15.5736 3.77737 4.91388
12.3566 9.1895 4.56351
18.3943 11.3936 4.97123
18.9537 10.9821 5.09127
14.0785 11.0859 4.84055
17.5116 2.23256 4.93271
11.7394 7.51689 4.94368
11.9083 10.8876 5.32554
13.1657 13.1617 4.7201
10.7504 8.5894 5.08412
17.4006 10.621 4.31661
17.314 12.147 4.52158
9.57594 17.5208 4.95824
11.3592 12.8345 4.38561
4.81465 13.2438 4.89771
12.7035 11.4832 4.91309
4.9571 15.8004 5.04134
18.4692 6.32764 5.16716
16.5316 15.084 4.31479
12.5971 18.9471 5.52944
19.7967 11.3448 5.14992
16.8989 14.6537 4.66218
16.7497 4.75624 4.92354
9.19169 16.1234 4.74939
17.5453 6.47392 4.58342
15.362 1.47975 4.84632
16.2395 2.37993 4.94279
16.5136 13.5598 4.8193
13.1516 11.8644 4.77995
18.1742 8.76561 5.0319
16.4009 18.0601 5.14296
7.94395 17.9089 4.32723
18.8081 10.5783 4.85473
3.30607 4.86808 6.09017
13.6365 11.539 5.4073
14.2876 18.0564 4.99041
6.93174 19.9119 4.68822
15.0903 8.90763 4.82481
1.98609 13.2012 5.2321
5.43503 15.7372 5.17723
5.65684 14.6046 4.49073
8.59753 1.28151 4.99668
10.2553 7.61399 4.82758
8.99716 16.3343 4.96495
12.5978 11.4345 4.75693
15.6959 3.03819 5.17677
9.96128 16.2358 4.23937
12.0104 4.89063 4.12419
11.7772 11.0172 4.66557
9.07035 0.199772 5.28878
12.7408 19.383 4.17681
16.1572 5.33383 5.09807
15.804 17.4184 4.89236
16.2766 4.69428 4.93173
17.765 8.28739 5.37981
17.7371 8.9427 5.44537
16.5378 13.9247 5.30872
14.0326 9.46751 4.6319
16.1024 5.95057 5.23431
5.41905 15.5795 5.67253
14.8765 3.97015 4.23497
4.00358 14.1355 4.92657
17.6084 8.65312 4.8333
3.59561 0.0857751 4.5993
12.8372 2.26537 4.30845
9.50323 3.87769 3.43191
12.5451 7.19929 5.31949
10.0156 19.469 4.99102
17.2038 7.16094 5.43436
7.30619 10.2273 4.13052
14.0891 9.01597 5.11378
14.8014 9.27577 4.69682
10.4065 18.5529 3.54831
7.58129 0.721042 4.86988
18.6461 9.16403 4.69463
4.33163 13.9004 5.36536
7.42226 19.1002 4.62586
15.4542 1.62743 4.68546
3.17222 18.0819 4.81852
4.24401 16.5678 5.06372
9.45577 16.3385 5.02618
17.9361 8.78764 4.7924
8.71305 1.47595 4.13223
9.914 2.09657 4.53464
8.31366 19.8499 4.95061
5.00741 14.003 5.24998
5.43112 10.9292 4.61596
3.36185 9.65594 4.93566
4.63061 10.5764 4.74706
17.0069 1.99617 5.44377
14.4777 5.76865 4.80303
17.351 5.89984 4.71241
18.8783 8.1237 4.48301
14.1276 11.3235 5.05468
0.288092 9.08875 3.01006
8.63729 16.3668 4.51468
16.9836 13.519 4.84424
2.66457 10.3682 5.00448
15.9211 19.085 3.88129
16.7539 16.3423 5.09666
18.7768 10.9365 5.24962
15.9515 4.63288 4.51458
2.85259 13.2056 5.26363
16.7559 2.87984 4.93343
0.169908 12.0181 5.00615
11.9564 12.3594 4.52956
16.4536 17.4238 4.97822
4.05913 14.6296 4.52979
2.77602 12.8302 5.14429
16.9501 15.564 4.35792
16.9866 13.2841 4.98703
8.26709 19.7109 5.08934
12.1299 4.48742 4.24666
14.3277 11.1322 5.55331
12.0749 4.88564 4.46349
9.01367 1.50986 4.83141
17.0093 10.967 4.46174
3.93752 18.689 4.77774
13.4664 12.1481 5.01346
13.9066 10.1809 4.79302
11.5611 10.6362 4.81243
9.75668 0.886728 5.15066
14.8175 4.82448 5.2108
16.8797 13.8436 4.69029
4.27316 14.8574 4.76383
13.0295 7.0871 4.23804
19.2396 15.6978 5.00633
15.0081 6.80059 4.4768
6.92296 10.1178 4.37115
8.72911 0.838916 4.66035
15.7871 3.68689 4.74936
9.09723 1.1207 4.54689
15.8 4.88821 5.39559
14.368 9.18617 4.74735
17.0142 11.4221 4.26562
9.98257 7.16215 5.51887
16.1717 9.92175 5.28062
1.6237 4.05182 3.23665
16.9994 8.67789 4.84249
4.6977 12.6949 4.22642
8.09498 16.4234 5.07031
12.9197 19.0444 4.25664
13.176 12.8173 4.50922
8.6733 17.3441 4.85382
9.61802 2.29547 4.27019
18.3087 13.4097 4.47181
12.9915 12.1854 4.79136
12.7072 1.6522 4.85238
18.2632 19.0818 5.98217
18.4736 14.2596 5.00103
13.1333 5.81407 3.79353
16.3899 13.2022 5.51248
13.3573 12.019 4.72088
8.2881 0.25481 4.51332
19.3547 11.9881 4.62472
12.9466 8.74315 4.87431
13.2884 14.3176 3.49628
16.9263 11.3067 3.74749
15.3328 8.46192 4.99064
5.34578 5.69653 6.02653
18.5514 8.14309 4.7716
11.1442 19.6112 5.48728
3.49491 14.271 5.01436
16.1855 16.8727 5.28026
6.34088 12.5488 4.01197
9.58869 15.4335 4.99038
13.4273 11.8546 5.01433
16.9524 7.47791 5.67566
14.9473 3.34704 4.38848
3.42411 13.9137 5.42579
1.00811 18.6991 4.73609
3.46163 15.4699 5.01931
16.5579 5.62923 5.24132
11.9737 8.42104 4.3232
12.9138 12.0747 5.13972
2.87103 12.9068 5.47988
10.665 19.1415 5.02726
19.408 18.8051 5.93823
6.07573 12.8812 3.92353
14.8955 10.4571 4.99031
16.0114 5.79126 5.51502
19.314 10.5607 5.01077
16.0627 12.6275 5.37316
19.0845 8.02996 3.72602
16.7867 12.0772 4.44701
14.2319 12.1032 5.0345
14.9564 11.2581 4.72632
7.7269 19.2523 5.06283
13.577 12.2083 4.80671
9.84588 2.8174 4.06957
4.99478 17.6431 5.38603
10.6086 7.13254 5.73225
8.52127 19.9221 5.01776
10.3135 1.44027 4.8449
8.77871 1.3144 4.97696
12.449 12.5653 4.77734
17.9048 10.6377 4.54702
15.9366 5.06802 5.0938
16.6648 6.7894 5.30563
5.48353 19.9901 4.45383
16.2351 5.44367 5.30733
4.8196 11.0445 4.67427
16.0787 5.33693 4.93899
12.2034 11.769 4.76639
13.8041 11.2043 4.68587
7.94755 13.0745 4.66825
17.6939 17.0574 5.13049
11.8799 10.4817 5.2889
5.17174 10.8922 4.2103
7.78756 4.83986 5.28164
3.09702 5.42125 4.43075
2.9314 3.1714 4.94886
17.7891 4.1175 5.42955
18.0905 6.18388 5.44272
8.02227 8.59214 4.64182
18.3408 17.6482 5.3657
14.7432 1.37845 5.35397
19.5592 4.65837 5.25695
1.54956 5.29913 5.40288
7.0566 17.3035 5.08185
13.5717 12.9214 3.77388
15.8441 8.95721 4.08869
6.19154 4.99886 4.91109
4.066 11.1552 4.24028
15.3616 2.30715 4.66542
16.1569 5.3404 4.69996
7.44179 11.9941 4.44067
0.796423 16.6069 4.19735
18.2238 17.2762 4.7422
9.66759 5.37262 5.80462
18.7287 15.5563 5.27776
18.0872 16.4572 5.0111
6.61511 9.72663 5.31528
0.407501 9.41928 4.77665
14.2272 0.952065 4.31728
3.17422 2.17805 4.49246
16.4682 3.07533 4.99935
3.32818 1.54425 4.8991
6.52514 5.70872 4.58509
13.4187 11.9901 5.33036
10.3317 18.267 4.0813
13.2343 0.521525 4.67098
1.87242 17.9166 5.1467
16.2971 1.81227 5.00183
18.9213 5.03398 5.1721
13.5102 0.404465 4.43848
6.76368 5.302 5.055
0.1275 12.2797 4.77865
0.320675 18.3008 4.87855
19.6782 5.28435 5.4236
16.0082 9.15787 4.48951
11.9392 11.2358 4.4984
3.93939 17.3829 5.87416
15.6003 2.26125 4.92282
6.4046 8.70998 5.15175
11.6792 13.8309 4.2906
10.7702 9.73057 4.88362
18.9648 19.2642 4.79784
11.4317 2.09665 4.69165
12.7786 11.2717 5.86716
1.55927 18.6267 5.08312
18.7007 16.4061 5.41192
8.29854 11.9793 4.19149
18.8017 9.07114 4.53755
18.6383 16.3231 5.21109
17.5616 1.71717 4.52805
18.4215 17.7789 4.73207
2.30008 1.8577 4.48486
16.7502 2.28432 4.55584
9.07178 15.7039 4.60468
18.6998 1.29396 4.44342
18.8678 16.9278 4.83686
6.52502 13.2108 4.03957
17.0785 1.62608 4.5682
16.5584 0.427952 5.34597
0.353043 19.8536 5.03071
3.99664 1.37219 4.26948
4.25 0.785912 4.32314
10.6062 17.422 4.45137
16.531 2.31078 5.08959
8.22202 9.51962 4.67342
19.2531 13.9885 5.14601
18.6919 17.9628 4.40362
4.87741 11.3967 4.46719
18.5741 18.0971 4.85253
15.9275 8.48188 4.5625
16.5513 8.52821 4.23003
19.0414 17.5149 5.13337
2.89409 0.633965 4.55595
9.20312 18.517 3.79697
12.1411 13.3977 3.52135
6.44925 4.59313 5.04722
0.617237 13.6446 2.80972
3.97156 3.19374 4.48543
7.21004 10.2693 4.98857
16.2365 1.59354 4.7494
8.26679 8.95253 4.66339
7.78984 7.13603 4.5361
16.4568 2.18661 4.94681
9.54841 8.86417 5.29251
17.1744 14.2315 5.0312
9.9551 19.8129 3.65618
17.5367 2.09012 4.68917
17.4276 1.41059 4.23327
14.8584 1.29948 4.70008
4.47598 15.896 5.39034
13.6151 17.8871 5.08622
13.7955 1.51734 5.06338
9.72346 4.34857 3.87067
10.8878 19.0157 4.3967
17.0657 1.06128 5.10051
16.1916 2.56484 4.95198
8.37886 8.08905 4.8
4.14749 7.78014 3.65386
4.09581 3.58689 4.83951
14.8121 1.91627 5.00981
3.64884 6.56341 4.57523
3.74903 18.3025 5.34246
13.263 6.05728 5.20214
18.1241 11.066 5.06352
18.3482 1.6676 4.61809
0.146933 5.44061 4.88222
3.3814 17.6139 5.42385
11.0935 6.65679 4.66895
1.69064 17.6401 5.31271
15.4113 11.8235 4.62737
16.0176 12.8438 4.5944
17.9474 4.01963 4.92365
16.1996 2.80515 5.10187
19.1477 19.09 4.86362
18.0345 8.40737 5.28187
9.79216 9.47415 5.38156
17.7305 0.859616 4.63569
12.3453 6.3075 5.59176
15.2323 1.95599 5.37225
19.3076 9.5401 4.97408
6.31356 10.4412 4.56614
17.7278 19.7564 4.6381
1.16343 4.0214 4.36494
3.29112 6.73985 4.21202
6.62682 5.03381 4.99298
7.67844 11.6901 4.96429
9.0917 18.2244 4.29882
10.5733 6.80762 4.80343
9.75824 4.0982 3.56796
17.6599 13.6056 5.18599
7.69774 7.83565 4.41236
11.7161 15.5257 4.24223
12.8811 1.70359 4.62236
11.6549 10.763 4.87973
10.9447 9.82501 4.62398
18.9418 15.8889 5.19299
18.0223 7.80903 4.74147
19.0603 15.4559 5.01878
18.0682 18.5043 4.6369
3.12946 0.925496 4.69186
18.3213 4.3293 4.85976
15.3574 0.112251 4.39594
17.5606 16.724 5.10396
2.85665 6.70484 4.52134
17.5958 15.5979 4.86847
6.21657 4.68852 5.07819
19.5355 19.0078 4.57072
5.74741 10.8282 4.77686
9.91601 13.0185 4.91846
0.826412 1.56538 4.40033
11.3477 17.585 4.83729
7.68661 11.1085 4.27203
1.53803 18.5063 4.90449
3.83431 1.30447 4.60539
17.7642 0.868281 4.58507
17.8814 0.163785 4.74239
8.91512 9.6923 4.98912
5.57992 11.1828 4.47974
2.68738 0.866259 4.50467
3.2156 4.3699 4.83354
7.87697 9.57913 4.52779
15.846 11.869 4.89805
6.4281 8.9493 4.73364
9.76811 8.93455 5.68077
10.917 6.66109 5.06185
3.57729 1.14671 4.8235
11.7437 12.5464 5.34117
7.1387 13.0095 4.53212
8.28571 10.1416 4.32934
6.98269 4.59931 4.9076
10.4726 4.92766 0.557942
18.5905 3.92138 3.92142
10.7977 3.8113 6.17372
17.6567 12.3286 5.0028
19.0334 17.3013 5.85049
1.20417 17.0818 4.668
19.3047 18.3648 4.72035
16.1263 1.83766 5.05699
16.3162 1.83908 4.83036
3.6947 8.27226 3.94564
18.3031 3.76744 4.91695
19.8538 1.30327 4.16659
16.3236 9.57636 4.66653
11.319 10.0578 4.04434
18.4669 1.38343 4.77079
18.3646 15.1838 4.66328
4.52887 3.8394 4.62131
2.19366 15.0108 5.73715
17.7427 2.56312 4.92217
7.30152 4.55856 4.94609
19.6686 8.332 4.39237
2.75173 4.94287 4.58044
3.35353 3.38787 4.74942
16.9635 6.27204 5.57377
2.27005 5.09757 4.97902
11.8626 10.7655 5.32662
13.087 15.385 5.31104
15.458 1.53605 5.02116
10.4688 15.2046 4.50177
11.5911 12.2349 4.84862
15.3872 1.32448 4.85271
8.15349 10.0667 5.687
16.2158 2.67728 5.05597
15.4952 0.515699 5.3527
12.9478 1.0421 4.47324
13.2262 11.829 5.37341
18.6984 16.1866 5.27496
19.1996 4.54153 5.04049
6.06292 5.38469 5.1238
11.9302 17.6178 4.55685
5.9269 10.0399 5.73701
14.7474 17.4165 4.98469
3.72765 0.960892 4.97115
12.235 11.6664 5.1057
16.9082 14.018 4.90325
7.546 11.5048 4.56704
18.5859 15.7634 5.35714
17.0662 0.400582 4.54009
16.5415 1.83239 4.92399
9.73494 18.0572 4.60076
16.5042 0.726794 5.01766
18.2281 17.7157 4.71193
17.9384 19.0109 4.80135
4.81651 3.12879 4.78103
7.95309 6.6652 4.92363
10.6063 9.97568 4.7759
16.2364 3.61512 5.23619
7.4334 7.86772 4.60273
6.1595 13.1863 4.56983
2.34891 5.05297 5.07555
15.0044 2.7502 4.70304
12.0186 12.3906 4.80797
7.37223 1.4975 0.153469
1.83828 5.14745 4.56211
14.7184 16.7028 4.66876
18.289 3.64225 5.26612
15.7699 2.4874 5.0496
4.48724 11.5681 4.25721
16.9986 2.67738 5.03588
16.2393 19.6248 5.20191
8.37023 7.56995 5.11816
16.2141 2.01889 4.8275
18.8058 19.5512 4.7717
13.8937 6.08058 5.02062
18.9262 18.3703 4.62545
12.2512 10.3707 5.62645
3.90377 4.45996 4.99625
16.062 7.97014 4.69585
4.0961 3.28871 4.88661
12.0236 6.13128 4.99905
10.2051 3.75077 3.74861
0.107377 18.3611 4.99298
15.0775 13.5781 4.97084
8.01623 5.31359 5.08412
7.04835 16.535 0.583448
3.78616 5.90627 5.12465
19.4548 16.438 4.9621
12.017 18.8025 5.05126
16.7359 3.17575 5.23439
4.05471 3.40008 4.75282
11.1973 9.65702 4.66631
7.93746 2.51341 0.332807
4.04174 3.43826 4.4044
16.3579 0.746404 4.59677
18.0112 16.3045 4.73221
18.627 0.933089 4.80822
16.8305 4.10826 5.0558
19.5502 19.008 5.10628
16.3648 2.31296 4.61157
15.6048 2.47629 5.0657
16.2657 1.56401 4.98889
9.47507 9.68709 5.14441
17.0173 3.62292 5.05608
6.83338 13.6677 4.14319
8.15578 8.63034 5.03328
13.3438 18.8999 5.50778
12.7354 11.1238 5.06121
12.6519 11.9652 5.4166
7.98914 11.6168 4.76072
14.9597 3.4041 4.79203
15.8675 1.30067 4.87763
19.5459 16.1104 5.52597
0.966289 18.1968 5.15554
5.23122 10.3378 4.64915
18.6749 16.3897 4.80607
3.11721 2.16647 4.73882
19.1424 16.0769 5.02439
11.8534 2.54609 4.41084
15.3871 1.85118 5.1746
12.7002 6.01839 5.4225
