0 0.0124645
0.1 0.0279564
0.2 0.0286931
0.3 0.0340868
0.4 0.0301573
0.5 0.0267617
0.6 0.0433781
0.7 0.0435195
0.8 0.0473536
0.9 0.0476534
1 0.0393175
1.1 0.0437706
1.2 0.0519505
1.3 0.0451003
1.4 0.0445738
1.5 0.0425822
1.6 0.0394997
1.7 0.0481175
1.8 0.0581929
1.9 0.0499265
2 0.0635277
2.1 0.0760224
2.2 0.0922733
2.3 0.100141
2.4 0.113315
2.5 0.130408
2.6 0.127105
2.7 0.144926
2.8 0.155291
2.9 0.145655
3 0.156074
3.1 0.167587
3.2 0.185924
3.3 0.19627
3.4 0.205837
3.5 0.211391
3.6 0.215588
3.7 0.216621
3.8 0.228319
3.9 0.237522
4 0.251855
4.1 0.26297
4.2 0.277624
4.3 0.277304
4.4 0.268846
4.5 0.276997
4.6 0.27851
4.7 0.27493
4.8 0.275226
4.9 0.287609
5 0.305226
5.1 0.304998
5.2 0.290447
5.3 0.307679
5.4 0.317289
5.5 0.317043
5.6 0.310256
5.7 0.320217
5.8 0.311697
5.9 0.31441
6 0.323886
6.1 0.32207
6.2 0.335976
6.3 0.351486
6.4 0.354107
6.5 0.367433
6.6 0.386343
6.7 0.385515
6.8 0.38492
6.9 0.394805
7 0.411705
7.1 0.433258
7.2 0.444886
7.3 0.454715
7.4 0.465275
7.5 0.466638
7.6 0.46482
7.7 0.468921
7.8 0.491325
7.9 0.497649
8 0.507323
8.1 0.516223
8.2 0.526839
8.3 0.53001
8.4 0.520448
8.5 0.525504
8.6 0.538237
8.7 0.538649
8.8 0.547348
8.9 0.557807
9 0.560954
9.1 0.570014
9.2 0.569055
9.3 0.573028
9.4 0.586847
9.5 0.591157
9.6 0.594405
9.7 0.586085
9.8 0.583118
9.9 0.58908
10 0.598537
10.1 0.6079
10.2 0.617373
10.3 0.618584
10.4 0.630404
10.5 0.640007
10.6 0.649518
10.7 0.654676
10.8 0.663138
10.9 0.675058
11 0.67905
11.1 0.681674
11.2 0.686856
11.3 0.692665
11.4 0.698595
11.5 0.704905
11.6 0.702846
11.7 0.703241
11.8 0.711661
11.9 0.720066
12 0.71381
12.1 0.712906
12.2 0.722058
12.3 0.723392
12.4 0.723801
12.5 0.728226
12.6 0.731126
12.7 0.735113
12.8 0.736759
12.9 0.74861
13 0.754788
13.1 0.75935
13.2 0.767441
13.3 0.772426
13.4 0.779728
13.5 0.784582
13.6 0.790163
13.7 0.797118
13.8 0.801334
13.9 0.801952
14 0.804585
14.1 0.808601
14.2 0.810944
14.3 0.816485
14.4 0.821579
14.5 0.824621
14.6 0.828703
14.7 0.833358
14.8 0.835711
14.9 0.837966
15 0.840583
15.1 0.843583
15.2 0.849484
15.3 0.846122
15.4 0.849363
15.5 0.850875
15.6 0.846682
15.7 0.846805
15.8 0.853319
15.9 0.853431
16 0.855767
16.1 0.857147
16.2 0.857667
16.3 0.857051
16.4 0.859387
16.5 0.860483
16.6 0.864264
16.7 0.864464
16.8 0.874032
16.9 0.874655
17 0.876686
17.1 0.8803
17.2 0.880988
17.3 0.883433
17.4 0.88191
17.5 0.888974
17.6 0.890109
17.7 0.888403
17.8 0.89025
17.9 0.886065
18 0.886058
18.1 0.884156
18.2 0.883598
18.3 0.882036
18.4 0.883782
18.5 0.881605
18.6 0.880065
18.7 0.878265
18.8 0.877225
18.9 0.880017
19 0.883769
19.1 0.889425
19.2 0.886353
19.3 0.890018
19.4 0.891224
19.5 0.893789
19.6 0.890648
19.7 0.889114
19.8 0.891479
19.9 0.891405
20 0.895253
20.1 0.89453
20.2 0.895267
20.3 0.897552
20.4 0.897328
20.5 0.906205
20.6 0.903761
20.7 0.90502
20.8 0.90574
20.9 0.90459
21 0.905913
21.1 0.905871
21.2 0.910309
21.3 0.908229
21.4 0.905533
21.5 0.906267
21.6 0.908174
21.7 0.91089
21.8 0.916581
21.9 0.91803
22 0.915604
22.1 0.920237
22.2 0.923789
22.3 0.928646
22.4 0.926638
22.5 0.929348
22.6 0.932453
22.7 0.933126
22.8 0.932481
22.9 0.933516
23 0.936658
23.1 0.93862
23.2 0.936759
23.3 0.939434
23.4 0.941568
23.5 0.93902
23.6 0.934042
23.7 0.931254
23.8 0.932109
23.9 0.927203
24 0.928444
24.1 0.927371
24.2 0.926986
24.3 0.928263
24.4 0.927534
24.5 0.927711
24.6 0.927793
24.7 0.928358
24.8 0.925835
24.9 0.926972
25 0.925039
25.1 0.919629
25.2 0.921604
25.3 0.922766
25.4 0.92049
25.5 0.92118
25.6 0.923525
25.7 0.923454
25.8 0.925899
25.9 0.922518
26 0.921641
26.1 0.923683
26.2 0.922264
26.3 0.922426
26.4 0.922215
26.5 0.922155
26.6 0.920556
26.7 0.921033
26.8 0.920062
26.9 0.915591
27 0.916834
27.1 0.916871
27.2 0.912742
27.3 0.912998
27.4 0.914048
27.5 0.916336
27.6 0.91687
27.7 0.913349
27.8 0.912544
27.9 0.913505
28 0.915447
28.1 0.913693
28.2 0.912377
28.3 0.907702
28.4 0.905797
28.5 0.906474
28.6 0.905826
28.7 0.905481
28.8 0.901902
28.9 0.904477
29 0.904557
29.1 0.903131
29.2 0.900153
29.3 0.900868
29.4 0.903436
29.5 0.903386
29.6 0.897088
29.7 0.89456
29.8 0.88684
29.9 0.887581
30 0.889258
30.1 0.884859
30.2 0.88518
30.3 0.8891
30.4 0.889236
30.5 0.886525
30.6 0.888729
30.7 0.888389
30.8 0.885971
30.9 0.880067
31 0.879995
31.1 0.87754
31.2 0.875366
31.3 0.872386
31.4 0.871082
31.5 0.869336
31.6 0.869309
31.7 0.870633
31.8 0.867223
31.9 0.8677
32 0.866965
32.1 0.870366
32.2 0.870138
32.3 0.866132
32.4 0.869989
32.5 0.876376
32.6 0.873155
32.7 0.876744
32.8 0.873754
32.9 0.879308
33 0.881103
33.1 0.885123
33.2 0.887835
33.3 0.883043
33.4 0.883136
33.5 0.8859
33.6 0.884156
33.7 0.882426
33.8 0.883772
33.9 0.885065
34 0.881874
34.1 0.884427
34.2 0.886232
34.3 0.889175
34.4 0.893932
34.5 0.894122
34.6 0.892771
34.7 0.894856
34.8 0.897436
34.9 0.897274
35 0.900218
35.1 0.894033
35.2 0.896382
35.3 0.899178
35.4 0.89802
35.5 0.898937
35.6 0.897161
35.7 0.899078
35.8 0.895656
35.9 0.890788
36 0.893321
36.1 0.895055
36.2 0.902817
36.3 0.899251
36.4 0.897194
36.5 0.897181
36.6 0.899031
36.7 0.901449
36.8 0.903035
36.9 0.906242
37 0.909862
37.1 0.906381
37.2 0.905081
37.3 0.905667
37.4 0.903772
37.5 0.900164
37.6 0.897646
37.7 0.895506
37.8 0.896793
37.9 0.896101
38 0.894303
38.1 0.891049
38.2 0.891786
38.3 0.890494
38.4 0.890305
38.5 0.887384
38.6 0.884545
38.7 0.884095
38.8 0.88524
38.9 0.886146
39 0.884538
39.1 0.885979
39.2 0.886099
39.3 0.888496
39.4 0.885876
39.5 0.883584
39.6 0.883294
39.7 0.882644
39.8 0.884862
39.9 0.889541
40 0.888363
40.1 0.884112
40.2 0.88542
40.3 0.882538
40.4 0.884535
40.5 0.881067
40.6 0.87607
40.7 0.876635
40.8 0.88015
40.9 0.881877
41 0.884377
41.1 0.881575
41.2 0.883138
41.3 0.883138
41.4 0.885847
41.5 0.891685
41.6 0.895466
41.7 0.898969
41.8 0.895498
41.9 0.894669
42 0.896813
42.1 0.897891
42.2 0.895541
42.3 0.897383
42.4 0.893936
42.5 0.890792
42.6 0.891535
42.7 0.890992
42.8 0.892051
42.9 0.894719
43 0.899292
43.1 0.899706
43.2 0.903047
43.3 0.901496
43.4 0.903727
43.5 0.90017
43.6 0.896773
43.7 0.898886
43.8 0.899424
43.9 0.901121
44 0.903525
44.1 0.89999
44.2 0.897136
44.3 0.897458
44.4 0.89392
44.5 0.896446
44.6 0.891073
44.7 0.889229
44.8 0.890447
44.9 0.894031
45 0.898081
45.1 0.897774
45.2 0.898411
45.3 0.892487
45.4 0.891977
45.5 0.890818
45.6 0.889463
45.7 0.888633
45.8 0.889889
45.9 0.888802
46 0.886421
46.1 0.88803
46.2 0.885371
46.3 0.885038
46.4 0.882572
46.5 0.884659
46.6 0.878174
46.7 0.874236
46.8 0.871661
46.9 0.8711
47 0.868948
47.1 0.87378
47.2 0.872465
47.3 0.875278
47.4 0.878375
47.5 0.877595
47.6 0.878184
47.7 0.87436
47.8 0.874658
47.9 0.888155
48 0.893394
48.1 0.895097
48.2 0.901427
48.3 0.902623
48.4 0.901032
48.5 0.905895
48.6 0.910231
48.7 0.911905
48.8 0.908006
48.9 0.910545
49 0.910908
49.1 0.909069
49.2 0.906976
49.3 0.908922
49.4 0.906609
49.5 0.905315
49.6 0.903797
49.7 0.906772
49.8 0.907066
49.9 0.907855
50 0.90411
50.1 0.904609
50.2 0.90319
50.3 0.903773
50.4 0.904334
50.5 0.900954
50.6 0.902967
50.7 0.905619
50.8 0.906488
50.9 0.907026
51 0.906045
51.1 0.907032
51.2 0.904588
51.3 0.906322
51.4 0.908132
51.5 0.907879
51.6 0.907113
51.7 0.902689
51.8 0.907461
51.9 0.906635
52 0.905958
52.1 0.901899
52.2 0.899956
52.3 0.901571
52.4 0.906611
52.5 0.9132
52.6 0.91444
52.7 0.914011
52.8 0.913109
52.9 0.914252
53 0.91316
53.1 0.908875
53.2 0.908248
53.3 0.904247
53.4 0.904787
53.5 0.906665
53.6 0.90921
53.7 0.907319
53.8 0.905196
53.9 0.906072
54 0.910304
54.1 0.911656
54.2 0.912973
54.3 0.912727
54.4 0.912664
54.5 0.91509
54.6 0.915776
54.7 0.917423
54.8 0.917909
54.9 0.917956
55 0.919629
55.1 0.918569
55.2 0.921152
55.3 0.921043
55.4 0.920659
55.5 0.922853
55.6 0.919136
55.7 0.922584
55.8 0.922407
55.9 0.922942
56 0.919406
56.1 0.919106
56.2 0.914706
56.3 0.910893
56.4 0.908561
56.5 0.909264
56.6 0.90595
56.7 0.907636
56.8 0.909854
56.9 0.907942
57 0.906489
57.1 0.906764
57.2 0.903536
57.3 0.902979
57.4 0.90287
57.5 0.900055
57.6 0.897585
57.7 0.900947
57.8 0.896869
57.9 0.898264
58 0.896917
58.1 0.901829
58.2 0.901031
58.3 0.905205
58.4 0.908469
58.5 0.912469
58.6 0.91479
58.7 0.91481
58.8 0.915955
58.9 0.919083
59 0.919141
59.1 0.917086
59.2 0.918465
59.3 0.914171
59.4 0.915579
59.5 0.910431
59.6 0.905719
59.7 0.906887
59.8 0.904297
59.9 0.903254
60 0.902123
60.1 0.903034
60.2 0.904968
60.3 0.904217
60.4 0.900992
60.5 0.901169
60.6 0.903801
60.7 0.905129
60.8 0.909312
60.9 0.901733
61 0.900054
61.1 0.901466
61.2 0.899712
61.3 0.901684
61.4 0.903212
61.5 0.903292
61.6 0.903091
61.7 0.902182
61.8 0.899779
61.9 0.899197
62 0.894177
62.1 0.894023
62.2 0.893415
62.3 0.89561
62.4 0.894011
62.5 0.891118
62.6 0.892242
62.7 0.893113
62.8 0.890508
62.9 0.890138
63 0.892682
63.1 0.891799
63.2 0.892118
63.3 0.895621
63.4 0.895621
63.5 0.892272
63.6 0.895188
63.7 0.895209
63.8 0.891218
63.9 0.896301
64 0.897518
64.1 0.895025
64.2 0.894545
64.3 0.892486
64.4 0.892473
64.5 0.88963
64.6 0.889853
64.7 0.887084
64.8 0.886709
64.9 0.885812
65 0.887386
65.1 0.887147
65.2 0.886738
65.3 0.886987
65.4 0.889528
65.5 0.88762
65.6 0.884209
65.7 0.881057
65.8 0.880239
65.9 0.879499
66 0.880204
66.1 0.881379
66.2 0.882912
66.3 0.882873
66.4 0.88149
66.5 0.885354
66.6 0.889284
66.7 0.894051
66.8 0.892386
66.9 0.893719
67 0.896271
67.1 0.893687
67.2 0.897456
67.3 0.896563
67.4 0.898489
67.5 0.899389
67.6 0.899118
67.7 0.905423
67.8 0.905086
67.9 0.90708
68 0.908183
68.1 0.911093
68.2 0.908983
68.3 0.91233
68.4 0.913247
68.5 0.912727
68.6 0.911465
68.7 0.909554
68.8 0.909435
68.9 0.909178
69 0.906044
69.1 0.907215
69.2 0.911922
69.3 0.909091
69.4 0.906392
69.5 0.90947
69.6 0.906641
69.7 0.903462
69.8 0.904033
69.9 0.904254
70 0.901102
70.1 0.897514
70.2 0.898887
70.3 0.897567
70.4 0.90054
70.5 0.898973
70.6 0.900414
70.7 0.89988
70.8 0.90478
70.9 0.904561
71 0.903996
71.1 0.901112
71.2 0.901339
71.3 0.898602
71.4 0.89513
71.5 0.896183
71.6 0.89489
71.7 0.894325
71.8 0.896423
71.9 0.895148
72 0.896916
72.1 0.898252
72.2 0.897837
72.3 0.897098
72.4 0.899888
72.5 0.898792
72.6 0.900914
72.7 0.901227
72.8 0.898349
72.9 0.891617
73 0.898145
73.1 0.897469
73.2 0.899604
73.3 0.896594
73.4 0.900523
73.5 0.900681
73.6 0.899045
73.7 0.897777
73.8 0.893061
73.9 0.888795
74 0.884421
74.1 0.885327
74.2 0.884644
74.3 0.886868
74.4 0.886576
74.5 0.895507
74.6 0.901487
74.7 0.911514
74.8 0.91651
74.9 0.919336
75 0.923015
75.1 0.921784
75.2 0.922486
75.3 0.918843
75.4 0.919161
75.5 0.91967
75.6 0.921854
75.7 0.916301
75.8 0.916864
75.9 0.915629
76 0.912828
76.1 0.916638
76.2 0.915128
76.3 0.91449
76.4 0.916564
76.5 0.919215
76.6 0.918759
76.7 0.91749
76.8 0.919562
76.9 0.91696
77 0.915924
77.1 0.916429
77.2 0.914552
77.3 0.913871
77.4 0.913832
77.5 0.914554
77.6 0.91888
77.7 0.914409
77.8 0.911514
77.9 0.909487
78 0.910445
78.1 0.910492
78.2 0.909071
78.3 0.91484
78.4 0.91557
78.5 0.914959
78.6 0.91837
78.7 0.915006
78.8 0.913852
78.9 0.911224
79 0.909226
79.1 0.907429
79.2 0.909463
79.3 0.908835
79.4 0.90894
79.5 0.904494
79.6 0.900952
79.7 0.905863
79.8 0.903657
79.9 0.905401
80 0.904583
80.1 0.901372
80.2 0.906947
80.3 0.905518
80.4 0.902728
80.5 0.90124
80.6 0.902154
80.7 0.900774
80.8 0.902489
80.9 0.902034
81 0.900645
81.1 0.897631
81.2 0.900609
81.3 0.903901
81.4 0.903723
81.5 0.904513
81.6 0.910492
81.7 0.91052
81.8 0.9107
81.9 0.912652
82 0.913011
82.1 0.911735
82.2 0.91201
82.3 0.912836
82.4 0.908243
82.5 0.908661
82.6 0.905811
82.7 0.905958
82.8 0.90922
82.9 0.906031
83 0.904493
83.1 0.901364
83.2 0.90558
83.3 0.907205
83.4 0.903642
83.5 0.904898
83.6 0.902024
83.7 0.899229
83.8 0.899137
83.9 0.899289
84 0.897676
84.1 0.895545
84.2 0.891594
84.3 0.893101
84.4 0.88889
84.5 0.892991
84.6 0.889034
84.7 0.88422
84.8 0.880272
84.9 0.880189
85 0.881818
85.1 0.876136
85.2 0.874038
85.3 0.872501
85.4 0.879805
85.5 0.877949
85.6 0.880162
85.7 0.88151
85.8 0.878941
85.9 0.885575
86 0.885497
86.1 0.885526
86.2 0.890084
86.3 0.890085
86.4 0.887444
86.5 0.887982
86.6 0.888374
86.7 0.889487
86.8 0.894773
86.9 0.894287
87 0.891804
87.1 0.888912
87.2 0.888865
87.3 0.889007
87.4 0.889516
87.5 0.885792
87.6 0.883424
87.7 0.883667
87.8 0.880106
87.9 0.881965
88 0.882943
88.1 0.883416
88.2 0.880818
88.3 0.877945
88.4 0.875852
88.5 0.876369
88.6 0.871936
88.7 0.869019
88.8 0.869145
88.9 0.87121
89 0.872263
89.1 0.871237
89.2 0.871209
89.3 0.871873
89.4 0.877826
89.5 0.879611
89.6 0.88635
89.7 0.890494
89.8 0.889793
89.9 0.892345
90 0.895768
90.1 0.898311
90.2 0.89639
90.3 0.893963
90.4 0.89379
90.5 0.888812
90.6 0.882688
90.7 0.885145
90.8 0.885483
90.9 0.884067
91 0.884486
91.1 0.890324
91.2 0.887892
91.3 0.895655
91.4 0.899785
91.5 0.903029
91.6 0.909742
91.7 0.914412
91.8 0.912296
91.9 0.907458
92 0.908457
92.1 0.909695
92.2 0.907772
92.3 0.906829
92.4 0.904882
92.5 0.907387
92.6 0.899188
92.7 0.895982
92.8 0.892686
92.9 0.896218
93 0.892128
93.1 0.892375
93.2 0.893076
93.3 0.891312
93.4 0.883991
93.5 0.884246
93.6 0.880956
93.7 0.886973
93.8 0.889259
93.9 0.889509
94 0.890429
94.1 0.896393
94.2 0.897803
94.3 0.899956
94.4 0.901684
94.5 0.900291
94.6 0.896874
94.7 0.894453
94.8 0.895908
94.9 0.898044
95 0.895582
95.1 0.895802
95.2 0.894273
95.3 0.895621
95.4 0.899531
95.5 0.894376
95.6 0.889934
95.7 0.892306
95.8 0.889736
95.9 0.891477
96 0.895017
96.1 0.897599
96.2 0.900944
96.3 0.897091
96.4 0.897763
96.5 0.895525
96.6 0.892154
96.7 0.894339
96.8 0.896246
96.9 0.894017
97 0.888201
97.1 0.892185
97.2 0.887837
97.3 0.888443
97.4 0.890381
97.5 0.888037
97.6 0.890451
97.7 0.890584
97.8 0.885555
97.9 0.886117
98 0.883093
98.1 0.886801
98.2 0.890386
98.3 0.898052
98.4 0.900035
98.5 0.903701
98.6 0.902344
98.7 0.896998
98.8 0.899632
98.9 0.898519
99 0.90768
99.1 0.907523
99.2 0.905886
99.3 0.906569
99.4 0.913435
99.5 0.916086
99.6 0.912116
99.7 0.909164
99.8 0.908183
99.9 0.906983
