16.4802 19.7736 2.26231
16.309 4.1771 2.87827
6.86524 6.58371 4.25734
9.24162 15.608 2.18006
16.4936 1.84455 5.54949
7.47757 15.4477 0.042676
10.2225 0.348232 6.0745
2.1197 16.0837 4.17945
0.660317 5.36818 5.6831
13.2367 4.77989 5.63067
17.6181 5.86931 2.2775
9.36732 0.242072 4.43256
2.46125 2.94398 3.97675
12.1349 8.30681 5.72513
16.2917 0.425397 1.46193
16.6739 4.48576 3.24861
12.8804 2.22364 2.36313
11.4439 7.2582 1.38981
12.6965 10.6279 0.325732
2.96725 17.4914 4.55051
18.5076 6.26415 3.73018
19.3685 4.71223 4.3107
8.80798 1.43914 4.80454
0.80547 18.6932 1.72858
13.3909 3.22148 3.74555
15.0451 10.3932 4.49353
8.13483 1.92316 1.64698
11.7273 19.2873 3.62554
15.2012 19.3978 0.213759
19.0938 12.8346 3.22189
16.8668 15.0311 3.14358
0.476335 11.7532 3.14656
11.4824 14.2435 6.01394
15.3086 1.97416 5.70327
0.607237 16.9898 4.03307
17.985 18.5183 2.74198
11.5451 3.28853 0.404786
12.5509 16.4058 3.05831
4.49385 17.0528 4.64934
13.8988 10.5237 5.91198
12.75 4.78478 3.83052
12.4365 6.3563 1.76218
9.61465 16.154 0.269833
11.421 18.0121 4.75104
15.6419 7.1534 2.31217
17.0563 5.1403 5.82359
1.30752 10.747 5.66945
10.2719 16.0524 3.6516
14.6139 11.6118 1.30659
17.073 14.8816 1.49458
5.26878 13.0752 5.0436
15.7405 7.42431 2.60471
7.44612 14.8878 2.67405
12.6383 15.0717 0.91959
12.3902 11.6385 3.34436
15.0979 14.9925 3.47943
6.21569 4.56229 1.55325
13.1764 13.7538 1.4127
4.05076 0.385688 4.2277
5.46226 1.56185 0.599141
16.9175 5.78518 0.10372
12.6863 11.0308 4.21194
8.77173 6.60778 0.00795366
16.3161 16.0272 5.76995
8.56244 3.52428 2.06874
0.639061 19.6901 3.38897
9.92784 16.1147 2.8875
2.25677 9.64016 3.60046
17.4981 7.1983 0.633052
0.578173 2.22484 5.5874
5.26004 15.5941 3.94958
14.5139 1.15916 3.94186
18.3412 13.8293 4.80355
12.1189 2.26825 5.2877
10.0983 3.28187 5.39671
14.2465 18.7491 5.10408
11.6763 5.7055 5.20446
13.0904 12.2041 0.37585
7.28746 16.524 1.42702
15.219 6.73829 0.964743
0.951392 11.6074 2.63921
4.82199 15.3326 1.78177
5.47245 16.8932 5.64715
6.40234 10.1942 3.35651
5.09389 6.68191 1.13413
0.454283 4.07936 2.18172
6.65728 10.3059 3.46931
0.506078 6.9324 0.623865
9.1159 11.4839 5.58524
10.1415 5.63612 4.54064
19.7171 15.4966 6.02626
9.41071 11.2046 2.74262
5.87314 3.1128 5.89011
8.43668 2.19164 1.86844
10.3883 5.33014 0.341324
19.8601 17.4319 1.78151
15.4368 4.69488 4.32589
17.0485 17.1417 3.37905
19.0973 2.35159 4.18962
0.92292 3.38686 3.61223
5.43796 6.00351 1.62366
15.24 4.12849 0.0520654
5.42585 13.2909 1.04211
4.46095 2.37907 6.28272
9.18452 15.3578 0.397684
0.261411 0.878093 3.38297
3.8844 6.68782 4.92594
18.612 11.8524 6.2199
1.06756 4.93688 1.11717
14.3305 0.58964 2.41217
9.2387 5.10717 3.39296
7.72805 13.7749 6.25947
7.83931 7.47786 1.91183
17.9426 10.1957 5.10601
14.4903 11.6912 3.49473
3.51772 4.8269 2.7888
10.2586 7.29002 5.19143
17.5499 0.047337 5.17997
1.71459 17.2284 5.10095
7.72761 15.8503 6.10929
11.325 15.2148 4.11856
4.49626 10.4946 2.44115
13.244 13.0646 4.44161
16.9929 14.854 5.37038
0.572907 8.50527 1.46667
2.13352 13.1 2.26459
16.6363 3.90911 0.257668
2.02484 6.47019 4.11563
17.245 14.9289 0.277663
2.87921 15.3116 4.81602
15.3099 6.52188 4.81357
14.332 5.4312 4.13602
6.90683 19.7886 4.74898
9.78566 6.87977 4.60235
14.5478 11.138 1.19987
13.5356 11.4563 5.05637
6.38168 6.73367 0.333102
12.9587 19.9382 5.90544
18.0384 6.91007 2.35229
0.465681 4.12531 5.64394
19.748 0.899392 6.12806
12.8295 14.7682 0.231553
18.428 4.95185 4.47403
15.6752 17.7043 5.96867
19.5142 13.1641 2.25935
0.917299 16.6705 4.14927
7.07266 3.864 2.69612
6.86006 18.516 3.47671
9.20056 19.5138 3.76439
13.9687 5.53438 4.40744
16.632 6.3513 1.96374
15.5024 19.5759 1.96376
0.790301 19.5802 0.291053
5.18682 13.1367 2.58284
11.0177 1.13301 2.84098
3.48614 12.7188 1.97647
3.0001 12.3463 2.0692
6.40537 1.75449 1.02851
10.817 13.2188 3.63549
5.14119 18.845 4.4693
7.57215 8.18472 5.94377
8.4761 18.9354 6.15671
2.77745 17.1056 3.0163
9.47632 17.72 4.13655
16.2849 13.5615 1.21373
3.1419 15.5504 1.25202
8.03377 2.04117 0.526741
11.3389 13.5751 3.8327
6.71991 2.20253 5.45236
4.98606 1.91178 1.61295
4.83553 19.8561 3.86793
19.4385 1.74053 3.4195
6.46478 19.6725 4.51656
10.0665 10.5042 0.751517
9.44513 18.3954 4.17545
5.05355 14.7023 3.6665
6.00494 1.79008 1.52087
0.441349 14.233 1.84526
19.7343 3.54591 2.0531
14.4787 9.48387 6.12007
17.8813 19.4003 2.703
8.39494 14.1898 0.306124
1.1871 17.6723 4.47678
11.1748 10.8147 5.11763
14.643 0.031911 5.49132
15.1194 11.2645 0.663779
1.06885 12.6625 3.43087
7.07497 8.92724 4.28713
11.5509 12.3374 0.209383
9.74823 3.90187 1.92256
13.2998 0.303186 0.0264335
10.4145 5.61355 4.55663
4.57679 13.8834 1.57022
2.37505 16.1363 5.57012
1.7255 6.41842 0.639688
13.0613 14.8784 2.32285
7.67503 17.1103 4.95161
0.652579 11.0782 3.81663
17.8438 9.28613 0.804622
10.4264 1.11926 2.23721
9.28995 10.0682 0.654345
1.05697 19.6557 1.26513
2.70447 13.1555 4.33695
13.8698 9.57796 4.82277
13.374 2.20562 1.76722
19.7626 15.2983 1.89244
15.4238 8.1439 1.34115
4.48236 10.884 0.977
17.7706 10.9092 3.58266
8.89519 6.50585 2.87173
17.5757 6.72742 0.105062
12.9438 16.0568 5.72147
17.591 5.13412 0.311665
5.76244 0.0745497 5.76018
9.81148 2.87372 5.73402
4.85984 5.25261 2.85838
4.79752 7.63905 5.85891
11.2806 5.59202 2.17713
3.65015 1.51479 0.676948
5.0561 0.556703 0.829416
7.41161 4.9535 5.59424
0.108563 17.7027 5.94559
13.2759 4.55117 3.13953
11.5011 15.0842 5.70229
10.8823 0.986315 5.59512
0.115059 1.18313 5.22811
12.1651 15.6893 3.88418
5.52373 5.79121 3.87554
12.7681 9.3118 3.06413
11.1195 16.994 3.34234
14.5111 5.51116 6.18519
11.964 19.9437 5.06962
12.1477 17.6634 1.75925
5.3048 7.18007 4.73622
8.78622 4.14241 3.58918
11.8148 9.71167 1.92604
7.42624 12.0192 4.74458
19.4637 4.00916 5.34081
7.68462 15.5757 4.63989
4.7583 6.74394 2.52245
1.35712 10.8633 1.79413
6.08054 10.1929 1.01702
9.44744 11.1936 1.79847
0.499726 18.2728 1.91388
5.44728 14.2843 5.74156
4.32144 10.0446 5.40927
7.17535 10.0798 1.84187
17.4914 2.2155 0.0957623
7.36031 0.248673 4.6527
0.254249 3.73045 4.92333
2.54052 16.957 4.84464
17.3794 13.3536 5.0251
7.89312 16.5109 5.4356
19.0286 8.8918 1.79274
18.4664 17.6269 3.54132
2.02176 8.34684 3.3805
4.16378 19.4235 1.54893
9.88039 3.63863 3.97372
13.8513 5.95509 3.80864
18.6621 18.3497 1.01237
15.7587 3.75265 3.33153
11.5838 10.1696 2.44088
15.8013 0.0366209 1.96895
11.0315 11.2481 5.33753
15.3058 9.1231 4.9927
6.04354 18.7862 1.77122
7.02347 14.1146 1.65135
19.5224 16.4433 5.39421
14.6748 5.74805 3.09052
12.657 18.2603 6.14617
18.6213 14.7191 4.64536
14.3878 18.505 3.62225
0.684274 0.45769 3.65509
16.9979 0.746642 1.33713
18.1435 8.47134 1.80507
1.44259 17.4346 5.31959
7.37529 5.8181 2.18331
18.6351 9.82104 0.34174
14.1537 14.9454 0.792922
18.3822 2.57391 2.39182
19.5966 6.67315 0.390731
1.28471 1.65252 0.660908
14.3412 0.222232 4.27015
12.789 4.43118 2.17903
9.73709 17.0953 2.69002
10.5957 7.77676 3.87868
16.6321 19.2244 6.2294
10.4246 0.365192 1.66053
13.2836 14.4475 3.84567
3.64907 19.1928 4.92711
18.1436 4.7449 3.57312
5.69977 13.5036 6.22263
3.47373 11.8746 5.59783
10.4394 1.66998 1.04815
14.8468 10.1678 1.97831
14.5778 10.3576 1.2682
8.78246 17.9219 4.97084
17.5079 3.45482 3.4826
7.1784 17.4443 5.93545
1.78615 2.67806 5.96517
11.9298 8.15723 2.20964
7.27882 7.40973 2.34338
18.141 4.72767 2.545
2.22837 1.4672 2.10419
16.3387 7.08279 2.08843
10.6506 2.32695 2.02987
17.7615 4.41465 1.49214
16.9095 18.3636 2.11562
6.98314 6.94497 2.19883
14.0062 15.5215 4.40007
17.2753 15.3881 2.04891
5.80982 13.0712 2.66187
0.654339 16.1582 2.51246
9.63472 3.83533 3.24939
9.79995 7.19282 2.47219
7.75809 8.26904 2.52987
6.8249 9.61125 2.26345
4.06426 12.5356 2.11151
17.0605 15.6985 1.88548
15.583 15.9178 2.86365
8.94897 6.00967 2.67887
12.0469 7.65541 2.63064
4.00787 18.0175 2.55824
14.6476 6.34292 2.34161
5.63791 8.28133 2.50479
9.92336 5.3901 2.53284
2.50665 9.99197 2.22352
3.63033 2.33581 2.08475
15.4016 7.1806 1.959
11.2304 17.5967 2.13456
8.88878 18.9641 2.12669
10.7572 12.4218 2.62353
13.7202 17.9739 2.37002
15.2121 6.94099 2.31666
18.636 3.92743 2.08323
13.396 6.50654 2.30108
14.2593 8.90926 2.44922
4.19998 0.99975 2.27652
10.083 9.4469 5.08852
16.9223 16.5622 2.09999
5.53384 7.84997 2.06266
5.61038 12.7964 2.58838
9.87067 2.82952 2.52642
10.4357 8.29477 4.29162
7.43912 12.2755 2.53401
13.864 11.2281 2.76358
9.20292 14.9023 1.50347
4.53019 13.0296 2.07064
8.8909 18.4749 2.8523
18.4081 4.41643 2.13405
1.98627 7.64939 2.51862
7.05779 11.9304 2.44502
0.953641 2.04928 2.48267
13.4306 4.26163 2.4677
3.59962 15.5756 2.31798
8.70454 7.85124 3.69949
1.21862 12.9698 2.59287
12.0506 3.21658 1.68971
17.591 4.77892 1.95505
2.32564 9.2786 2.50999
16.9651 15.0127 1.87364
5.50304 9.76422 2.44753
12.7622 13.4851 2.16228
18.7781 2.41282 2.01742
1.8662 10.6038 2.26327
12.1993 4.00451 2.50856
1.76182 1.23578 2.36749
16.9351 14.9974 1.83759
19.3568 16.1254 1.9498
3.31499 9.51835 2.11678
17.277 17.4482 2.44981
6.82563 6.42013 2.32969
11.178 17.4399 2.07587
19.7278 18.1753 5.962
17.5873 17.0103 5.35898
11.1289 14.645 2.40865
6.09447 4.51229 2.54266
11.4016 19.1984 1.98157
2.92367 4.74841 2.17079
9.73619 14.2305 2.28294
13.4445 17.9508 2.16475
18.4539 2.23106 2.49769
10.7882 19.1983 2.25932
19.523 16.9955 2.51977
7.76191 15.3997 2.07353
14.0108 11.2973 2.45663
17.5733 13.695 3.19322
4.56874 13.1581 2.01805
8.04161 17.4054 2.09766
2.41626 8.30675 2.33808
7.96186 18.9905 1.31129
3.01164 17.8611 1.89069
9.24568 17.685 2.75957
1.56217 8.71058 2.65555
6.39959 4.53735 2.55721
1.43812 6.4266 1.97838
7.27283 7.17046 2.394
8.06049 17.5594 2.70129
11.0786 7.27958 2.58989
14.1053 8.25375 2.68059
2.47025 14.997 2.18695
18.7374 10.3637 2.54795
2.00906 1.13821 2.33601
3.804 9.02816 2.67058
10.361 11.8166 2.7218
12.1195 5.55749 2.48623
16.7944 6.33544 2.21121
6.6635 15.6172 0.935362
6.04817 12.2497 2.07164
5.70922 5.18997 2.74305
19.406 5.41498 3.12009
6.06117 1.42716 2.32298
1.37788 14.6329 2.7488
4.72634 13.8286 2.31765
5.5239 13.2281 2.47284
14.4119 3.7972 2.94826
4.54311 1.48329 3.05786
0.232564 1.96671 2.29277
14.5769 18.1194 2.7389
9.1203 0.816072 2.91622
4.09173 16.8955 2.63114
17.9931 17.784 2.73135
8.0979 14.9159 2.18379
13.8025 7.65454 3.02667
17.5045 17.2684 2.5039
14.4089 17.8335 2.48051
15.5976 12.4158 2.41408
8.24102 1.34978 5.81559
19.2957 0.0422669 2.65582
3.20461 6.8797 3.05562
18.3041 10.5655 1.32661
6.27026 6.31442 2.78797
19.8771 16.9352 2.60491
2.24446 5.89293 2.84883
8.97503 18.2485 2.66532
0.150945 11.6818 0.828172
15.665 9.70071 0.161368
11.2599 5.98367 2.53195
11.996 14.3003 2.40829
4.16807 7.64679 2.59225
1.93032 6.25009 2.59636
16.0238 3.718 1.85101
10.0268 5.28241 2.51126
14.3354 2.50491 2.36794
10.8064 17.5378 2.521
12.7401 13.2751 2.93325
18.211 7.60361 2.46224
19.093 3.82049 2.54282
0.298197 1.23607 2.18439
5.64683 8.87391 2.68523
10.0727 12.6171 2.91655
8.39813 6.19053 2.42111
17.5163 7.31812 2.33146
18.8088 0.609091 2.1578
4.70266 8.00491 2.50234
17.9915 0.227299 2.63079
17.2769 19.6328 2.61265
11.037 9.01448 1.70357
5.46177 0.328446 2.44327
17.9762 17.3853 2.52816
10.6122 14.6345 2.42296
17.5119 19.6711 0.53364
13.9226 18.0656 2.47063
0.176059 18.5942 2.755
19.3384 0.350984 2.6615
18.1715 2.29228 2.27403
6.34705 9.76776 2.54634
3.48753 18.6179 2.20981
15.5232 0.329311 0.635058
18.9574 8.72896 2.58765
16.1923 3.50327 2.76849
12.5196 8.16889 2.44826
19.052 3.87339 1.84829
5.30128 17.2063 2.42026
0.631704 0.486871 2.51026
17.7989 0.529007 2.51253
2.62046 9.27855 2.65059
18.9868 3.25166 2.68899
13.5823 11.0597 2.4201
16.8177 15.1629 2.10884
11.6453 6.5854 2.32858
7.1351 1.27743 3.18957
13.6354 19.635 2.13956
8.72746 4.81691 2.55668
0.320882 0.448935 2.07807
10.4655 18.7626 2.41974
13.1375 17.7651 2.33332
2.2209 6.53621 2.54997
13.0976 19.1855 2.69512
1.46532 7.91112 2.2679
11.8682 6.37144 2.30747
2.20752 5.69647 2.45126
19.8085 2.33306 2.2911
3.47628 7.03197 4.73347
2.40997 14.301 2.86823
7.96045 18.7923 3.13121
3.18182 16.368 2.55685
2.98454 2.33221 5.2972
16.6499 18.1739 2.55185
2.922 7.5832 2.55132
7.061 16.8578 2.44033
16.3664 7.14673 2.78164
14.9782 17.5577 2.7157
7.44297 7.5963 2.2459
6.67186 9.30711 2.28256
13.7021 2.45279 2.33534
13.0452 15.6091 2.01109
19.9086 19.265 2.61559
8.12206 10.3235 3.30603
0.922506 10.8275 1.88515
5.18872 8.89062 2.04554
12.8441 2.46324 2.77001
17.0672 12.6499 2.99132
0.603227 16.1428 2.62523
17.8096 18.3245 4.99929
15.7083 3.79806 2.62704
5.11471 12.3872 2.51202
4.15135 12.2443 2.59664
12.9758 2.67793 0.968214
2.32293 8.23707 2.2153
6.86218 16.8527 3.16586
0.920673 10.9862 3.43179
4.9058 9.3782 2.78113
13.1343 17.6753 2.14653
14.5184 4.27332 2.58924
12.6886 2.19698 2.7176
4.07533 16.4451 2.18058
17.8992 9.01983 2.69259
4.46408 13.1084 2.39196
3.17877 13.3037 3.19421
13.882 9.42753 2.44444
9.00265 14.3383 2.9384
4.0088 2.37865 2.15608
18.3737 5.24458 2.42489
0.417405 7.51494 1.84493
4.6396 16.1684 2.62586
19.8978 12.6739 2.93444
13.7034 2.15244 2.42834
6.45142 8.73992 2.49172
16.8337 12.4911 2.43574
17.7285 19.5182 2.76851
0.685986 17.2306 2.39143
4.06998 19.2052 2.39979
14.2911 5.64703 2.46146
5.27909 0.271862 2.44744
1.94765 8.05787 2.56686
18.9896 14.832 2.80502
19.0839 7.27106 2.3938
19.7576 0.820473 2.31926
12.6044 6.43715 2.50408
13.7903 18.2607 2.48268
10.4828 14.5205 2.54504
9.06791 0.649656 1.97895
16.5314 16.6091 2.83411
10.3629 16.6729 2.73498
13.358 11.1701 2.23105
0.678601 7.78288 2.82332
2.70848 6.06191 2.42729
5.30631 9.6993 2.39095
14.2264 5.73224 2.15467
7.21176 7.4085 2.28268
3.13529 14.9041 2.51002
8.66297 6.04163 2.32107
4.26758 10.746 2.83062
9.57587 5.50509 2.59295
0.96612 6.57008 2.72565
1.09454 1.62681 2.33337
18.6721 8.53496 3.71539
6.08375 10.3424 2.47333
15.9089 2.02484 2.51076
10.906 14.8348 2.26246
8.62368 14.283 2.81318
12.3638 4.03008 2.18677
13.2079 8.91041 2.36105
10.9932 14.8851 2.2985
14.4122 18.257 2.34398
5.16712 14.8799 1.85985
5.44317 14.0304 2.01862
13.5532 3.05371 2.34332
13.1266 10.131 2.93747
1.14564 15.7361 2.22835
18.8414 8.76582 2.37994
18.3141 2.54343 1.75041
4.48551 9.225 2.57477
1.26627 1.62499 2.51603
1.78398 8.84702 2.61415
14.6412 5.48119 2.18627
3.8282 7.34687 2.07328
5.72292 16.6408 2.42167
17.3949 17.2943 2.72659
9.50518 8.49631 2.75539
5.8367 1.05874 2.43861
0.412159 7.31763 2.44178
6.61637 8.18183 2.58881
10.3367 18.3578 2.54295
9.59136 18.1341 2.49418
1.93111 13.5956 2.72558
8.35614 5.6464 3.19615
4.8553 11.9958 2.5677
8.23486 6.15133 2.35811
3.50038 12.9981 2.35591
6.30063 16.7752 2.03482
11.631 12.039 2.7729
15.3431 8.58455 2.40957
11.0929 15.0895 2.40659
5.71407 10.5602 2.76709
11.3154 11.1776 2.70287
9.97067 4.72866 2.54534
18.8182 11.8863 2.80694
9.15175 13.1719 2.49409
12.2608 3.94761 2.25511
0.85742 1.41082 1.97959
11.3162 19.3151 2.40889
0.298293 5.9021 3.56086
2.44162 13.2879 2.29567
4.03429 16.9722 1.67535
1.28603 17.6806 2.53335
17.0999 19.5543 2.2863
12.9381 4.70963 1.9169
8.26561 1.70016 3.02499
2.67214 12.8124 2.20714
4.57497 13.9629 2.83233
17.0249 4.73359 2.17375
9.49659 14.4662 1.774
19.5693 15.9694 2.39532
3.55737 12.1486 1.80605
17.3306 18.1378 1.92803
16.4786 8.51972 2.21086
10.3289 15.1828 2.61215
4.77936 5.03618 2.1536
5.17835 7.80269 1.85783
2.27515 17.2383 2.24774
6.11228 4.281 2.48235
10.5289 15.1812 2.28128
10.5875 9.36026 2.96146
7.77653 14.5578 2.31172
6.35312 14.5913 2.47251
15.057 4.32606 2.55178
4.50428 7.89946 2.19556
9.96089 3.35329 2.24136
16.3832 10.2032 3.33889
17.9676 18.9256 2.1651
1.75249 7.1252 2.19548
2.77613 11.3015 1.9262
0.916836 19.6814 2.54515
5.85524 16.8376 2.63113
5.2781 3.72365 2.66754
0.496401 1.94222 2.15991
3.17941 6.30553 2.37931
12.2228 11.5649 2.42475
14.6448 14.1495 2.30234
19.3769 17.898 2.1844
13.7589 8.83475 2.18739
7.20567 11.5534 1.88898
18.934 4.21257 2.31886
2.40108 13.7477 2.29286
12.492 15.8504 2.91439
6.13855 10.9383 2.07875
10.118 11.2409 2.38474
14.5799 15.2443 2.23938
10.3619 1.04444 3.17486
18.7219 16.7632 2.63928
4.59837 18.8236 2.84402
12.3889 9.66911 2.00905
15.3097 17.8596 1.70195
5.11944 10.5744 2.18712
15.6546 8.92996 2.0658
14.9611 4.48419 1.39311
11.1295 0.414521 3.39796
17.5025 17.2248 1.9861
11.1313 4.73838 2.32355
18.936 12.277 2.56979
4.88983 5.05632 2.21999
8.19785 14.4773 0.850256
16.1312 13.0916 2.3038
4.91582 2.06859 2.4181
18.1182 10.317 2.75592
7.39878 7.6593 2.18642
16.8893 12.1423 2.42271
4.28984 2.42094 2.28245
6.98931 5.42233 2.47493
11.2512 8.29903 1.98194
7.12343 8.07073 1.49482
14.8051 5.3513 1.44617
3.13305 3.92198 1.71742
6.60778 17.297 2.19511
10.7431 0.120848 2.3508
18.2209 0.666746 2.13407
2.07599 5.05099 1.91295
14.5364 14.1368 2.26436
3.52776 7.55667 2.20805
16.905 5.28165 1.86774
3.78307 5.68506 2.23606
14.1315 14.9141 2.67375
0.647168 12.0592 1.46125
15.1314 13.9946 2.47903
2.59566 15.7695 1.89762
1.54636 4.63071 1.98587
2.91852 12.6479 2.40943
7.87671 14.9839 1.68053
15.935 1.99999 2.42559
10.6313 15.8493 2.59362
16.0302 8.0655 2.1741
17.5586 16.187 2.575
2.92123 18.0275 2.4544
2.99336 8.94468 3.16185
9.40241 12.8673 2.25821
6.1325 5.06578 2.25305
19.4081 19.3552 2.22584
17.9287 11.0621 2.1874
12.4337 11.0135 2.06229
2.38712 10.1594 2.39649
12.6586 19.1807 2.53642
17.902 0.753973 2.24021
18.8371 0.525623 2.0933
7.30912 10.572 2.35265
17.1465 7.66563 2.09906
12.61 8.02452 2.55849
9.85832 6.38118 2.27283
2.06208 6.42668 2.19445
16.5891 2.66219 1.73283
11.9567 5.0864 2.26339
3.31981 3.45078 1.95212
7.60282 14.4941 2.15401
11.7811 4.99063 2.43821
9.05866 5.42709 1.81733
10.5192 0.824208 2.26511
10.2899 5.31098 2.60783
12.4816 7.13172 2.43898
16.9235 13.8498 1.69143
12.0848 17.9291 1.79433
17.5731 10.7943 2.66324
14.4075 4.47378 1.67085
15.9161 13.3016 2.14177
4.34652 6.43317 1.93642
17.2898 0.511399 2.77566
10.9918 15.1755 2.40568
3.81888 12.0365 2.14028
5.97265 1.92168 2.10361
17.1378 14.2999 2.12994
15.9687 13.73 2.2376
10.0465 11.4595 2.13573
2.79853 11.5777 2.07947
9.54196 10.8394 1.98929
5.62069 5.47942 2.29942
4.12827 18.1278 2.59733
11.9117 15.0879 1.97491
13.9043 11.9428 1.6715
13.3187 8.1447 2.2512
19.8331 16.6123 2.44693
2.49946 18.4388 2.34339
2.43534 13.8043 1.89919
11.9527 15.2948 2.239
11.7824 7.38765 2.91693
16.5178 13.5479 2.62013
10.5783 6.64341 2.11123
9.2506 5.14743 2.44362
4.99832 16.1569 1.97146
0.287231 8.30731 1.76389
11.6284 4.928 2.00031
3.97018 1.84827 2.54933
12.8253 7.14714 2.59428
7.0429 5.11816 2.02895
13.3616 5.43224 1.50869
11.2896 6.04583 2.56496
13.1657 10.6057 1.86956
0.456377 17.7159 1.73959
14.9939 2.68883 2.41526
15.7976 7.98947 2.60494
12.2139 15.8364 2.13912
10.619 11.3144 2.00578
7.42699 16.438 1.91359
15.1069 12.7722 1.83356
19.0786 4.34454 1.65852
12.5717 6.08956 2.1261
9.67252 6.12571 1.92251
15.1361 15.3225 2.63056
14.6204 11.7567 1.77715
5.41128 16.3369 2.61325
8.79691 0.204356 2.69312
3.62038 12.0223 1.92211
18.5342 4.57976 1.99906
11.4956 8.74784 2.48391
1.05034 8.31106 1.90678
12.7124 6.68076 2.52359
3.6049 5.86329 2.28263
7.41076 5.79371 2.08054
15.9448 13.837 2.02089
5.11755 4.05779 1.70734
13.462 13.47 2.23464
6.13304 14.4509 1.97035
16.2808 13.4674 2.34595
12.0333 8.23064 2.48555
16.0343 5.8517 2.78279
15.3213 1.09055 2.04726
3.0168 5.3706 2.00376
17.4019 4.15622 2.17421
16.5616 2.38296 2.13281
9.72929 5.02406 1.98671
15.7831 13.9981 2.21041
1.27228 4.54924 2.49881
8.47387 12.5542 2.236
10.3662 5.83865 1.81687
3.39586 16.3137 2.09539
1.08722 17.199 1.60573
6.7267 9.26982 2.41541
7.76657 3.93839 1.92132
11.6413 4.48639 2.35674
1.49362 15.4814 1.73556
15.0436 18.7304 2.32248
18.1362 15.8018 2.36247
5.18816 8.53653 2.18848
8.07635 16.8529 2.34527
11.3562 19.5031 2.7466
9.9484 19.1944 2.73949
9.39678 11.2311 2.12771
18.8931 19.917 2.4536
16.8908 18.6324 2.49696
9.79111 11.4961 2.30921
16.5449 15.7015 1.97758
0.181212 3.68927 1.87011
11.5169 13.6716 2.96266
18.6787 16.6325 2.07229
5.59168 4.00349 2.81594
6.81387 10.3805 2.27188
5.52901 8.88284 2.5
18.1045 3.9833 1.75254
10.6367 15.4749 2.56135
17.4779 0.12579 2.05056
15.1712 18.8455 2.31768
7.13098 16.0807 1.76205
19.9163 16.6852 2.48022
16.4896 8.44046 2.19344
10.7809 10.9196 2.81603
13.7528 14.665 2.39415
18.9829 3.89229 1.78454
13.0816 18.8119 2.39589
9.3764 10.9553 2.11402
19.6353 15.603 1.98652
10.2849 19.7081 2.41634
10.5457 5.94058 2.50546
15.5355 4.73846 1.47895
15.7071 4.40095 2.39916
7.08086 12.1916 2.54317
19.4917 7.94751 2.35509
15.1155 14.5644 2.24612
10.3698 19.2128 2.94663
12.5176 14.5878 2.19869
12.35 7.0674 2.86136
6.92142 14.3612 2.28395
8.01299 5.97722 2.10727
1.85456 18.4242 2.33135
2.7365 7.8288 2.21948
11.5719 4.70127 1.84543
4.20686 3.66313 2.10171
6.29816 17.5536 1.77294
13.073 14.0069 2.41399
16.5742 13.2526 2.08551
18.1513 16.1803 2.37534
7.08198 12.3627 2.50212
2.68459 16.1535 2.4498
17.1568 2.36142 1.85131
1.72531 13.0803 2.13522
19.1712 18.4098 2.15977
2.86012 12.3903 2.07869
15.0336 13.8571 2.08966
14.0248 8.49603 2.05204
9.89191 11.5082 2.43033
19.0743 16.5945 2.0549
12.7228 11.1857 1.80643
4.98699 2.60145 2.54262
1.05166 0.328532 2.60553
5.42583 10.6757 2.45264
7.66672 16.6368 1.62056
5.12968 2.86802 2.25323
8.83052 5.99114 1.60085
2.76532 3.75648 1.90827
0.480779 2.24311 2.01135
6.94937 10.3779 2.06951
5.09347 14.9461 2.09965
17.8019 4.20048 1.80732
11.9834 15.5499 2.11757
12.5571 10.436 2.00961
17.3142 15.8435 2.21781
14.0737 8.33655 2.42272
13.2535 13.3631 2.68793
8.0283 12.6229 2.29572
17.9342 15.1962 2.1395
19.4867 4.26752 2.2274
10.723 3.84216 2.11407
4.94231 16.501 2.41655
2.34904 9.85104 1.87982
12.9019 13.4372 2.49319
17.2979 11.4185 2.66618
4.47052 6.23111 2.21399
1.36942 3.31291 2.59625
13.5658 18.1275 2.63094
2.21175 13.0575 2.29288
17.717 18.5728 2.345
3.37892 14.4378 1.51288
18.1408 1.16086 1.82259
19.0424 3.32973 2.70362
5.96605 19.713 1.86803
7.90243 15.0469 2.47776
8.19474 4.27959 1.66742
16.468 14.103 2.38096
5.40565 18.9778 1.87215
2.50846 11.0755 2.24414
12.2837 19.0994 1.9064
0.944 18.4397 2.23491
8.58719 12.3015 1.431
17.5359 10.0791 1.86123
2.3925 3.22221 2.57708
16.1157 12.6176 1.70913
0.277568 2.65902 2.07784
0.441954 5.92779 1.95441
14.1313 4.51335 2.49704
10.694 7.06757 2.35
10.5413 13.9747 2.36736
1.81437 6.0859 1.31317
0.642093 2.28384 2.20669
17.8724 19.6304 1.89808
9.44619 10.48 2.8115
1.3901 15.8402 3.62084
11.2607 1.07552 2.6532
16.2323 18.2016 2.35535
12.8313 6.54446 2.30979
11.608 16.8904 2.82635
1.9329 19.1304 2.30801
0.486669 13.4895 2.06717
3.14874 17.4584 1.65142
14.4617 1.98038 3.21222
19.6194 11.495 1.99807
5.08954 3.30291 2.06394
4.35927 16.226 1.91776
2.14095 2.5501 2.21637
0.342934 2.19815 2.45252
9.57484 12.3145 1.9859
0.933927 16.9452 1.86905
3.85468 10.7012 2.86957
8.49507 15.7212 2.79234
13.5568 7.68328 2.20598
14.7035 13.4983 1.99402
17.0468 19.3221 1.95497
12.9257 5.24796 2.59755
18.8575 3.58591 1.83164
15.9145 5.87276 2.72834
14.485 9.3574 2.31225
17.4392 14.0748 2.63813
4.24364 17.1673 2.40393
8.94377 2.21272 2.34007
12.874 5.0994 2.12449
9.03794 17.428 1.85336
19.7856 17.9321 2.31818
14.4434 12.7939 1.96881
17.9547 2.37988 1.77009
8.24137 4.29866 1.49418
19.8129 18.4505 2.22565
3.8958 18.8486 2.48103
10.0449 3.90405 2.30123
7.89749 9.27746 1.20909
13.3288 4.79945 2.23944
17.7759 5.66486 2.06682
6.91109 17.7555 1.8841
11.3297 6.42848 2.42556
17.4171 16.4088 2.83072
9.00447 16.1523 2.10118
8.90974 12.0972 2.55283
5.69924 6.21323 1.06311
8.72661 1.67183 2.2643
2.7682 8.74965 3.4228
13.0543 19.8737 2.4844
17.3702 10.9995 2.5063
6.98018 4.14931 1.67056
11.8235 1.85145 1.94866
15.9424 5.41234 2.87768
14.1888 18.795 1.41808
3.92104 16.8116 2.15342
14.4548 1.18053 1.50915
15.0253 5.84876 2.8225
0.997295 12.9791 2.02792
4.70928 14.9843 2.17471
6.68521 17.6982 2.19415
11.4103 14.3434 2.50195
17.0191 11.3585 2.21051
1.30672 5.35184 1.73765
7.69621 8.63307 1.22777
12.6415 8.69173 2.01577
19.8317 14.4834 1.9059
8.71502 2.01094 2.52155
18.0893 15.6659 1.97106
15.6637 14.3539 2.36606
0.745471 14.95 1.81617
8.44165 2.87732 2.36771
17.7387 0.813561 2.36251
7.87743 0.492171 2.59745
0.529534 5.27928 1.92653
2.62468 14.2666 1.27711
17.4403 0.893795 2.12818
2.74942 2.83942 2.52474
8.05738 7.77199 2.18753
5.13089 3.84502 2.16623
11.7616 16.632 2.66777
10.2804 2.64742 2.07853
14.3731 1.69889 3.1455
15.7349 14.7203 2.21464
7.45555 2.47115 2.06613
0.204468 12.803 2.19862
13.2922 7.05407 1.87532
12.6738 19.0568 1.7312
7.50168 19.4074 2.6867
16.4428 17.7954 2.38541
6.17194 6.0149 1.73548
11.8529 8.23397 1.60545
15.3176 9.27457 2.25866
0.445249 17.1858 2.08807
13.918 16.7464 1.14494
6.46896 15.7153 1.98195
5.11709 14.7893 2.07497
15.0614 12.9662 2.20292
13.3179 11.8898 1.59386
8.03628 13.7589 1.1122
18.9299 12.1359 1.72478
2.43124 2.74575 2.51314
3.86646 10.9012 2.86388
5.55064 14.5573 1.92704
7.7778 9.16871 1.24974
5.07092 13.2847 1.66769
5.92827 14.2432 2.08006
11.9852 2.41275 2.26117
6.93075 6.25398 1.89511
13.7357 19.0868 1.5007
9.50853 12.7611 1.64757
10.1604 1.27526 2.44897
0.314587 15.4648 1.71333
11.7867 8.49333 1.54941
6.59946 3.78724 1.84814
17.1737 18.8215 2.01924
17.2502 5.58007 3.07663
11.5194 1.91885 2.53129
10.3628 1.68919 2.31896
5.56927 0.239954 1.93603
16.3072 19.0057 2.41611
6.69139 0.196392 2.10019
0.576895 13.1835 1.96768
18.4988 5.85053 2.39141
8.13521 4.01421 1.76213
11.7217 1.26771 2.1506
8.22176 16.506 2.59637
13.6807 4.04754 2.14199
14.9645 4.65353 2.89075
17.8338 2.5175 1.74106
6.17139 2.99185 1.67721
4.33999 13.5979 2.33044
11.6336 1.90433 1.74756
5.40729 14.9531 2.03745
3.97002 13.305 2.30167
18.3524 2.96543 1.85907
13.8978 14.985 2.68034
4.09442 11.1405 2.71909
14.3728 3.59991 2.80328
6.37782 14.0971 2.23877
0.844117 12.6584 2.216
12.4037 14.746 2.23523
6.85633 14.6328 2.01991
6.31574 16.9854 1.84062
13.8364 4.8974 2.11848
6.92188 4.23246 1.91432
12.6838 17.158 2.29629
7.22031 4.18484 1.9681
6.33778 0.22316 1.94546
1.4368 4.19841 2.47619
9.85418 0.628918 3.07016
15.108 13.3309 2.28367
6.34684 12.8169 1.14227
5.10492 14.698 2.13952
8.96107 2.90827 2.09634
14.7121 1.48992 2.03806
18.1789 3.00417 1.91752
2.32969 7.28925 2.04846
17.9878 19.9863 1.88619
15.9521 13.9697 1.99863
6.01623 16.8961 2.2824
16.4753 16.5667 2.54865
4.70488 12.3744 2.38262
19.4836 14.8414 2.0185
1.12577 13.0134 2.29918
9.41669 1.18201 2.56959
0.0172663 12.3475 2.06304
7.90663 1.57632 2.41334
0.649328 2.69162 1.99961
10.7597 1.46266 2.32897
5.53135 15.5377 2.46957
10.5808 13.6759 2.67855
6.99148 5.56167 2.06711
19.2201 14.4395 1.84554
14.6046 13.4902 2.00903
15.6423 11.9334 1.53077
5.75414 14.0776 2.08159
11.0432 2.62552 1.94489
19.0714 14.0477 1.88355
0.523443 17.2609 2.23968
6.98771 15.0545 1.86425
1.7519 5.84405 1.32296
14.5306 4.23157 2.03393
4.06985 18.1441 1.99335
4.03874 12.7254 2.41717
4.87367 11.439 2.44081
0.69862 5.24969 1.73608
10.2678 7.39713 1.82201
13.7626 3.80359 1.40282
3.34266 18.1589 2.06347
1.57353 4.26985 2.01589
4.07338 3.31586 2.17831
1.31191 3.74959 2.55379
5.42075 0.224632 1.85407
12.0077 6.90575 2.221
11.1287 6.5603 2.5408
4.50453 19.5234 2.48057
9.21045 2.10424 2.42787
19.1714 13.0787 1.2758
6.51412 0.362717 1.8862
13.4846 4.8904 2.51185
16.5784 8.17706 2.64599
0.713492 17.892 2.09082
19.2991 16.4076 2.15332
15.17 13.1087 2.00652
5.83341 3.97457 1.78439
12.8178 8.74046 1.96157
9.64601 6.98847 2.35482
0.984036 3.74069 2.31583
13.6791 4.0857 1.74351
12.9413 17.3713 1.98491
5.41019 18.8755 1.78875
7.74999 2.54863 2.28676
14.8017 12.6778 2.32582
6.29972 4.98526 1.90425
4.66742 19.5914 2.25523
12.0683 1.75167 2.41788
4.83704 7.43339 1.86598
5.16149 14.1751 1.83026
12.7544 14.1442 1.93925
8.79755 11.3836 2.47817
18.8713 17.71 2.54192
12.1692 14.4791 2.16316
8.84592 2.15794 2.70631
1.51919 3.55473 2.59935
5.97701 2.00715 1.98166
5.95379 14.2786 2.02985
0.998602 2.30143 2.06182
1.08574 12.1158 2.58455
14.508 4.74641 2.22798
15.9872 14.5861 2.26901
5.59869 12.5296 2.21216
0.182513 12.5866 1.87537
2.23349 6.2796 1.77147
6.92787 1.6622 2.26287
11.3656 1.25522 2.01678
13.9135 5.10967 1.96708
19.3452 18.4617 2.24965
0.747413 5.62558 1.83588
15.7102 12.1289 1.89152
18.1378 2.20663 2.35518
13.4708 5.78295 2.5958
17.6558 0.674783 2.24938
9.26982 1.85656 2.45019
8.38097 16.4864 2.20419
6.24224 0.535849 1.95131
14.4347 5.188 2.55288
8.17419 19.784 1.43459
15.8648 5.48582 3.1365
12.7478 5.44024 2.5519
17.2295 16.1262 2.19689
2.38411 2.98865 2.79485
15.8018 5.09749 2.96405
4.23482 14.6002 2.12609
17.9934 12.3151 2.23458
14.1883 9.62636 2.36497
2.48896 18.6614 2.36721
0.897841 3.64684 2.60277
16.5643 13.9935 1.68825
7.00931 3.86911 1.71267
6.97005 18.0557 1.82299
10.679 2.99044 2.53505
7.88638 15.8894 2.3169
7.05723 0.993437 2.73515
0.625011 18.7817 2.37573
13.9212 4.25362 2.25409
17.2059 13.7845 2.17278
3.65872 10.2868 2.97829
18.1675 3.60999 1.95389
16.5595 17.6222 2.81128
4.0895 17.5859 2.58874
12.1228 19.153 1.3869
0.00942349 14.8744 1.71372
14.3372 10.1673 2.57384
4.75018 1.79135 2.44911
16.8158 1.18374 1.6972
12.6496 6.87149 2.43938
18.331 2.48433 1.67079
13.1613 8.58732 2.82351
11.4168 9.36222 2.12092
19.1622 6.77476 2.30315
3.01291 3.48247 1.75737
5.79646 12.8331 2.21121
10.02 1.38787 2.2713
18.5446 5.96617 2.68436
13.4492 13.1204 2.51054
8.33069 7.89048 2.44204
16.7663 6.97352 1.87858
0.934491 17.844 2.99376
12.6733 18.5815 2.18048
14.2813 8.80648 2.13416
15.431 2.14665 1.9784
14.5938 10.6453 2.03835
15.5822 14.3471 1.84901
9.28134 13.1489 2.33564
2.04708 11.1762 2.56457
7.03834 2.78179 1.53762
2.76967 15.9607 1.37041
13.1326 8.48148 2.51453
14.4506 7.58426 3.03555
10.1713 19.3363 1.6232
16.8415 3.27176 1.71978
4.02232 7.7815 2.13924
10.044 5.86763 2.69513
9.31714 15.7223 2.05544
2.35383 0.438645 2.41828
17.053 7.51047 2.17217
15.8297 1.81388 1.56992
16.8682 4.81298 1.80743
5.65129 5.07526 2.64994
17.1252 1.02996 1.56809
18.2317 9.37876 2.44721
3.06638 5.13896 1.85227
14.8939 9.15257 2.21233
12.7743 8.20131 2.64136
8.27171 1.52648 2.81796
16.3879 5.1353 2.17784
18.0529 16.8443 1.49392
4.98805 4.53102 1.54515
9.20338 16.1735 1.54821
9.74601 2.04366 2.18118
11.0212 5.8326 2.49438
8.01916 13.5449 1.85058
11.9993 10.3894 2.61248
10.936 13.9721 1.42223
8.79221 16.8279 1.54497
13.6679 3.12326 1.63328
17.7075 4.55021 2.14131
2.11395 8.84896 1.34157
6.86615 12.7365 2.47928
7.84308 6.79995 2.31387
12.1374 4.15553 2.60327
8.76817 0.736604 2.79909
13.703 11.164 1.92435
8.85197 14.0377 1.78244
12.0719 4.54145 2.66905
17.0359 5.81431 2.34243
3.91694 10.9127 2.49441
10.1617 18.6178 1.94116
8.7268 13.5951 1.914
13.2066 14.0422 2.61993
2.66416 6.72178 1.85376
3.89643 12.5126 2.57
11.2998 4.02365 2.2361
3.13603 3.70674 1.68883
1.41727 18.3565 2.59561
4.80653 15.9381 1.80412
6.67862 10.8186 1.57488
14.3781 11.7162 2.18978
6.09415 5.87198 2.81364
10.9915 18.5305 2.06482
2.19258 12.4484 2.17839
6.50913 10.043 2.10558
10.3139 12.924 1.91249
13.402 8.0384 2.53289
18.0113 4.71567 2.32602
7.75337 7.78243 2.39623
11.5367 14.4104 1.26346
15.8365 1.40939 2.32699
19.6137 3.24947 2.26893
1.68518 6.112 2.0464
5.88919 2.20466 1.91742
9.69207 17.6352 2.03168
3.95329 14.5909 1.73173
5.37931 17.9237 2.19176
7.01146 16.3723 2.76842
15.2158 3.15871 1.55026
2.76345 9.82417 2.42562
15.3694 5.16258 1.66554
8.5783 0.842373 3.41725
14.983 2.5842 1.85555
3.00017 10.7589 2.24694
12.9198 9.19868 2.81866
0.573251 7.13712 2.64113
0.171162 15.0253 1.21888
19.577 3.42673 2.29911
12.6854 9.31612 2.69761
15.2023 9.16371 2.80878
6.59403 17.1863 1.42747
2.57924 13.0789 2.14735
2.73587 0.549747 2.87986
7.02378 11.1615 1.7405
5.2196 4.34688 2.13632
8.95783 1.9229 2.5969
2.09901 10.4852 2.62461
16.9378 2.06449 1.81738
10.5074 16.451 1.68986
8.3779 7.39732 3.0469
1.52592 6.75977 2.03025
10.3481 5.39211 2.34636
6.28128 15.7366 1.74151
6.67229 16.5534 2.41566
10.1166 16.1715 1.24628
15.6513 5.54447 1.47621
11.6014 5.39427 2.39782
2.90034 4.67578 1.59326
3.30375 4.47071 1.29371
9.43721 1.03185 2.08387
8.49165 19.9393 2.92527
4.32652 2.07767 1.87753
16.0235 1.38421 1.95807
13.9239 7.42322 2.5034
19.9235 19.0636 1.68911
3.1146 4.18229 1.92442
9.39812 18.3845 1.84723
2.79047 2.70214 1.63787
4.11623 3.80719 1.16159
7.27897 10.9426 2.14573
4.61763 15.8661 1.84947
12.0638 8.79725 1.95019
3.706 0.174869 2.87335
1.97583 6.78196 2.51115
18.7212 5.02167 1.90905
6.49949 16.6055 2.32384
2.26847 12.5102 2.40262
10.4549 5.93803 2.56402
9.63858 10.6796 2.13226
7.12448 10.5894 2.07863
4.55443 9.43727 1.94667
18.7235 6.92299 2.87132
9.56111 5.92646 2.56895
1.08781 8.2249 2.10939
15.7508 1.79926 1.98982
15.862 14.8567 2.10197
6.04074 13.1018 1.80237
7.54235 10.1828 1.7312
3.35837 4.84281 2.24281
9.0614 12.6843 1.85097
6.95553 10.2325 2.04721
12.5333 10.4978 2.4958
1.27605 10.8911 2.85381
18.713 1.36405 2.31988
7.2385 10.6661 1.98986
3.44823 4.46219 1.73842
17.5886 0.743974 1.98179
12.5103 10.6921 2.31852
9.40152 3.20554 1.69789
1.29941 18.8065 1.63471
6.04851 8.42977 3.17271
3.05891 3.30137 1.94603
16.1749 1.35655 2.22273
9.19226 3.97806 2.38652
3.59974 3.75958 1.53294
7.07168 6.16302 1.78436
10.0488 13.989 2.22072
1.33955 12.3909 2.08298
5.84916 4.24976 2.54099
2.53751 12.3773 1.82889
18.7972 6.51346 2.86556
15.5904 11.9758 2.04893
3.92223 8.19938 2.50316
8.47886 0.425356 2.77266
5.84868 2.4641 2.23076
2.14927 4.11071 1.39428
1.94775 9.9125 2.53678
7.62451 7.94043 2.54885
12.1769 10.3977 2.8154
14.1426 12.6006 2.64135
13.2819 7.81897 2.30311
9.52913 1.53423 2.26314
2.06627 5.84894 2.0863
12.1075 5.04668 2.64609
18.8912 19.3473 1.85561
15.2771 3.66245 1.6837
16.3364 1.47367 2.10697
4.47173 9.36001 1.8067
16.8819 1.72392 2.11063
0.526599 7.95983 2.44145
14.316 10.0675 2.31578
4.47977 8.69279 1.74661
2.69469 4.69157 1.83549
3.58116 19.7773 2.84068
5.08188 14.8467 1.34459
14.6049 2.99524 2.48942
8.6553 1.28013 2.67538
9.71636 19.2839 1.73227
3.33876 3.62614 2.01783
6.99468 10.6648 1.72337
13.097 1.85479 2.31818
14.9707 5.17328 1.69253
5.06714 4.61316 1.30015
0.804179 15.4862 1.95461
10.5323 13.2269 1.79073
18.2158 5.94992 2.56574
14.5558 13.697 3.49984
17.3821 17.1389 1.83003
16.4364 13.4297 2.48899
2.73838 13.2719 2.44669
7.97488 11.7109 2.11098
16.9813 5.21934 2.21681
13.6186 10.0369 2.44705
15.6371 8.27734 2.77995
13.0588 9.25665 2.56196
1.52951 9.0849 1.52116
3.85812 12.3843 2.17811
3.9883 13.1272 2.35324
16.0413 4.47866 2.41802
6.79447 11.0533 1.58563
15.0388 1.87455 1.84696
1.44698 8.86449 2.00631
8.98076 13.6679 2.03148
9.24653 13.76 2.04997
14.2564 5.23723 1.94248
15.3493 5.338 1.98189
9.01936 0.687388 2.63406
1.71054 12.8543 2.3578
5.68018 15.2167 1.49135
2.01486 13.3207 2.44529
14.8745 11.2138 2.07197
7.07059 11.2057 1.91433
5.86858 4.05707 2.34091
0.446683 7.22949 2.52657
1.17287 9.58911 2.57099
9.67845 0.89697 2.32474
2.21572 13.4568 1.97617
0.95388 8.21167 2.27652
5.63189 8.71978 3.04378
2.82256 16.7315 1.53869
3.33141 3.58143 1.67331
9.60114 3.51041 1.83167
0.215004 15.6416 2.21406
10.4534 1.98435 1.83813
5.81608 1.84516 1.83683
6.93387 11.2737 1.51509
17.5811 12.4293 1.66707
19.9121 9.6505 2.53443
4.61653 4.01525 1.60623
13.3384 8.42869 2.4897
16.9281 0.710044 2.27967
11.4289 13.9272 1.1037
10.121 2.52967 2.10172
0.434232 0.971686 1.82704
14.8394 0.489614 2.4596
3.95921 15.859 0.99972
0.622267 9.13871 2.51968
7.30832 10.1911 1.93157
9.34918 13.8192 2.01075
11.6504 4.61465 2.3699
18.0976 14.9229 2.00482
9.75086 18.9166 1.61039
12.3063 9.75986 2.66435
7.77346 13.6378 2.40991
13.584 8.80689 2.45667
6.05499 11.0469 1.94078
3.14898 4.88416 1.89677
1.13822 8.96584 2.06548
11.8783 14.3356 1.49243
3.23537 7.55057 2.32114
8.51185 11.8341 2.28756
6.37503 12.9356 1.70945
9.68315 2.04988 2.26337
13.55 7.48938 2.79001
7.29551 9.36819 1.72453
0.923642 3.78845 1.75777
12.11 0.0682639 2.01066
6.49764 15.5273 2.27699
17.2547 6.74939 2.55406
14.3895 10.87 2.34506
13.0348 3.17157 1.98651
2.21018 12.386 2.07672
2.5993 6.93883 1.94384
6.95473 11.2238 1.56629
3.66969 4.59149 1.72806
18.9102 6.04808 2.96863
12.5365 4.28481 2.42169
9.62281 12.9906 2.34082
14.5936 3.21245 1.45697
15.2654 12.0516 2.19495
11.9665 11.1346 2.43903
9.25559 3.68642 1.76927
18.8272 5.56823 1.88505
11.6042 8.45808 0.670183
15.2624 3.19318 1.54923
6.77213 15.9025 2.22048
17.3412 7.26203 2.21671
12.543 9.80869 2.71926
9.23933 15.813 2.09513
14.209 11.1259 2.0094
5.25297 14.2669 2.79589
3.74894 15.1029 2.91067
12.1036 13.5743 2.50478
0.16722 12.7057 2.51315
1.2508 1.52239 1.64908
1.61586 4.37696 2.16866
10.5091 11.753 2.47488
9.21316 1.63435 1.82441
2.6706 15.5075 2.07246
8.80695 12.6927 2.59399
17.2811 6.51472 1.41438
9.80621 7.46524 1.38865
7.03859 14.8112 3.19686
12.5774 11.6337 1.97264
6.26722 15.004 2.83606
13.6837 3.5722 0.780291
5.37571 2.17355 2.30611
15.1669 17.3219 1.53736
3.84555 11.0843 2.43233
18.4208 3.52422 2.85187
4.21 11.9305 2.48245
7.16215 12.7881 1.97015
9.59993 8.85924 1.53194
13.7314 12.0066 2.26346
1.50528 17.1429 1.5586
2.93867 12.3076 1.99082
5.02752 4.59089 2.21465
15.761 7.65201 2.4572
8.77201 12.7058 2.8501
12.6976 11.1782 2.12923
11.6359 13.0776 2.08865
0.0366208 13.1047 2.41278
15.1613 10.6147 1.45346
9.48556 12.8025 2.29856
18.7649 13.9822 1.97639
8.56369 16.4807 2.59032
4.50686 13.2118 2.12804
0.583283 7.60465 2.37467
11.7147 13.701 2.25944
15.5831 5.73921 2.31741
1.85653 13.8184 1.98141
2.99789 2.73689 2.464
4.94216 10.5342 2.20825
3.59554 12.362 2.1641
5.33296 3.04384 1.82893
4.68685 16.9306 2.38266
9.7149 3.40948 2.40014
3.0481 4.19337 2.18168
10.7122 11.8574 2.23691
12.0184 12.6042 2.1782
1.08064 18.5488 1.88852
5.7247 2.09892 1.90037
2.56097 14.3818 2.07527
5.60102 10.8815 1.93614
0.132383 3.81242 2.41122
5.08377 14.3024 3.13921
4.13703 2.57491 2.23017
4.95093 11.2345 2.69794
10.3903 13.1681 2.052
2.55341 0.12484 1.82308
9.47763 8.31811 1.70846
6.11485 3.0241 1.70908
7.21409 1.4115 1.88274
1.57063 16.5266 1.74373
0.387031 1.28265 1.41901
4.67398 10.8103 2.17673
19.3205 12.6247 2.37394
17.3727 6.71763 1.74244
1.32576 4.58779 2.08945
5.14726 0.535635 1.43737
6.37487 16.6545 2.89162
1.8821 13.8764 1.44876
9.23309 8.1384 2.15525
16.9187 0.809366 1.97761
2.52538 19.0656 1.8524
6.76294 1.72809 1.61743
4.14396 11.3318 2.81817
11.9726 12.5557 2.32909
3.28514 16.1764 2.69251
14.1772 3.94222 1.16871
9.2846 8.38352 1.47399
16.6307 12.5859 1.91723
16.342 14.2819 2.67749
3.25097 11.64 2.56946
9.60665 7.40116 1.85285
18.4695 2.33168 2.133
17.6583 4.01036 2.56574
0.314737 3.35939 2.61817
13.6172 12.0509 2.18135
0.198148 19.1992 1.65418
9.03639 12.4431 2.58776
19.2231 1.70618 2.43025
13.5593 12.2307 2.03943
1.55038 0.22662 1.7086
4.10033 13.5858 2.36999
14.0955 14.2269 2.24544
1.52498 3.73917 2.40087
14.5045 11.7999 2.03452
4.75364 14.9141 3.0562
12.2816 18.1319 1.39654
19.704 3.23396 2.42924
16.2714 0.42513 2.3209
16.1212 7.55732 2.59929
7.14915 1.01513 1.49223
2.55886 13.788 2.03076
1.07696 7.87181 2.35819
14.789 17.0881 2.10671
12.5262 10.5206 2.78226
4.28033 4.05132 2.24668
2.42036 14.6937 1.61755
16.9712 15.4291 2.15188
3.90364 12.0517 1.8416
1.19042 4.15505 2.33687
0.303276 3.98957 2.28136
10.5434 5.2692 0.805618
10.1215 13.28 2.25742
4.25759 11.8653 2.61545
18.2951 13.4114 1.95372
1.36724 14.1523 1.82299
0.665546 4.74991 2.19458
2.71717 4.22496 2.30746
4.25367 11.7463 2.20789
10.3963 9.27113 2.32215
6.04872 13.3359 2.90417
4.10088 7.43168 1.73073
1.30934 13.8775 1.86957
8.75991 8.19848 2.15547
0.470688 11.8484 2.47569
1.8602 13.0987 2.37277
4.7813 0.431191 1.54135
0.824434 4.05516 2.30297
4.55179 15.0359 2.54266
14.4376 3.38089 2.47157
16.2403 14.7756 2.19722
13.1413 12.9132 2.14331
0.531135 4.37498 1.91407
16.33 0.37727 2.3694
2.64118 11.6607 1.9813
5.08831 19.1068 2.20373
6.26389 0.33679 1.5867
1.47289 18.5053 2.22938
11.1628 12.8026 2.30881
1.98874 12.0705 2.26061
13.8385 14.9305 2.22156
11.2705 10.4439 2.18563
12.7388 3.94034 1.52024
4.19691 2.7036 1.93941
5.88967 19.7707 1.58491
0.616043 14.3173 1.69722
6.01994 1.86688 1.81621
2.4023 18.9045 1.69065
3.21938 13.6206 2.96701
13.1204 16.4121 2.86458
14.2755 9.98078 2.28675
6.13284 0.17107 1.18337
1.44783 14.0787 1.94397
15.3497 10.3792 1.83544
4.98851 16.891 2.30937
5.15965 11.9071 2.12474
17.0861 7.32713 2.8263
19.0237 14.4129 1.81911
16.9364 10.8603 2.67359
8.89069 7.81102 1.98103
3.55481 11.9706 2.52714
0.0722507 12.4731 2.45732
1.47484 13.7909 1.89731
8.33389 3.47131 1.93642
16.2371 0.745075 2.22049
19.5494 11.8207 2.3115
16.6407 0.164375 1.70983
11.0399 12.3763 2.53866
8.40332 18.084 2.89272
1.20267 17.3781 1.93527
19.0594 2.40988 2.6827
4.11959 11.2872 2.22992
19.5253 13.5868 2.08516
1.26142 18.9622 1.52227
19.9565 13.4459 2.12002
4.68045 16.8064 2.31248
5.14435 16.3138 2.35655
4.75476 12.7193 2.50486
1.58812 6.97166 1.91427
17.1002 14.2838 2.33523
4.49648 11.0384 2.7776
16.3933 7.9291 1.84656
13.7747 12.2732 2.22634
9.67234 8.07878 1.70969
2.22337 18.6807 1.98673
13.8243 10.9926 2.38238
12.8499 13.9488 2.85656
7.24503 16.6078 2.27161
6.18644 17.682 2.35962
19.3706 14.0115 1.68925
14.259 1.05972 3.51672
0.897339 3.38169 2.24996
13.9654 12.573 1.91084
1.35317 7.55227 2.26106
9.52161 9.00587 1.93987
19.5952 12.7565 2.28409
5.29693 0.210755 1.23239
5.89942 7.03545 3.65458
8.48387 12.2046 2.76725
0.104876 12.8554 2.64855
1.56193 4.24137 2.49205
6.48712 2.07441 1.5986
9.79036 11.0125 2.47387
5.33628 15.6238 2.70975
16.5266 6.29172 1.96138
7.91792 17.9472 2.79888
17.475 1.50771 1.64709
5.89787 1.29341 1.73181
10.3432 12.5038 2.34653
5.16434 15.0173 2.69513
6.02046 9.19741 2.64521
5.19062 15.1315 2.88894
1.46003 18.8996 1.83166
0.396638 1.22115 1.53216
0.91359 1.76473 1.50117
10.9907 12.8938 1.95214
7.26559 0.865135 1.72002
13.0919 11.4091 2.36815
17.921 17.7248 2.71599
6.20172 3.11588 2.19667
5.74785 2.92318 2.18447
5.78094 9.37732 2.56748
9.44439 13.0451 2.73066
0.304783 5.10141 2.04123
16.0692 0.723241 2.49422
1.73059 4.11525 2.50889
18.7872 2.3501 1.70766
6.71672 16.1396 2.81273
7.72829 0.77056 1.2131
1.88567 12.9923 1.61783
13.2881 13.2975 2.08288
16.2007 17.8278 1.65351
1.15347 3.69518 2.57131
15.7874 0.791487 2.21414
13.2855 14.1807 2.61749
18.6566 14.7844 2.09859
17.9666 3.9835 2.99819
0.106233 12.6988 2.51752
3.81124 11.3094 2.44382
2.58066 3.7423 2.30342
5.14361 10.2442 2.1876
4.43553 11.3225 2.34563
7.19447 1.12708 1.42929
16.9775 1.75643 1.88605
11.0637 13.7858 2.52677
1.67898 13.2964 2.09333
3.99922 11.0801 2.84679
15.1476 10.2703 1.56307
11.425 3.78566 1.69768
5.42644 11.0977 1.7143
17.137 10.0008 1.90277
8.58463 7.80849 1.82828
1.61014 4.6144 1.94063
16.1744 17.6765 1.64647
2.08308 18.5517 2.40675
5.11194 2.69305 2.0925
4.58007 11.4303 2.17953
0.335204 4.22989 2.16988
10.2515 8.74182 1.69731
5.25217 16.2258 2.4303
3.65808 2.61461 1.98811
4.41239 11.4931 2.29212
1.86184 19.9797 2.22919
19.1603 13.9005 1.79395
13.001 14.4559 2.77336
11.2921 4.03749 1.41873
17.9113 15.5657 2.0812
6.6349 1.34201 1.82332
3.30899 1.86668 2.12159
2.08319 7.71925 2.89287
4.91224 12.1366 2.76052
5.91567 18.7757 1.79762
17.6404 12.9117 2.02729
9.76703 9.46055 1.44492
1.65048 3.94472 2.24309
9.9698 13.1695 2.3043
5.53582 14.8008 2.80865
4.42207 7.56779 2.4241
16.4867 0.385311 2.21421
2.09205 16.7033 1.47307
7.00984 1.09146 1.33415
1.05868 13.9912 1.92665
12.294 12.9961 2.07207
5.56678 11.1824 2.24544
5.51808 1.59791 1.7204
12.9465 12.396 2.01024
6.73513 16.1712 2.9036
6.88764 18.6406 2.85917
4.40606 12.1129 2.43485
13.6576 13.6317 2.0989
5.98634 15.4836 2.74628
13.4774 11.5328 2.62329
0.828908 3.75333 2.29151
9.55897 13.082 2.67854
4.82672 15.9727 2.7057
5.11632 4.75019 2.33768
5.60828 14.8661 2.82371
16.4804 18.3715 3.2411
17.8685 2.67559 1.94034
5.33492 0.733106 2.43557
14.207 0.00151364 2.24961
19.2062 10.8723 1.77098
17.3287 12.9619 2.27454
1.98652 16.2907 2.81905
13.3691 9.20932 0.606759
17.8287 3.68559 1.91626
0.105812 17.1914 2.79335
15.3718 15.7748 2.2345
12.7787 16.4103 2.33757
17.8693 14.2689 2.6082
8.62907 0.379538 1.96921
18.3513 19.5168 1.79505
16.684 12.8371 1.67173
19.2663 9.64832 1.30317
13.8335 7.12345 1.49905
15.0276 15.1268 2.41972
10.0221 8.47347 2.41396
15.8641 16.6974 2.81683
5.99734 2.11718 1.62884
8.80643 18.5973 1.68767
8.97762 0.564276 1.91408
19.739 6.85013 2.09381
15.1388 17.8234 2.82291
19.5576 12.6881 1.75378
10.6538 16.072 2.31435
19.3639 14.0956 2.28609
7.17356 19.1036 1.91001
6.82406 1.6284 2.29943
13.789 0.733643 2.11001
13.3595 19.8112 2.17718
3.07281 0.19259 2.89283
15.0048 2.98388 2.25168
2.09755 3.75934 2.37425
15.6728 17.2599 2.458
14.442 15.3097 2.45364
4.40749 0.400187 2.16211
11.708 14.3198 1.66792
17.8666 2.82775 1.88435
18.5852 11.2159 1.60673
16.7936 16.0156 2.42314
14.5192 15.0694 2.24693
1.08494 11.7379 2.1186
17.7768 3.79891 2.11867
3.56444 11.0068 2.43494
19.4142 13.2781 2.12629
5.09132 19.5978 1.97441
5.23176 19.7511 2.19419
0.231723 8.30053 1.51527
5.66759 11.9383 1.62907
16.9303 2.48322 2.23119
2.9616 19.7172 2.62772
15.3184 12.1636 1.60233
15.8552 17.7743 2.91461
19.5309 10.9852 1.66984
16.5043 16.264 2.81974
6.49513 2.2987 1.88599
0.722743 9.04471 1.9153
3.77913 16.2908 2.29546
1.76259 11.6481 1.8755
3.49578 10.3275 2.09412
19.9981 6.27928 2.12625
19.2863 10.8861 1.99029
15.6224 13.4762 2.46344
13.3474 0.409115 1.87525
15.2288 15.9765 2.52614
18.3113 13.8375 2.06998
3.13262 10.1148 1.63534
17.7061 1.25592 2.32031
18.5491 2.93386 2.24994
3.80221 16.143 2.0728
10.4189 8.3212 2.41525
2.3195 8.48012 1.04857
5.62471 11.4088 1.84759
14.6217 13.5772 2.88799
5.70413 0.0437769 2.61965
18.777 4.23693 1.54313
16.1719 13.4871 1.59335
1.9988 14.5169 2.44004
10.6774 0.146087 2.1624
9.17712 0.648148 1.98904
14.3622 15.3276 2.28844
3.87131 15.3611 2.34896
10.2831 7.74095 2.69954
9.4797 9.17706 2.32403
13.9241 10.4943 2.30548
9.43005 0.806815 1.92341
0.0363705 8.65884 1.45493
19.772 15.6737 2.45432
11.7677 8.13026 2.12547
8.90812 0.72191 1.76223
18.7423 9.42378 1.72138
15.429 18.2019 2.40376
7.18605 1.20899 2.33143
14.7073 10.7243 2.44872
9.74607 0.330656 2.47581
15.6873 18.3577 2.66663
14.9296 7.61653 1.54176
13.9951 11.0782 1.93673
8.92437 6.85476 2.86339
8.6943 13.0531 2.81197
3.80111 10.1412 2.06507
17.8957 2.47059 1.98457
14.6993 15.4232 2.5479
7.94616 0.93209 2.00686
2.72061 11.0929 2.88967
18.1844 11.1461 2.09351
17.9653 3.43263 1.96843
12.2018 3.97988 1.79522
16.2389 17.1984 2.85854
14.0199 10.9016 1.96358
13.4669 10.976 1.72664
16.8466 12.4602 1.47718
5.80209 1.71928 1.66467
15.5427 16.3475 2.8528
11.021 19.9998 2.71237
18.4841 3.4554 2.04608
17.5541 14.0381 2.37081
19.9135 13.5325 1.62495
15.5794 15.9468 2.91273
8.78978 18.8679 1.71382
16.9753 17.0163 2.48955
17.4369 13.9518 2.38112
17.9832 3.14876 2.07582
2.98362 15.8988 2.22188
13.4807 18.7911 2.43452
17.2712 1.70392 2.07272
4.09357 9.93994 2.1087
14.0993 11.3458 2.24696
15.2359 18.3038 2.88511
16.0109 12.4985 1.75854
10.3411 1.91308 2.33395
7.18707 0.559892 1.73543
18.1635 13.7124 2.51216
9.49881 7.59322 2.35293
14.3394 15.1607 1.95062
0.992934 7.51965 1.827
4.85919 9.17311 2.52667
18.5725 7.65415 1.34759
3.96922 19.4972 2.24074
12.8459 15.0592 2.54733
9.41167 3.24771 1.54031
5.58433 18.294 2.92655
17.1094 12.5388 1.56022
18.117 10.2882 2.03109
4.94906 9.38141 1.48845
17.1562 3.51218 1.99836
4.81723 11.6934 1.66276
0.705371 8.55804 1.59449
14.6586 18.1495 2.53656
6.91743 2.77646 1.84324
9.61403 18.289 1.4521
4.72713 9.54081 1.99325
17.9915 3.31721 1.82662
13.3658 19.9394 2.18698
17.9188 3.47325 2.24444
16.7279 16.773 3.07198
12.2852 15.6989 2.35511
16.206 3.60747 2.19809
14.6792 19.8217 2.06466
3.06407 15.7128 2.64055
15.5453 17.124 2.12017
14.2798 0.338822 1.8272
17.8946 2.90569 1.87136
4.86108 12.5968 2.52334
8.93811 6.97009 2.68427
14.306 0.158971 1.87949
11.647 8.46437 1.88969
5.11033 0.185408 2.24193
0.0403347 2.7781 3.1315
18.8537 6.84321 1.6428
10.8813 7.88159 2.49835
16.1244 17.0166 2.55541
14.8987 2.12698 1.62057
0.481596 8.6539 1.33027
15.3157 2.10797 1.52247
19.0746 4.05382 1.74711
18.4848 2.84627 2.0876
15.7739 16.7732 2.6447
17.7605 14.9285 2.54913
10.3702 0.447892 2.28783
15.0788 14.0931 2.46712
14.3251 17.4857 2.48053
10.2113 0.990928 2.5731
5.03002 16.476 2.30837
0.500023 8.35378 1.69225
8.54048 19.3348 2.22429
6.91629 1.48814 1.83675
1.56998 3.51459 2.84806
18.113 3.00288 1.71499
17.0327 3.56551 1.68971
8.35948 6.92892 2.09816
14.1544 10.4353 2.24013
9.19999 0.842201 2.32243
14.9165 14.8665 2.22608
8.21578 18.8037 1.37607
13.8242 0.451817 1.9426
4.3525 9.95468 2.02374
19.214 11.6601 2.25592
19.2415 15.402 2.62384
14.086 0.330439 2.33166
13.9011 10.2315 2.19981
5.87692 11.9212 1.34759
1.06825 13.6676 3.42156
18.2842 2.2659 2.03142
12.9878 15.4764 2.43018
19.9902 3.08919 3.20788
10.7448 8.16116 2.38079
0.737273 9.32066 2.23783
4.66606 0.611612 2.0988
15.8816 18.2307 3.14059
17.1759 13.2118 2.25749
16.1497 19.0162 3.08147
19.6694 8.57481 1.85311
19.5113 10.9636 1.47151
17.7054 10.8375 2.07898
4.16851 19.9006 2.4176
4.92766 9.5774 2.5432
8.74314 0.284095 2.06239
19.3439 5.8984 0.869531
1.41402 11.6981 2.41499
1.84207 11.9301 1.8337
16.9211 13.3849 2.24845
2.79217 19.9793 2.9082
16.905 14.035 2.3547
9.2309 7.75445 2.62616
19.4626 12.906 1.84621
11.6908 8.40551 2.36401
18.4196 1.1364 2.2679
13.8746 6.4872 1.30393
16.8943 1.4096 2.44184
7.77899 1.28016 2.09158
14.7464 7.28921 1.3595
14.1896 10.7125 2.18439
10.1834 8.86891 2.53117
7.37995 1.71016 2.13033
10.632 0.146641 2.45002
9.76214 8.61403 2.35483
13.4109 19.8018 2.04231
14.3733 13.9918 2.35758
15.8323 10.8246 2.10054
17.7928 16.6015 2.40038
16.149 16.5402 2.34112
2.78742 9.73258 2.14756
9.89013 8.09243 2.23787
4.42419 0.990657 2.40349
18.1633 2.54499 2.17355
15.4143 14.8766 2.42717
13.4643 19.8577 2.0334
11.3116 13.5125 1.66546
17.5806 15.0145 2.7451
14.2552 19.1304 2.26729
2.13016 14.8515 2.68054
18.6814 13.9229 2.15973
11.1111 5.94395 1.9487
1.37306 8.25435 1.52099
0.103549 11.1667 1.97027
15.5604 15.3039 2.4829
12.5369 10.2042 2.76621
8.68984 18.4061 1.44937
17.08 1.23437 2.26601
19.2141 11.4278 1.75182
15.2743 15.1611 3.00162
19.7979 9.33084 1.55167
17.7182 3.67885 1.55176
6.35532 1.64646 1.93504
11.5528 13.7095 1.89644
19.1396 4.49313 1.59155
2.76689 10.3545 2.19512
19.4927 10.852 1.64984
14.3309 13.2814 1.9546
15.7102 15.6637 2.60625
7.51607 7.57555 1.57031
10.4481 19.0979 3.31076
9.6585 19.2576 1.77846
15.656 11.7744 1.89981
4.75274 1.51956 1.67807
17.8757 1.05606 2.50415
17.4521 14.1344 2.4092
9.48375 7.36225 2.27208
0.715004 6.13497 1.70996
2.77764 9.89216 1.99204
17.4368 3.15186 1.85404
6.89326 1.22508 2.08981
17.9076 16.9023 2.44262
1.27256 10.2875 2.33028
8.5038 1.24982 2.25122
17.8608 0.325328 2.44641
18.2875 1.69376 2.2777
15.8129 16.7633 2.89493
7.758 1.2596 2.07849
18.5851 1.6278 2.25761
9.20148 0.201853 2.15647
18.6593 13.1446 1.79628
3.54152 0.341838 2.05937
15.4983 19.0946 3.01998
18.3971 11.7797 1.79991
15.962 16.8091 2.83303
8.95706 4.35241 2.57467
14.9526 12.1545 1.73909
0.586273 9.32257 2.03271
8.2277 7.10421 2.12928
13.778 18.826 2.6418
13.3179 1.82988 2.28628
13.5052 0.987644 2.48587
18.7169 16.816 1.6912
14.0602 12.8286 2.20448
12.6044 1.76382 2.52704
6.33526 19.667 2.67038
5.06958 2.23064 1.93324
11.2832 1.42006 2.48204
3.32414 8.68799 1.95523
10.2253 4.10557 2.94334
12.9105 1.98833 2.23554
18.3678 19.2954 1.53488
11.7019 16.2969 1.15611
7.53158 1.26829 2.93176
3.31818 15.6746 2.55699
6.82489 0.253861 2.52539
9.82526 10.5113 0.319602
7.65376 8.1738 2.18477
4.86764 9.29563 1.81216
17.4401 15.9664 1.73213
6.44282 2.27678 2.65883
15.3263 1.16973 1.78469
3.51212 2.54894 1.9849
15.0772 2.8432 2.08572
0.585504 3.2833 3.81767
1.15391 9.68193 2.13997
7.74376 7.91499 2.4821
7.2272 7.54638 2.50835
13.8536 2.59639 2.36573
8.26937 9.94437 2.25821
14.2607 9.21105 2.80046
7.13507 2.04614 2.55112
6.34412 0.45588 2.7499
0.556751 9.51776 1.93816
6.37904 1.60796 2.67671
14.3406 11.8739 2.07505
13.8061 19.5461 2.46773
7.89103 0.328526 2.39378
5.81486 19.5036 2.63864
16.1598 0.331583 2.03473
13.3032 12.6685 2.04321
18.6572 19.4817 1.72523
13.0088 0.653953 2.63996
1.44822 8.79683 2.08814
19.5346 7.85719 1.99049
19.4376 17.9905 2.16525
4.68339 1.69813 2.08206
13.9953 11.9328 1.68911
13.3321 0.910603 2.85639
9.02775 19.0747 2.35982
6.99646 1.93311 2.39974
17.7983 0.242274 1.66182
7.97053 1.05487 2.25711
8.60525 11.566 1.0262
16.355 17.813 1.95399
17.7831 3.56378 2.86444
16.9426 0.270389 1.968
18.7927 18.8018 1.74365
17.7217 15.1038 1.19738
16.2696 0.295425 1.86153
8.70254 0.295713 2.87711
7.63297 8.28148 2.34725
6.08377 19.7795 2.90952
12.5931 1.83433 2.56527
19.1693 18.798 1.70676
9.70015 6.75183 2.82066
13.4612 11.3435 1.98862
3.94645 5.85101 1.69339
6.13627 17.1431 2.13609
0.423467 17.6382 2.02301
4.17278 1.02909 2.24826
7.75298 0.389164 2.49247
19.6845 7.50887 2.63698
13.9007 12.4133 2.30929
9.55494 0.430658 2.48517
14.5142 0.889572 1.93009
8.098 8.98164 2.40409
3.77983 8.64762 1.96031
6.5267 1.11826 2.32374
19.114 3.75793 1.86332
1.0738 9.12994 1.96923
2.29459 15.8011 2.02736
8.66693 18.595 2.0766
4.20746 9.14753 2.13555
15.6985 17.205 2.12682
11.8069 1.24897 2.38754
13.6958 17.5561 1.88524
4.17739 9.33728 1.79274
13.8986 17.2374 2.90434
7.54852 4.06363 2.64275
0.153815 7.98138 2.24708
8.99287 18.6381 1.8792
4.092 8.1833 1.77448
6.66428 2.23568 2.61427
0.517324 15.5799 0.929227
6.58886 17.1346 2.41644
0.14956 10.4613 3.38913
4.2511 0.623146 2.2823
19.9251 19.0524 1.6951
15.6435 12.0968 2.12955
7.25946 1.85865 2.79299
3.46131 9.51227 2.10731
16.7794 18.6842 2.05926
16.0048 0.677953 2.05622
12.3548 11.3317 2.65942
10.643 13.6782 1.73507
7.19276 0.881371 2.33864
9.40215 19.201 2.6421
7.11003 18.1373 2.50151
11.6904 0.267983 2.63427
0.0306349 9.57316 2.16308
6.72719 0.550748 2.42732
6.79024 8.63285 2.28525
18.5192 12.9045 1.3202
11.5073 1.68915 2.11567
15.3428 1.79078 2.57625
7.0569 0.750059 2.69157
6.51243 8.49359 1.99533
8.03851 1.06119 2.74326
12.9677 2.40639 2.64658
13.843 12.0867 1.89045
17.1247 3.22532 1.50258
9.01539 6.61565 2.19077
8.99897 6.66369 3.10045
18.2893 17.6559 1.67284
6.40596 16.919 2.48753
6.18603 2.39583 2.67104
10.3 0.0633507 1.98631
5.19494 9.9881 1.90092
4.27748 9.90989 2.05897
11.8691 0.823941 2.88053
0.390398 10.7341 3.27019
6.96394 1.10808 2.31847
19.9228 17.2401 1.91215
0.192458 17.7698 1.9356
19.3255 16.961 2.43139
16.876 6.15541 2.05415
5.79868 1.71961 2.86119
9.26723 12.9556 1.49228
17.2494 3.23891 2.74488
11.1649 19.6863 2.64962
16.7192 19.9373 1.79369
0.279365 17.8242 1.97051
13.4004 12.6343 1.98425
0.480393 0.425039 1.96683
17.96 17.7953 2.34633
7.05094 4.48962 2.36665
8.6038 12.1097 1.24957
3.20682 4.93971 2.37494
19.9217 18.1166 2.06748
14.7685 12.6192 1.86729
7.6554 7.5291 2.09594
14.3646 12.6871 2.11681
10.2308 3.65334 2.33444
4.35559 1.63536 2.18473
8.38901 9.36796 2.80344
8.82578 7.43173 2.77451
14.8798 0.837228 2.63887
8.62293 4.03864 2.61683
8.36306 7.69575 2.44099
14.7442 11.993 1.41963
19.8372 0.152523 1.73789
19.6121 9.58356 2.54124
7.75423 7.03333 2.22216
6.5243 16.385 1.73684
19.1314 8.06287 2.31377
10.3919 3.10593 2.95249
18.95 16.511 2.218
2.81313 13.1914 2.83913
7.79791 2.14718 2.41689
8.33752 8.6694 2.85987
17.6787 18.0792 1.93791
8.78629 9.27641 2.58225
0.68808 13.6355 1.76965
15.1963 12.0617 2.05825
6.74173 0.935389 2.75402
11.7112 2.70733 2.21153
5.5622 8.76859 1.91361
8.04529 0.625685 2.58697
5.22831 0.614793 2.77609
5.09748 9.23111 2.21757
3.2776 5.64455 2.25192
18.855 17.977 1.81107
4.5702 8.38256 1.93908
0.0474464 8.39295 2.39331
14.8465 10.122 2.18438
14.7059 12.1418 1.62393
12.916 12.2701 1.94262
2.34217 14.5102 2.46995
8.82578 18.7507 2.11628
3.48763 8.86568 2.26845
7.10397 0.890495 2.54619
5.86541 8.28251 1.85563
10.6632 9.68847 1.44743
0.337077 18.5371 2.25256
13.8557 19.7401 2.2348
12.2526 2.00016 2.68878
10.2805 9.3075 2.01798
8.88823 18.6122 2.05646
5.61508 1.72213 1.63138
14.3275 0.17568 2.30706
13.3956 10.8272 2.01772
5.85662 1.90937 2.72371
13.0412 8.70201 2.43296
3.6356 14.995 2.4474
16.3476 18.035 2.59591
0.737545 9.56897 2.22498
6.42346 0.480394 2.54181
13.005 2.13436 2.42966
7.63897 3.74851 2.68533
14.7007 16.7655 2.62987
16.7198 0.329043 2.04085
13.2092 19.0958 2.88594
16.9178 6.36715 2.1614
19.5809 17.6311 2.41082
4.52567 9.2129 1.77695
0.235184 15.36 0.94596
15.9779 19.8958 2.23912
18.0143 0.864812 1.95682
9.64443 0.00383865 2.66071
13.5307 1.86371 2.34111
8.54924 19.1876 2.2365
1.7903 14.2783 2.74345
13.8802 0.799277 2.32454
4.13017 14.6333 2.69462
9.96689 6.12857 2.51176
12.5263 15.3534 2.40208
9.00687 6.98175 2.95876
3.10627 9.80157 2.07364
18.7183 15.9785 1.91431
7.24083 17.6349 2.54622
6.92522 17.6091 2.14302
2.56712 9.97514 2.07862
7.82455 9.11049 1.5827
5.74859 17.4821 2.4338
7.50663 7.30798 1.88263
6.22783 19.3915 2.48842
11.8752 19.2185 1.59281
9.0647 1.19901 2.97536
7.108 19.9351 2.85797
17.0843 17.7561 2.41797
4.16269 16.1404 2.30867
18.3386 8.68115 1.92993
12.549 10.7053 2.28925
7.42074 0.241648 2.2669
7.18444 7.06506 2.42125
6.30105 0.929608 2.38632
10.9629 2.28076 2.16349
7.87037 6.49471 2.38181
14.3434 0.787835 2.40799
12.7 1.77148 2.26918
5.60979 14.1427 1.8447
18.7637 17.4398 2.31636
14.951 19.4627 2.28855
7.56341 1.07275 2.90716
7.51848 17.0006 1.93242
7.19564 8.17808 1.99178
9.16905 6.64231 2.72634
14.1637 19.7581 2.35339
7.11714 0.560728 2.67754
16.1871 18.4535 2.34991
14.253 12.8057 2.03737
0.914257 9.30653 1.90902
5.6281 0.6165 2.36154
18.9725 13.933 2.24719
19.1267 19.405 2.05196
15.4176 19.6965 2.41291
6.43957 18.8747 2.75192
7.55599 1.12249 2.20324
4.37551 16.6986 1.65596
3.63457 5.3089 2.17368
6.58432 8.5283 2.21891
13.7221 0.394362 2.58475
0.376447 10.0487 2.3166
9.79478 6.57998 2.59785
11.4186 1.94678 1.97206
0.441071 11.1282 2.83844
18.2482 15.7421 2.01935
17.1506 17.9086 2.46526
14.0855 12.34 1.99679
0.80126 8.79564 2.39702
9.41468 1.76612 2.65051
13.8755 16.6811 2.09014
2.02629 8.2732 2.48693
8.82913 3.43897 3.02269
10.2265 6.67538 2.5811
7.11938 1.34796 2.22072
3.58874 9.85768 1.8484
12.447 9.25074 2.3226
1.233 5.47895 2.61463
12.9321 0.644299 2.64539
16.4419 6.8438 2.04267
6.24588 2.27833 2.70658
14.647 0.467918 2.46212
7.36707 1.13901 2.41204
1.314 10.5917 2.22666
12.9692 1.76355 1.58581
17.6648 18.2795 1.5141
1.84687 14.5269 2.09249
7.42668 6.19824 2.34284
6.78137 9.03471 2.65197
7.03001 8.3459 2.3668
12.2036 4.0229 2.00764
11.6546 2.08842 1.65875
4.74568 7.71407 2.18119
17.5951 4.09986 2.59299
17.3948 8.09903 2.28581
3.777 7.52085 3.08868
16.6458 15.768 2.15365
1.22647 8.00891 2.68673
4.96052 7.799 2.56047
16.9604 8.8938 2.09597
16.1353 4.01313 1.85152
19.4298 6.62372 2.51666
16.5327 1.76798 2.87422
18.529 5.28552 2.79279
16.0545 17.7625 1.32814
19.5638 13.793 2.20319
2.49203 18.7342 1.80225
12.449 4.30548 2.39321
19.2747 9.05943 2.42555
9.87931 8.67454 1.26558
7.65608 9.17344 0.988792
11.3552 11.5062 2.56263
14.9293 8.00785 1.54335
16.3681 18.3229 1.95993
0.848779 14.9164 2.13533
19.8909 14.1334 2.26548
8.10445 10.4815 2.45453
2.19089 17.754 1.84539
6.18842 14.8686 2.52762
0.360676 9.157 2.24637
18.3328 6.30717 2.17736
16.1269 18.3321 1.8687
17.9342 6.54389 2.47474
9.26085 0.311507 2.02195
4.69155 3.15499 2.90582
19.2314 4.44782 3.0666
16.5921 2.8285 3.00315
14.3706 9.8502 1.35098
9.94591 1.77153 2.26713
17.5296 9.05915 1.73258
6.3163 7.61598 2.32434
16.3834 17.1705 1.88096
13.2011 15.4725 2.57448
14.6208 6.54908 1.85528
19.1749 9.69621 2.06441
10.0224 0.985066 2.03075
4.94396 5.935 2.78775
2.9984 6.50058 2.33103
0.781535 9.17699 2.29261
15.8957 9.6258 1.51432
19.13 5.1525 2.59515
13.8516 19.7128 1.1048
11.3466 6.20476 2.36306
15.2258 12.7808 1.96795
16.3433 9.83931 1.77601
13.6664 6.7061 2.80184
16.6463 3.04861 2.91643
12.6034 9.33904 1.46417
19.9609 4.85564 2.59633
19.8594 14.2663 2.56558
18.1751 5.70322 2.50897
4.20918 6.59986 2.52283
17.3183 8.23359 2.19208
0.931368 11.3278 2.90496
11.0351 0.87967 2.15731
0.814839 14.2608 2.32256
18.4415 3.36407 2.33847
17.7419 7.00292 2.01744
17.3169 7.95176 2.08568
19.5409 5.91143 2.73442
11.0668 11.4772 2.3635
8.46216 0.559307 2.57535
0.837401 4.89741 2.92334
6.89934 6.62372 2.18269
1.23339 16.0593 2.09908
15.3218 12.1792 2.41193
18.9152 7.30002 2.54577
15.3233 12.8906 1.96206
18.411 18.3483 1.81596
15.2362 1.33905 2.49194
1.00704 4.62459 2.59499
2.98673 18.9595 1.63809
10.2043 4.66332 2.63768
3.30085 5.99881 2.33964
8.97811 6.20203 1.78236
0.750812 18.5957 2.17325
10.4908 6.23996 1.9142
19.531 9.14871 2.39824
13.5194 14.8211 2.33547
3.44514 6.54173 2.67076
15.6447 12.3403 2.63739
18.5848 7.97408 2.57685
0.497293 3.22215 2.39937
19.1363 3.5959 2.57354
10.7516 13.1822 2.70846
17.6903 7.56532 1.91678
16.709 8.26678 2.18335
14.674 1.86345 1.85579
0.310801 8.78684 2.22281
19.4569 18.3995 2.42695
10.7587 6.42531 2.34459
14.5325 10.4701 1.53718
9.26446 0.284294 2.24598
4.32351 0.507245 2.73035
18.7389 5.6933 2.4348
1.46117 4.75658 2.85123
1.2359 5.67286 2.03676
2.60786 4.03513 2.68894
11.2904 11.3687 2.36599
18.4964 6.04115 2.61805
2.15112 17.2408 2.07533
15.1269 1.91309 2.05293
3.03401 6.63527 2.53296
11.0761 10.1869 2.04318
18.6967 5.94897 2.69236
19.5494 15.1073 2.39347
18.9844 4.99123 2.6582
8.03368 10.9407 2.2987
12.2096 1.67893 1.46786
13.2186 11.931 2.63746
2.05007 13.5498 2.51757
1.30531 12.7864 2.69016
12.553 4.96542 2.39061
19.8753 4.32557 2.33249
19.1494 9.23034 2.39889
3.44826 6.49489 2.67851
2.69883 19.4613 2.19707
3.26723 19.5786 1.58341
3.54056 5.55801 3.06171
11.0555 13.49 3.20739
0.487917 8.54196 2.57505
14.3868 5.05912 1.98879
14.4398 5.7986 2.05448
13.3753 4.77531 2.13397
8.70983 11.3942 3.18931
19.2577 9.04806 2.34266
4.8123 1.32291 2.55596
11.9439 11.463 2.24121
3.07822 5.04147 3.12226
16.0026 9.58189 1.43005
16.4281 6.78503 1.70285
10.5187 1.87293 2.00585
17.5508 9.77265 2.19573
13.5603 6.55321 2.20749
1.19302 11.688 2.34165
13.1267 0.387427 1.56209
16.1695 11.7728 2.37693
14.1112 6.0493 2.46655
14.7317 2.06609 2.20681
0.6091 14.1221 2.12869
9.58564 1.35216 2.11761
1.0358 6.22472 2.41809
17.66 8.94355 1.98166
1.01451 15.8491 2.36948
0.153042 11.8696 3.16382
7.69951 7.55794 2.09434
0.857193 9.68258 2.30921
1.55741 14.6922 2.14994
14.3067 1.6491 1.52025
17.4293 9.52095 1.74985
10.7536 12.0513 2.16758
1.2279 14.4021 2.02915
0.371219 3.89688 1.95439
9.75353 10.1038 2.42309
0.983208 5.67289 2.759
12.5976 3.96215 1.87006
3.43459 1.66815 1.15833
0.698014 9.01564 2.58608
0.602654 14.4986 2.0513
14.1127 7.29581 2.14987
1.3641 15.578 2.18653
14.9598 1.31094 2.6401
14.6731 1.59403 1.87669
17.6855 4.79094 2.81236
7.08415 10.9426 1.47027
1.19518 17.1015 2.57359
19.4717 5.2605 2.48797
15.5317 0.168709 2.83968
2.14852 18.4808 1.85298
15.8023 12.1236 2.07161
14.0352 6.47155 2.34432
16.669 13.7387 2.50939
13.0262 15.2464 2.25261
6.43242 15.2392 2.35472
15.2978 1.96214 1.80416
8.80186 0.562069 2.16922
14.5529 0.533994 2.4695
1.04632 4.42451 2.52788
16.7069 15.7572 2.68903
17.9703 4.66811 2.68457
1.03139 16.2876 2.21715
8.48237 19.0742 1.79543
15.6648 6.91304 1.21188
5.16019 3.77098 3.58841
3.71454 6.44725 2.69186
1.89718 13.9649 2.95014
1.48562 4.96374 2.53582
18.1168 7.6611 2.0346
7.20489 6.76717 2.37942
17.164 19.321 1.03516
17.0759 6.37674 2.69325
5.64488 14.7523 2.69168
15.6649 0.654015 2.33633
9.84657 5.37873 2.15694
17.7764 18.8547 1.6856
18.1406 5.64311 2.84223
4.00468 6.30786 2.49947
19.5721 8.68681 2.40258
8.55616 4.13042 1.77692
15.9846 9.95579 1.04504
4.33284 3.04235 2.74371
8.62636 11.4613 2.29373
14.1532 5.95142 2.38458
1.63339 18.5429 1.57068
19.4808 3.39242 2.69543
14.3116 9.4429 1.55423
16.331 10.2608 1.689
1.36064 5.23643 2.41488
7.56935 9.53928 2.51995
0.468996 4.48145 2.92709
15.127 1.45691 2.26209
5.21331 5.48067 2.72504
15.4967 19.1201 2.43858
1.58788 11.3586 2.33067
5.15542 1.67853 2.18776
2.52873 13.9964 2.84763
18.2093 17.8928 2.53375
14.5994 4.99278 2.16344
0.0994831 4.31349 2.63957
19.5353 4.10385 2.36586
17.919 18.2866 1.61271
2.46116 17.298 1.9381
19.3029 4.84961 2.25577
1.64277 14.9299 2.18768
17.6573 4.10556 2.36325
5.17002 5.6312 3.17294
0.584459 6.0958 2.64175
18.3614 4.10939 2.82728
10.632 5.05902 2.8013
16.9032 2.47561 2.90059
10.0691 13.0891 2.72289
13.2433 19.5762 0.865109
19.1107 5.62282 2.81836
0.404341 14.2473 2.03536
17.5824 4.94638 2.76784
5.47503 10.4964 2.25414
1.39581 13.9286 2.08685
6.74845 7.12066 2.53182
3.80351 5.98386 2.70376
17.8157 18.3697 1.69308
14.4736 6.35994 2.09048
8.43084 6.49342 1.80069
19.4832 6.40448 2.10804
2.01504 4.53472 2.66908
0.478891 15.4123 2.3058
2.31721 13.6201 2.52585
5.20137 3.53188 2.88542
18.6659 5.50208 2.94499
9.49508 5.50551 2.58634
12.3902 2.48973 1.77192
17.6599 18.0702 1.48402
17.49 6.01467 2.85402
14.8564 2.58753 1.5473
16.6681 9.00732 1.94213
13.7989 9.31675 1.56506
18.1666 4.187 2.60575
19.236 6.26237 2.13736
17.3736 3.30006 2.66971
0.599546 13.4255 2.50067
1.34411 16.6254 2.15923
7.40269 7.92752 2.22868
16.3175 18.8669 1.87437
0.778146 10.4444 2.42743
3.38838 7.52404 2.58937
10.8735 13.5838 2.90416
12.6062 3.81812 2.12916
12.9967 6.38954 2.30372
11.6263 1.8911 1.53878
17.3056 17.5694 1.36246
0.630872 5.82597 2.60475
10.914 5.99848 2.1333
16.7777 16.5617 2.17506
19.7668 5.2372 2.81363
1.39586 11.0284 2.76987
1.40885 9.29773 1.96513
19.808 18.949 2.23344
8.81678 18.2938 1.78145
15.4992 12.2281 2.58257
3.95468 4.60234 3.31037
9.9076 13.2365 2.71879
19.6334 9.4238 2.23237
7.83587 6.73562 1.56332
18.6589 5.51226 2.47853
14.1328 17.2487 1.87225
8.99037 10.2836 2.41971
16.2157 8.09316 1.64883
19.9534 3.7536 0.943669
18.5302 6.8321 3.77311
0.120536 15.809 3.10016
19.7343 14.9921 2.69126
6.65373 12.0685 2.59739
8.42018 10.7472 2.47335
19.3635 15.9192 2.41648
11.0419 11.3672 2.18651
12.4602 16.6209 1.87565
14.9906 11.7531 2.28649
8.17702 0.0725179 2.94399
14.2534 14.7406 2.28924
19.6388 15.1175 1.95291
11.4288 16.997 2.07395
8.08639 9.39996 2.90352
11.831 12.7387 2.69753
9.94029 8.19507 2.56313
10.3787 10.816 2.83177
16.0612 7.51671 1.34536
12.8399 0.907696 2.67178
17.5481 6.60606 2.36361
5.28138 10.9535 2.60449
13.4363 17.0703 2.10333
11.9759 16.8587 1.80999
3.15598 16.9343 2.34304
4.60554 18.529 2.21869
11.9554 17.105 1.92245
15.6589 8.16099 1.6939
15.5762 3.08407 2.19637
11.6634 19.4199 2.53343
19.8581 15.7099 2.83823
3.28283 7.25096 1.89683
17.849 19.74 2.28982
13.9626 16.5938 2.08966
9.72605 10.5486 2.78157
13.595 7.82132 2.4097
9.35278 11.3221 2.45281
2.39219 7.3624 2.52806
16.8701 8.35105 2.3204
11.2847 9.72902 2.23001
8.98363 8.84681 2.53051
10.9889 18.7477 1.99196
4.2738 9.83844 2.02767
11.5009 16.5734 2.50266
18.3357 13.305 2.25291
16.1676 7.0267 1.11946
8.00572 3.74633 1.9463
10.3319 15.1272 2.36086
14.2005 17.8514 2.35354
5.5559 9.71875 2.2818
16.9927 11.1937 1.861
14.7146 11.8054 2.71499
14.4074 16.6443 2.02586
14.8216 19.1987 2.18323
10.864 10.2276 2.3432
11.1695 8.3486 2.21566
8.96517 15.105 1.53963
8.36846 19.7862 2.49412
16.4783 19.6444 1.19818
5.39786 12.0926 2.77274
10.3573 10.543 2.52237
10.6737 17.8336 2.79137
11.4165 9.3719 2.77886
11.6185 19.7279 2.45576
10.5541 11.3632 2.57093
15.8705 11.7355 3.06316
12.8107 16.9604 2.23872
15.5189 18.8087 1.93275
6.96105 9.81161 1.47454
13.0818 19.8613 2.64791
10.7753 9.2403 2.66142
14.3733 16.2567 2.2427
13.3631 16.9765 2.16248
12.3282 12.5173 2.32651
2.46647 16.1626 2.39261
1.96791 5.96846 1.51432
12.4726 9.81903 2.99191
19.8755 13.3316 2.48133
13.6534 2.03549 2.71672
9.08528 19.8033 2.40285
12.6211 14.2548 2.15965
8.6058 0.111305 2.6108
17.6079 8.11276 2.23808
8.12674 8.06344 2.22003
13.1271 10.1887 2.32007
17.5462 6.33801 2.05438
0.999194 8.21836 2.52465
14.8791 10.499 3.02834
4.81348 15.0664 1.71219
17.636 7.63143 1.87311
4.89205 14.2245 1.47359
13.8392 17.1971 1.98555
9.00478 3.2739 2.17023
14.5124 10.2136 3.15295
11.4536 1.16462 2.10052
13.5008 15.972 2.35832
13.2552 9.8435 2.62871
10.8596 8.28092 2.29232
2.38264 17.2545 2.17448
14.2054 16.7762 2.09152
11.8106 16.5979 2.04733
10.3357 10.6307 2.08036
13.8333 16.1637 2.48809
17.6237 7.49063 1.9056
5.62 14.5117 2.64895
13.5825 0.0399127 2.5087
3.14321 7.94759 2.15585
16.6996 6.57036 2.16832
11.8717 12.7806 2.27267
12.5228 8.9836 2.74884
12.8107 10.6373 2.9145
13.5007 7.59445 2.46274
3.86348 17.3173 2.15888
9.99484 10.8593 2.52332
1.33817 6.73994 1.81911
9.49445 9.98061 2.11347
15.0747 12.0455 3.01062
5.22514 17.9705 2.23149
10.6452 11.4723 2.44976
13.1599 2.20946 2.53486
12.1317 12.0381 2.18469
0.611595 17.4875 2.1636
9.47424 10.4712 2.4613
5.43236 17.7568 2.81053
15.0484 19.9591 2.28214
14.84 19.9937 2.16106
5.34338 11.6366 2.27563
12.8786 11.3487 2.55859
13.283 17.0162 2.19781
14.9208 11.4278 2.86057
15.7774 5.70496 2.684
16.9903 6.27001 2.3645
14.3715 8.90583 2.93266
1.33901 14.1199 2.98896
15.0415 16.6986 2.08375
6.6204 10.9399 2.45709
5.69375 10.2603 2.97026
6.38907 11.3596 2.70241
19.6573 15.2606 2.72257
13.4028 16.8409 2.36377
17.776 7.94802 1.79242
5.19355 17.6546 2.4973
13.8203 8.07642 2.39333
14.849 19.1798 2.08352
13.8378 16.0744 1.96476
5.34274 10.1528 2.17705
11.3019 17.3485 2.31664
5.46611 11.9601 2.76495
15.4084 19.201 2.00453
9.73067 9.14966 2.70569
11.7106 0.00232583 2.22566
6.13737 11.7764 2.61339
10.6047 10.6514 2.59943
13.2161 0.354597 2.72219
1.88926 7.39898 2.39681
13.9798 12.8126 2.00204
11.1083 16.3311 2.2088
13.7104 2.44762 2.25867
14.6698 18.6676 1.47368
1.23985 14.8347 2.87173
14.6531 17.0017 2.07158
17.2061 3.43885 2.59783
10.3409 10.1868 2.44247
15.114 19.14 2.03775
6.39801 0.752587 2.16271
16.1674 2.34076 2.07862
13.3595 10.5427 2.71421
3.33146 17.2326 2.17425
13.8187 12.1944 2.21039
7.323 12.1857 2.38359
17.9766 8.61569 2.38988
14.9341 16.6433 2.37109
14.365 2.1659 2.16848
5.84275 11.9465 2.97463
18.4212 4.79474 1.68129
10.3992 9.95542 2.09272
9.19735 9.38662 2.54871
10.0462 10.8338 2.34273
19.9415 15.5336 3.04385
17.0085 5.66629 1.63514
12.9218 12.3078 1.93417
7.70682 5.94012 2.66175
16.9654 6.40738 2.43715
12.1641 1.18498 2.04352
6.68349 12.9893 2.42169
11.1879 1.49262 2.02786
12.2925 4.23116 1.58751
0.340024 1.00855 3.79596
10.8277 10.6449 2.4438
2.02767 7.5249 1.89807
7.98593 7.86848 2.33759
12.5106 9.40401 2.65495
9.7322 2.66145 2.28967
10.4206 10.9947 2.4187
18.3908 5.55112 1.74931
3.54618 7.37726 2.1005
13.9208 16.2765 2.27971
15.8676 6.01198 2.48744
14.8762 10.7929 3.07499
15.0647 0.956687 2.18441
13.5228 10.4281 3.27179
14.075 16.5407 2.05904
0.34035 13.6632 2.2716
16.6626 8.73084 1.88709
8.41684 11.048 2.30957
17.1231 17.7226 2.20406
8.73317 7.55311 2.83454
4.33888 13.5426 2.04004
17.9794 8.63026 1.87213
9.70788 10.7897 2.41415
17.5063 13.4583 2.39852
13.991 16.6519 1.81813
3.05778 12.1204 2.66063
15.7776 19.7838 1.45164
16.6965 9.1958 2.03779
19.7018 14.7823 2.92297
6.07139 11.4352 2.46409
16.7898 6.68958 2.14284
11.5694 7.78943 1.9688
11.5759 18.5742 1.90324
14.1327 19.4504 1.86618
12.3998 9.29131 2.94298
0.41635 16.2634 2.77864
13.3298 11.1671 2.36356
9.53567 9.4635 2.12811
16.6812 9.86933 2.32389
9.55104 6.92848 2.0866
15.253 18.2534 2.33996
17.601 7.91997 2.30457
14.0912 17.393 2.03762
16.5663 7.21923 1.64919
6.83673 10.9949 2.43719
12.0318 9.1602 3.22014
11.0881 9.10514 2.90353
16.8158 8.0729 1.90422
3.35748 6.90322 1.84419
13.2168 12.6366 2.01538
15.8815 2.782 2.25564
9.92171 10.1086 2.59655
17.0369 10.8056 1.92579
12.1038 11.0132 2.19597
10.9685 10.3698 2.09346
2.72272 10.4455 2.11671
10.0159 8.97809 2.01711
0.818266 16.3176 2.81846
10.9576 8.00157 2.24305
11.4731 11.4771 2.0888
13.5511 1.27426 2.81796
9.58135 10.6084 2.34875
18.3416 16.5512 1.85956
14.8848 1.12408 2.43035
19.7833 14.1025 2.64653
15.1921 10.8559 2.56962
18.9219 7.93372 1.872
6.07895 11.449 2.84447
5.15845 15.7923 1.79216
14.4863 14.6506 2.13091
13.2275 9.02337 3.19343
13.9149 2.60036 2.36063
14.5916 17.9615 1.72993
17.5799 8.89646 2.01029
10.0975 10.2079 2.25902
0.151811 8.55999 2.45631
9.42937 11.2659 2.45988
16.97 7.52173 2.45565
9.02023 10.6041 2.47613
8.45714 9.53419 2.60777
11.9897 17.4155 2.26553
10.8873 18.4958 2.03673
10.1526 10.0037 2.26862
14.8505 14.6934 2.11229
11.0228 10.6097 2.5309
14.9052 0.973289 2.69535
3.72931 5.78 1.48734
3.3334 16.737 1.96839
12.0626 7.66555 2.48358
14.1833 17.6593 1.70925
14.3863 11.174 2.83652
1.82414 16.3824 2.45001
5.83205 10.6 2.67006
4.7602 11.4762 2.79808
7.83917 9.69772 3.08942
16.3996 7.26492 1.93633
13.531 12.3545 2.06439
8.0555 15.2047 1.58995
10.8456 3.67348 1.70674
10.6443 8.42414 2.06837
14.7071 18.113 2.49448
16.5713 17.7779 2.29504
16.2435 8.00348 1.62224
3.65037 6.39743 1.72169
9.05151 19.3773 2.64714
15.975 9.59799 2.99473
0.52685 15.9125 2.66926
13.2626 16.5807 2.2878
6.11489 16.4363 1.44164
10.4927 11.0018 2.65625
10.0337 6.15428 1.78655
0.901289 15.8976 2.80965
12.4471 16.959 1.87587
18.7635 12.3268 2.71379
11.8846 7.70919 1.67667
10.9211 19.2306 3.19951
11.1554 19.1318 3.38201
18.4657 17.4099 2.40087
0.913713 17.0175 2.7083
10.5207 19.6745 3.03776
2.96092 16.5499 2.41524
5.53779 3.57366 2.51081
8.23622 18.882 2.1699
19.2198 4.11904 2.81284
5.99272 19.5109 2.26013
12.4165 1.68857 2.67232
4.696 4.1856 2.21921
19.0359 11.9095 2.42863
3.63594 17.6853 2.46964
2.18627 14.2641 2.57387
1.42147 14.9099 2.71243
12.7378 16.4567 2.08002
6.9011 8.56272 2.0628
12.5761 14.7603 2.5236
16.1629 14.5324 3.22523
8.62864 5.69623 1.8694
5.95414 4.34417 2.76021
15.3057 2.60538 2.82516
17.3568 5.18025 2.77763
3.88654 2.51822 2.40888
12.7315 17.1808 2.27526
9.30455 10.5752 2.30371
3.40022 4.6243 2.57431
10.8609 19.6326 2.97168
16.6017 14.4194 2.64396
1.60191 7.29089 0.475741
8.18083 4.5821 2.48407
1.49526 15.9451 2.51639
5.02171 12.4148 2.82041
2.01479 17.87 2.44325
14.1094 12.6252 2.6531
11.3807 16.5538 2.51186
4.18114 16.4674 2.69158
1.44977 15.1706 2.60053
6.02827 7.10802 2.22618
18.0758 17.3168 1.98475
5.47317 4.27037 2.49097
9.64327 16.617 3.89596
14.0265 15.9419 2.2465
5.57118 12.2631 2.78659
4.45833 2.18702 2.65459
9.96917 6.71978 1.61257
16.8574 13.8984 2.85149
12.9481 0.0979433 2.02952
8.30588 18.9245 2.09538
8.81057 4.73904 2.4756
11.8123 8.49347 1.49373
2.46448 15.3795 2.49997
5.75283 16.5113 1.97318
4.79715 3.81075 2.1008
0.247381 5.37244 2.4201
2.25881 6.89971 0.288626
15.9614 14.5766 2.56976
3.24615 17.3453 1.83777
2.1407 2.59349 2.8897
4.24651 15.8844 2.86268
3.53662 5.09847 2.38148
2.44004 16.9834 2.38463
8.45396 18.1996 2.4925
6.19596 4.22886 2.29972
10.7855 7.33774 2.14738
1.02715 16.7101 2.17652
6.98223 7.37799 1.93465
4.08836 16.4973 2.44773
10.0513 5.10612 1.88704
7.99854 5.24343 1.92986
10.8028 2.04009 1.6421
14.0891 1.37695 2.44016
14.3129 9.13195 2.9678
5.01825 16.0689 2.39423
12.6781 19.9574 2.50803
9.85639 11.0903 1.77778
1.0388 5.37428 2.05922
6.42135 1.76735 2.48315
1.54901 6.7597 1.51935
12.5579 16.5862 2.20089
18.8506 11.1683 2.90301
5.51435 16.4945 2.20403
13.5416 15.1673 2.71415
13.247 14.0519 1.86573
5.23 12.5155 2.98607
4.17402 4.66359 1.98685
15.3411 17.0461 1.46017
7.35217 2.89584 1.75729
8.01836 5.05158 2.27594
6.08501 12.2654 2.76533
5.86083 14.504 2.49969
4.62771 7.94659 2.78866
7.30868 3.60182 2.13847
5.51619 14.8249 2.33736
4.57497 15.9405 2.03701
14.3197 2.61531 2.61892
6.44558 2.25196 2.11536
5.14852 3.81569 2.1117
2.26771 16.3159 2.57951
8.48095 4.47515 2.46412
13.9323 16.5412 1.83543
3.69439 3.70287 1.85094
7.34218 7.51825 2.2104
16.1447 14.5495 2.43729
10.3866 13.9443 2.28062
4.5298 18.7193 2.15344
4.50569 14.7054 2.72183
3.89038 14.5856 3.02758
5.31901 12.5625 2.77569
18.9735 5.03992 2.58876
1.97845 16.5423 2.70852
15.1501 14.2736 1.99054
1.48114 15.5368 2.27677
8.32511 19.1548 2.09107
18.6777 5.08088 2.87819
3.08984 17.5458 2.0378
9.4103 10.5367 1.75953
8.19123 0.999333 1.84162
15.1593 5.34164 1.80027
1.52638 16.2221 2.29025
17.4829 3.5378 2.42589
6.94022 5.60394 2.50583
6.37992 4.62631 2.59142
17.7188 17.3604 2.26343
7.23216 19.2512 1.87366
8.34577 5.51363 2.15628
7.57846 17.9508 2.08689
11.826 13.5204 1.43659
12.1523 14.7005 1.90945
6.33308 14.4322 2.10818
14.612 0.216986 1.47466
8.44799 3.81482 2.2893
17.586 14.501 3.07222
17.0894 14.4871 2.51284
18.4858 17.2506 2.36446
10.4882 17.4199 3.09765
8.2311 5.09741 2.0902
14.2451 17.1299 2.43975
16.9701 3.14183 2.33617
4.9235 11.639 3.22879
8.31406 6.38164 2.18177
7.08173 2.40945 2.51167
17.6968 16.4368 2.50337
4.75272 4.5407 1.93092
17.5874 17.2477 2.53125
15.0128 8.85386 1.33278
1.28908 14.3491 2.71411
3.46104 4.8937 2.31281
18.5322 17.7767 2.49079
1.93718 15.1306 2.49345
6.44046 7.54036 2.29413
15.2205 14.62 2.39459
10.255 19.5688 3.10652
4.33892 3.44775 2.47237
8.88438 10.8954 1.92333
11.9511 8.07099 1.71637
12.7924 19.8741 2.23395
8.90617 4.92696 2.14712
10.3171 10.0462 3.05117
2.13914 15.6065 2.74453
11.7127 8.28009 2.03073
17.6454 5.01969 2.9919
12.8382 11.393 2.3967
6.39384 17.1608 2.66134
14.9079 1.99536 3.44053
8.30729 0.22843 2.18647
18.0419 14.6267 3.62737
12.6258 16.7741 2.18106
7.72958 3.31759 2.64711
9.35842 10.6616 2.13924
18.4215 18.0345 1.82978
12.356 12.0166 2.44665
2.05374 14.9075 2.39123
1.64769 15.3331 2.31185
2.63883 16.9326 2.22502
10.7689 18.8586 2.97005
12.4242 14.3626 2.23186
10.5268 1.834 1.65204
18.841 4.64658 2.53515
12.5581 15.2635 2.04727
8.76021 10.2647 2.49568
18.6467 17.9238 2.4098
5.56603 9.55123 1.92149
13.9745 13.8022 1.52171
11.416 1.46487 2.95954
2.78383 16.1014 2.69479
13.1239 10.3673 2.86527
18.5367 10.1293 2.93893
5.17805 15.4902 2.49337
3.83641 10.4541 1.91946
1.87434 15.9166 2.68121
13.4411 13.8394 1.54725
16.7194 14.3167 2.58533
7.89885 3.97312 2.54425
11.8025 13.235 1.25761
7.74934 16.1336 1.84946
8.50037 7.33565 2.07223
4.89269 14.4043 2.6396
8.54331 4.55041 2.27779
13.3386 0.379465 1.88525
12.0214 17.2377 2.60834
1.5642 17.7308 2.55356
10.9656 5.11184 2.17065
19.0152 6.77699 2.92647
17.1822 19.434 2.99507
12.0984 16.5647 2.13584
2.80402 17.6756 2.13149
10.2468 0.0833388 2.54666
7.3676 3.74869 2.75857
15.7873 16.8814 1.71329
0.969089 7.6878 0.777183
9.47133 15.5477 3.02364
10.7838 18.9011 3.09336
16.682 14.353 2.38776
10.4547 14.2223 2.55918
5.85689 15.7374 2.15573
6.61381 7.04598 2.26601
6.30148 4.97926 2.8421
5.05726 15.6958 2.47197
10.8043 18.3905 3.00515
8.20424 19.3617 1.99211
1.43492 14.8974 2.8557
8.97157 16.0132 2.23589
2.63914 11.14 2.97755
12.5543 7.64774 1.88467
13.6306 17.0036 2.01547
9.67193 6.23257 2.0177
13.3973 16.4831 2.1105
17.4466 13.7131 2.99346
3.83334 14.4818 2.67442
4.34125 16.1595 2.41333
9.71066 14.1238 2.30456
16.8316 13.8239 2.30906
10.6016 1.84205 1.56148
9.55336 9.30305 2.895
1.38018 15.1 2.70335
13.4592 19.8379 2.02924
6.25947 18.2829 1.46138
3.06178 16.2633 2.7747
15.2661 16.7625 2.00998
4.1833 16.8905 2.35075
12.9311 2.03502 2.47947
3.83448 14.4661 2.938
7.2299 0.0300676 2.30564
7.16835 8.38067 1.95349
1.37148 15.9923 2.72305
15.4622 5.68902 1.75682
6.3932 6.28413 2.68065
12.7298 0.835508 2.48963
7.17843 16.6739 2.48775
15.6394 16.6988 1.36271
18.1642 17.2577 2.33136
3.85993 5.25573 2.2062
12.7246 4.14169 1.10825
5.32518 14.5048 2.33921
8.91939 11.0659 1.95209
10.9886 7.17397 1.90927
11.8122 16.7671 2.62312
1.87434 15.573 2.28521
15.1361 16.7477 1.47994
3.29014 19.0103 2.56359
12.9182 16.389 2.49083
1.55761 17.0582 2.37099
0.611212 14.6942 2.69855
4.73642 4.00158 2.41919
3.46462 3.48882 1.97641
2.10181 15.6051 2.49329
15.0652 3.99481 1.85376
2.55039 15.6786 2.33477
8.1645 7.2584 2.0856
1.85338 15.078 2.19523
15.7758 2.92246 2.98609
4.45802 13.9486 2.86016
9.40497 6.05755 1.9414
7.43339 18.0112 2.23266
14.118 2.24814 2.69464
17.0507 15.0212 2.61353
16.8039 16.9265 2.07898
18.1084 9.86202 3.08714
14.5219 16.9307 1.93745
8.58772 0.835464 1.84833
2.05449 17.7342 3.76059
12.5775 13.0614 1.00027
5.30227 16.6264 1.91383
11.724 7.50047 1.88201
10.5429 5.50514 2.354
10.9995 16.1997 2.35372
17.2818 13.3992 2.01892
1.33554 5.42172 2.20958
6.74328 11.6874 2.90117
13.0432 2.20298 2.21627
6.95683 4.02752 2.41966
3.77251 5.16846 2.33504
2.23412 16.335 2.75626
