0 0.0423668
0.1 0.042383
0.2 0.0445033
0.3 0.0442227
0.4 0.0425542
0.5 0.0434152
0.6 0.0433025
0.7 0.0512553
0.8 0.0529166
0.9 0.0723945
1 0.082884
1.1 0.0915343
1.2 0.102366
1.3 0.104714
1.4 0.113171
1.5 0.122831
1.6 0.129407
1.7 0.146898
1.8 0.155328
1.9 0.166672
2 0.178392
2.1 0.188729
2.2 0.203128
2.3 0.207566
2.4 0.2105
2.5 0.227329
2.6 0.241538
2.7 0.256702
2.8 0.271123
2.9 0.285635
3 0.307963
3.1 0.319219
3.2 0.33818
3.3 0.357497
3.4 0.367459
3.5 0.378806
3.6 0.389658
3.7 0.397451
3.8 0.409926
3.9 0.42009
4 0.437651
4.1 0.44895
4.2 0.458515
4.3 0.468159
4.4 0.486395
4.5 0.496922
4.6 0.508718
4.7 0.517087
4.8 0.521506
4.9 0.53443
5 0.554315
5.1 0.5666
5.2 0.586922
5.3 0.601099
5.4 0.616253
5.5 0.622208
5.6 0.631346
5.7 0.638804
5.8 0.650889
5.9 0.659066
6 0.670421
6.1 0.678342
6.2 0.686443
6.3 0.690182
6.4 0.699077
6.5 0.703561
6.6 0.71213
6.7 0.720651
6.8 0.725748
6.9 0.725034
7 0.731578
7.1 0.731984
7.2 0.734515
7.3 0.743107
7.4 0.748777
7.5 0.756917
7.6 0.765163
7.7 0.773721
7.8 0.779098
7.9 0.784117
8 0.788936
8.1 0.793255
8.2 0.796937
8.3 0.800825
8.4 0.808463
8.5 0.817186
8.6 0.819069
8.7 0.820464
8.8 0.820355
8.9 0.829031
9 0.830986
9.1 0.839226
9.2 0.842252
9.3 0.847026
9.4 0.851019
9.5 0.85501
9.6 0.856878
9.7 0.861534
9.8 0.861915
9.9 0.867664
10 0.870009
10.1 0.873037
10.2 0.877299
10.3 0.879267
10.4 0.882499
10.5 0.882462
10.6 0.885428
10.7 0.885987
10.8 0.889305
10.9 0.890515
11 0.892504
11.1 0.89645
11.2 0.895645
11.3 0.896671
11.4 0.897104
11.5 0.898758
11.6 0.897551
11.7 0.90077
11.8 0.903913
11.9 0.904972
12 0.90333
12.1 0.902161
12.2 0.905015
12.3 0.909068
12.4 0.910801
12.5 0.911452
12.6 0.9143
12.7 0.913849
12.8 0.915509
12.9 0.916716
13 0.912989
13.1 0.914914
13.2 0.915785
13.3 0.914982
13.4 0.916349
13.5 0.916485
13.6 0.920964
13.7 0.923417
13.8 0.924842
13.9 0.928718
14 0.926475
14.1 0.92433
14.2 0.925139
14.3 0.921437
14.4 0.919051
14.5 0.917935
14.6 0.920482
14.7 0.922638
14.8 0.920534
14.9 0.917794
15 0.915098
15.1 0.91549
15.2 0.921064
15.3 0.920976
15.4 0.918777
15.5 0.917331
15.6 0.916239
15.7 0.91941
15.8 0.922553
15.9 0.926368
16 0.930268
16.1 0.930073
16.2 0.933441
16.3 0.932817
16.4 0.931225
16.5 0.93204
16.6 0.931657
16.7 0.932704
16.8 0.935596
16.9 0.935028
17 0.934914
17.1 0.935475
17.2 0.932379
17.3 0.933216
17.4 0.932435
17.5 0.929786
17.6 0.932427
17.7 0.93352
17.8 0.933972
17.9 0.938224
18 0.940068
18.1 0.939333
18.2 0.939756
18.3 0.939489
18.4 0.941393
18.5 0.940425
18.6 0.942256
18.7 0.940225
18.8 0.938679
18.9 0.938754
19 0.937409
19.1 0.935853
19.2 0.935967
19.3 0.938303
19.4 0.936956
19.5 0.935722
19.6 0.935236
19.7 0.934241
19.8 0.935578
19.9 0.93688
20 0.939169
20.1 0.940606
20.2 0.939512
20.3 0.936471
20.4 0.93386
20.5 0.931795
20.6 0.93065
20.7 0.933795
20.8 0.9337
20.9 0.933785
21 0.937892
21.1 0.938399
21.2 0.938203
21.3 0.936032
21.4 0.93676
21.5 0.934217
21.6 0.933987
21.7 0.932764
21.8 0.933005
21.9 0.932376
22 0.931424
22.1 0.932919
22.2 0.933832
22.3 0.93345
22.4 0.934097
22.5 0.932421
22.6 0.934091
22.7 0.937997
22.8 0.938957
22.9 0.938984
23 0.940699
23.1 0.937571
23.2 0.93585
23.3 0.93787
23.4 0.935005
23.5 0.933151
23.6 0.930088
23.7 0.928094
23.8 0.93037
23.9 0.930149
24 0.932026
24.1 0.928219
24.2 0.929308
24.3 0.928599
24.4 0.927788
24.5 0.924136
24.6 0.924823
24.7 0.924726
24.8 0.928009
24.9 0.927458
25 0.927881
25.1 0.93121
25.2 0.931686
25.3 0.932829
25.4 0.932011
25.5 0.930481
25.6 0.932088
25.7 0.9315
25.8 0.929125
25.9 0.924655
26 0.923994
26.1 0.923023
26.2 0.923278
26.3 0.923615
26.4 0.922354
26.5 0.918199
26.6 0.916293
26.7 0.91797
26.8 0.916898
26.9 0.918341
27 0.918507
27.1 0.918784
27.2 0.921316
27.3 0.922752
27.4 0.920409
27.5 0.920577
27.6 0.925883
27.7 0.924983
27.8 0.923914
27.9 0.928664
28 0.932761
28.1 0.932745
28.2 0.932742
28.3 0.930294
28.4 0.928371
28.5 0.929735
28.6 0.928489
28.7 0.927952
28.8 0.928154
28.9 0.927019
29 0.924384
29.1 0.923494
29.2 0.925501
29.3 0.927185
29.4 0.928246
29.5 0.928093
29.6 0.929353
29.7 0.930915
29.8 0.928671
29.9 0.924723
30 0.919813
30.1 0.920433
30.2 0.919
30.3 0.918893
30.4 0.919077
30.5 0.921197
30.6 0.920471
30.7 0.922091
30.8 0.924168
30.9 0.92114
31 0.919428
31.1 0.919092
31.2 0.915856
31.3 0.91707
31.4 0.918317
31.5 0.919969
31.6 0.919208
31.7 0.923078
31.8 0.922352
31.9 0.920564
32 0.920878
32.1 0.919775
32.2 0.917573
32.3 0.920137
32.4 0.920535
32.5 0.92105
32.6 0.919491
32.7 0.918475
32.8 0.915866
32.9 0.916107
33 0.917045
33.1 0.914646
33.2 0.918105
33.3 0.920723
33.4 0.921937
33.5 0.922021
33.6 0.920347
33.7 0.920235
33.8 0.919716
33.9 0.922385
34 0.921886
34.1 0.919987
34.2 0.921893
34.3 0.923316
34.4 0.924277
34.5 0.923717
34.6 0.92518
34.7 0.924443
34.8 0.923431
34.9 0.92674
35 0.926188
35.1 0.92594
35.2 0.9233
35.3 0.924727
35.4 0.923866
35.5 0.925385
35.6 0.925255
35.7 0.926524
35.8 0.927207
35.9 0.930043
36 0.929452
36.1 0.932931
36.2 0.928937
36.3 0.928905
36.4 0.930264
36.5 0.929879
36.6 0.927512
36.7 0.924136
36.8 0.920191
36.9 0.92192
37 0.922913
37.1 0.927138
37.2 0.930895
37.3 0.930205
37.4 0.929547
37.5 0.926052
37.6 0.926533
37.7 0.925559
37.8 0.925451
37.9 0.924086
38 0.92217
38.1 0.924791
38.2 0.922853
38.3 0.922708
38.4 0.92478
38.5 0.925278
38.6 0.926097
38.7 0.922836
38.8 0.922161
38.9 0.924604
39 0.924315
39.1 0.92094
39.2 0.918638
39.3 0.915948
39.4 0.915
39.5 0.914317
39.6 0.911245
39.7 0.912126
39.8 0.907565
39.9 0.909271
40 0.90664
40.1 0.905594
40.2 0.905451
40.3 0.903627
40.4 0.903522
40.5 0.900819
40.6 0.900457
40.7 0.900828
40.8 0.902578
40.9 0.90382
41 0.90098
41.1 0.899155
41.2 0.896445
41.3 0.897968
41.4 0.898381
41.5 0.896311
41.6 0.89706
41.7 0.895771
41.8 0.891605
41.9 0.891445
42 0.890168
42.1 0.891479
42.2 0.889242
42.3 0.890311
42.4 0.88773
42.5 0.888533
42.6 0.889436
42.7 0.889811
42.8 0.890108
42.9 0.89302
43 0.890034
43.1 0.892229
43.2 0.893975
43.3 0.898414
43.4 0.897586
43.5 0.897101
43.6 0.895789
43.7 0.894962
43.8 0.891744
43.9 0.888753
44 0.884252
44.1 0.884095
44.2 0.884616
44.3 0.888785
44.4 0.893552
44.5 0.890798
44.6 0.890608
44.7 0.889618
44.8 0.88831
44.9 0.886946
45 0.889557
45.1 0.893861
45.2 0.894309
45.3 0.89602
45.4 0.893342
45.5 0.891361
45.6 0.893678
45.7 0.893889
45.8 0.893166
45.9 0.894962
46 0.894362
46.1 0.894883
46.2 0.89397
46.3 0.892665
46.4 0.89431
46.5 0.896404
46.6 0.89846
46.7 0.899161
46.8 0.898032
46.9 0.896366
47 0.901089
47.1 0.898849
47.2 0.902966
47.3 0.903353
47.4 0.905933
47.5 0.90471
47.6 0.901665
47.7 0.899684
47.8 0.895295
47.9 0.897721
48 0.894573
48.1 0.899133
48.2 0.898512
48.3 0.900695
48.4 0.904584
48.5 0.909407
48.6 0.90909
48.7 0.911567
48.8 0.908759
48.9 0.909953
49 0.911592
49.1 0.909302
49.2 0.910138
49.3 0.910846
49.4 0.912481
49.5 0.910463
49.6 0.908796
49.7 0.911617
49.8 0.909738
49.9 0.909256
50 0.905979
50.1 0.9056
50.2 0.908682
50.3 0.907542
50.4 0.905635
50.5 0.899745
50.6 0.894137
50.7 0.893797
50.8 0.893029
50.9 0.89362
51 0.890386
51.1 0.890734
51.2 0.888271
51.3 0.891367
51.4 0.892582
51.5 0.893609
51.6 0.892222
51.7 0.897064
51.8 0.896963
51.9 0.896587
52 0.899542
52.1 0.897642
52.2 0.89789
52.3 0.894282
52.4 0.893708
52.5 0.892361
52.6 0.891698
52.7 0.890128
52.8 0.89092
52.9 0.887221
53 0.885668
53.1 0.884851
53.2 0.889324
53.3 0.888397
53.4 0.889255
53.5 0.887099
53.6 0.885591
53.7 0.885877
53.8 0.886474
53.9 0.886767
54 0.88575
54.1 0.884966
54.2 0.886585
54.3 0.888942
54.4 0.888201
54.5 0.884503
54.6 0.883337
54.7 0.885161
54.8 0.883874
54.9 0.884678
55 0.881764
55.1 0.88268
55.2 0.881647
55.3 0.879255
55.4 0.883822
55.5 0.884684
55.6 0.88242
55.7 0.881626
55.8 0.881587
55.9 0.881505
56 0.879904
56.1 0.883373
56.2 0.88138
56.3 0.879427
56.4 0.880875
56.5 0.883072
56.6 0.879995
56.7 0.876724
56.8 0.878734
56.9 0.882
57 0.880252
57.1 0.879063
57.2 0.879992
57.3 0.882538
57.4 0.882508
57.5 0.881312
57.6 0.885626
57.7 0.886442
57.8 0.886343
57.9 0.888254
58 0.887524
58.1 0.890339
58.2 0.886895
58.3 0.891727
58.4 0.895389
58.5 0.8976
58.6 0.899624
58.7 0.902582
58.8 0.898866
58.9 0.899008
59 0.901125
59.1 0.901618
59.2 0.903725
59.3 0.907084
59.4 0.905834
59.5 0.905804
59.6 0.908233
59.7 0.909151
59.8 0.910163
59.9 0.910207
60 0.907849
60.1 0.903141
60.2 0.902933
60.3 0.904755
60.4 0.9068
60.5 0.901803
60.6 0.897991
60.7 0.903925
60.8 0.903967
60.9 0.903175
61 0.903265
61.1 0.90188
61.2 0.901465
61.3 0.89984
61.4 0.902332
61.5 0.905539
61.6 0.908362
61.7 0.909175
61.8 0.910949
61.9 0.911852
62 0.913277
62.1 0.912744
62.2 0.911898
62.3 0.909264
62.4 0.909143
62.5 0.90859
62.6 0.9082
62.7 0.909377
62.8 0.910505
62.9 0.913988
63 0.91603
63.1 0.913658
63.2 0.915483
63.3 0.912357
63.4 0.915968
63.5 0.917044
63.6 0.918328
63.7 0.916599
63.8 0.915967
63.9 0.916928
64 0.915083
64.1 0.913731
64.2 0.917013
64.3 0.916509
64.4 0.917723
64.5 0.91663
64.6 0.917382
64.7 0.91588
64.8 0.914773
64.9 0.915771
65 0.91657
65.1 0.914716
65.2 0.914063
65.3 0.912908
65.4 0.910074
65.5 0.907585
65.6 0.906862
65.7 0.90867
65.8 0.908906
65.9 0.904797
66 0.903612
66.1 0.899972
66.2 0.899575
66.3 0.898627
66.4 0.898989
66.5 0.898397
66.6 0.899907
66.7 0.898914
66.8 0.898915
66.9 0.897469
67 0.89613
67.1 0.893254
67.2 0.890271
67.3 0.892571
67.4 0.892721
67.5 0.896287
67.6 0.895326
67.7 0.894452
67.8 0.896556
67.9 0.897965
68 0.897475
68.1 0.89957
68.2 0.903787
68.3 0.901896
68.4 0.902591
68.5 0.902393
68.6 0.903069
68.7 0.90158
68.8 0.905079
68.9 0.904198
69 0.907254
69.1 0.908096
69.2 0.906604
69.3 0.909133
69.4 0.910531
69.5 0.910923
69.6 0.913457
69.7 0.915744
69.8 0.914721
69.9 0.915045
70 0.915372
70.1 0.91796
70.2 0.917626
70.3 0.919174
70.4 0.918005
70.5 0.917555
70.6 0.916759
70.7 0.916386
70.8 0.916732
70.9 0.913628
71 0.910745
71.1 0.91023
71.2 0.909928
71.3 0.909517
71.4 0.907633
71.5 0.911249
71.6 0.911886
71.7 0.912291
71.8 0.914765
71.9 0.91141
72 0.913284
72.1 0.912554
72.2 0.911606
72.3 0.91153
72.4 0.909096
72.5 0.907892
72.6 0.906676
72.7 0.904919
72.8 0.902506
72.9 0.903756
73 0.904247
73.1 0.908092
73.2 0.90885
73.3 0.910065
73.4 0.910487
73.5 0.911462
73.6 0.906197
73.7 0.905128
73.8 0.903573
73.9 0.901976
74 0.90222
74.1 0.897436
74.2 0.896954
74.3 0.894588
74.4 0.891181
74.5 0.887831
74.6 0.885656
74.7 0.883311
74.8 0.882339
74.9 0.881496
75 0.881493
75.1 0.881935
75.2 0.887356
75.3 0.886692
75.4 0.887819
75.5 0.889101
75.6 0.891218
75.7 0.885289
75.8 0.886131
75.9 0.88745
76 0.886762
76.1 0.885163
76.2 0.886078
76.3 0.885732
76.4 0.88957
76.5 0.88818
76.6 0.886392
76.7 0.893057
76.8 0.894034
76.9 0.896243
77 0.894935
77.1 0.896456
77.2 0.894774
77.3 0.895163
77.4 0.896734
77.5 0.895186
77.6 0.8971
77.7 0.896936
77.8 0.899027
77.9 0.902045
78 0.901259
78.1 0.903476
78.2 0.90524
78.3 0.906583
78.4 0.90613
78.5 0.904076
78.6 0.902565
78.7 0.90116
78.8 0.900408
78.9 0.902245
79 0.90308
79.1 0.902489
79.2 0.903513
79.3 0.900128
79.4 0.900668
79.5 0.904583
79.6 0.904116
79.7 0.905448
79.8 0.904053
79.9 0.903327
80 0.902628
80.1 0.899585
80.2 0.900047
80.3 0.900101
80.4 0.897306
80.5 0.897957
80.6 0.897844
80.7 0.897856
80.8 0.900113
80.9 0.903156
81 0.902492
81.1 0.903688
81.2 0.905176
81.3 0.90506
81.4 0.903558
81.5 0.907306
81.6 0.907037
81.7 0.912058
81.8 0.912758
81.9 0.911026
82 0.90887
82.1 0.912121
82.2 0.910883
82.3 0.909925
82.4 0.909394
82.5 0.907036
82.6 0.908943
82.7 0.910313
82.8 0.909472
82.9 0.908685
83 0.90924
83.1 0.911183
83.2 0.913858
83.3 0.911211
83.4 0.910869
83.5 0.908849
83.6 0.906588
83.7 0.904485
83.8 0.904854
83.9 0.907247
84 0.904593
84.1 0.905202
84.2 0.904744
84.3 0.906862
84.4 0.901137
84.5 0.900707
84.6 0.903238
84.7 0.906916
84.8 0.9087
84.9 0.909169
85 0.907063
85.1 0.908464
85.2 0.909388
85.3 0.909871
85.4 0.911183
85.5 0.910916
85.6 0.908764
85.7 0.909155
85.8 0.910289
85.9 0.912532
86 0.912238
86.1 0.917575
86.2 0.916561
86.3 0.918002
86.4 0.916569
86.5 0.920403
86.6 0.922332
86.7 0.921872
86.8 0.923702
86.9 0.924741
87 0.923636
87.1 0.924472
87.2 0.923734
87.3 0.92562
87.4 0.928911
87.5 0.927004
87.6 0.930519
87.7 0.931156
87.8 0.931043
87.9 0.928785
88 0.931681
88.1 0.929522
88.2 0.930185
88.3 0.92731
88.4 0.926118
88.5 0.925045
88.6 0.922086
88.7 0.919802
88.8 0.920544
88.9 0.91795
89 0.917542
89.1 0.918545
89.2 0.919252
89.3 0.921109
89.4 0.919994
89.5 0.918907
89.6 0.916609
89.7 0.918369
89.8 0.917659
89.9 0.918128
90 0.918499
90.1 0.917658
90.2 0.916814
90.3 0.917521
90.4 0.915635
90.5 0.917929
90.6 0.914512
90.7 0.914325
90.8 0.913069
90.9 0.911528
91 0.911672
91.1 0.91453
91.2 0.910899
91.3 0.912901
91.4 0.911271
91.5 0.910604
91.6 0.908846
91.7 0.911789
91.8 0.910359
91.9 0.909406
92 0.913401
92.1 0.910465
92.2 0.91024
92.3 0.907802
92.4 0.907901
92.5 0.90611
92.6 0.90446
92.7 0.902107
92.8 0.903862
92.9 0.90553
93 0.903666
93.1 0.908137
93.2 0.908902
93.3 0.90967
93.4 0.909914
93.5 0.910295
93.6 0.907809
93.7 0.910275
93.8 0.905636
93.9 0.909646
94 0.913658
94.1 0.913665
94.2 0.910035
94.3 0.910597
94.4 0.911386
94.5 0.911039
94.6 0.911661
94.7 0.914001
94.8 0.911384
94.9 0.909882
95 0.912106
95.1 0.913124
95.2 0.912511
95.3 0.914408
95.4 0.916022
95.5 0.918117
95.6 0.917413
95.7 0.919939
95.8 0.921591
95.9 0.922191
96 0.923301
96.1 0.918758
96.2 0.917403
96.3 0.916085
96.4 0.916341
96.5 0.915376
96.6 0.916917
96.7 0.917751
96.8 0.917486
96.9 0.916283
97 0.915827
97.1 0.91622
97.2 0.916722
97.3 0.915802
97.4 0.913424
97.5 0.911888
97.6 0.911925
97.7 0.910254
97.8 0.910059
97.9 0.910083
98 0.908536
98.1 0.905896
98.2 0.904702
98.3 0.900673
98.4 0.899937
98.5 0.899264
98.6 0.90092
98.7 0.903095
98.8 0.903729
98.9 0.904753
99 0.902318
99.1 0.900004
99.2 0.903052
99.3 0.903476
99.4 0.904715
99.5 0.904121
99.6 0.9012
99.7 0.900725
99.8 0.899666
99.9 0.898363
100 0.894332
100.1 0.893574
100.2 0.892944
100.3 0.890576
100.4 0.89307
