0 0.0204454
0.1 0.0304832
0.2 0.0294849
0.3 0.0205622
0.4 0.0319368
0.5 0.0340601
0.6 0.0458966
0.7 0.0441977
0.8 0.0287531
0.9 0.0445065
1 0.0470982
1.1 0.0689516
1.2 0.0661853
1.3 0.061779
1.4 0.0704438
1.5 0.0765647
1.6 0.0858037
1.7 0.106547
1.8 0.114955
1.9 0.112177
2 0.124933
2.1 0.133387
2.2 0.1498
2.3 0.161542
2.4 0.15714
2.5 0.182081
2.6 0.196939
2.7 0.200988
2.8 0.198126
2.9 0.19437
3 0.209928
3.1 0.207207
3.2 0.227822
3.3 0.222683
3.4 0.223508
3.5 0.216402
3.6 0.225078
3.7 0.232616
3.8 0.233034
3.9 0.238864
4 0.238949
4.1 0.257068
4.2 0.272469
4.3 0.289745
4.4 0.307365
4.5 0.322601
4.6 0.311624
4.7 0.332526
4.8 0.349676
4.9 0.344058
5 0.365331
5.1 0.391136
5.2 0.405045
5.3 0.408641
5.4 0.431301
5.5 0.445303
5.6 0.458862
5.7 0.483408
5.8 0.469591
5.9 0.488105
6 0.501738
6.1 0.523092
6.2 0.541171
6.3 0.555902
6.4 0.573194
6.5 0.581302
6.6 0.586977
6.7 0.596886
6.8 0.611715
6.9 0.625801
7 0.613975
7.1 0.610606
7.2 0.626643
7.3 0.636232
7.4 0.653072
7.5 0.671256
7.6 0.680989
7.7 0.697192
7.8 0.715222
7.9 0.724752
8 0.733656
8.1 0.728777
8.2 0.738743
8.3 0.750111
8.4 0.763067
8.5 0.768112
8.6 0.782762
8.7 0.788324
8.8 0.799111
8.9 0.81399
9 0.822678
9.1 0.830165
9.2 0.840071
9.3 0.842629
9.4 0.843672
9.5 0.849791
9.6 0.855928
9.7 0.86253
9.8 0.867312
9.9 0.873211
10 0.877841
10.1 0.884775
10.2 0.887054
10.3 0.872738
10.4 0.88038
10.5 0.88431
10.6 0.881504
10.7 0.885986
10.8 0.88979
10.9 0.89513
11 0.899748
11.1 0.904191
11.2 0.910326
11.3 0.911093
11.4 0.914017
11.5 0.915126
11.6 0.916219
11.7 0.917875
11.8 0.908649
11.9 0.908964
12 0.912569
12.1 0.915873
12.2 0.914847
12.3 0.915864
12.4 0.92005
12.5 0.922739
12.6 0.921345
12.7 0.91854
12.8 0.923736
12.9 0.923506
13 0.925779
13.1 0.926982
13.2 0.925968
13.3 0.926403
13.4 0.926425
13.5 0.925618
13.6 0.927597
13.7 0.928712
13.8 0.928983
13.9 0.929731
14 0.932007
14.1 0.933079
14.2 0.931513
14.3 0.929062
14.4 0.932246
14.5 0.930159
14.6 0.931131
14.7 0.93091
14.8 0.931238
14.9 0.932022
15 0.933409
15.1 0.931097
15.2 0.927746
15.3 0.925609
15.4 0.924246
15.5 0.924301
15.6 0.925199
15.7 0.931321
15.8 0.926425
15.9 0.927468
16 0.931487
16.1 0.930599
16.2 0.929388
16.3 0.932576
16.4 0.930635
16.5 0.929768
16.6 0.927917
16.7 0.932285
16.8 0.934611
16.9 0.935126
17 0.934743
17.1 0.935852
17.2 0.93617
17.3 0.937511
17.4 0.935514
17.5 0.936071
17.6 0.935678
17.7 0.934453
17.8 0.933902
17.9 0.936195
18 0.938151
18.1 0.936616
18.2 0.93742
18.3 0.940154
18.4 0.938497
18.5 0.938743
18.6 0.939593
18.7 0.938413
18.8 0.941059
18.9 0.943051
19 0.941988
19.1 0.942298
19.2 0.942269
19.3 0.941728
19.4 0.941365
19.5 0.938207
19.6 0.938633
19.7 0.93891
19.8 0.936365
19.9 0.93924
20 0.940533
20.1 0.942524
20.2 0.941404
20.3 0.939512
20.4 0.939836
20.5 0.939843
20.6 0.941101
20.7 0.94279
20.8 0.943038
20.9 0.94291
21 0.943172
21.1 0.941548
21.2 0.939982
21.3 0.939753
21.4 0.940102
21.5 0.940234
21.6 0.939976
21.7 0.933845
21.8 0.935906
21.9 0.936839
22 0.934946
22.1 0.935801
22.2 0.937307
22.3 0.936049
22.4 0.935334
22.5 0.936579
22.6 0.934677
22.7 0.934122
22.8 0.935488
22.9 0.938189
23 0.938035
23.1 0.939494
23.2 0.94037
23.3 0.94196
23.4 0.941666
23.5 0.943559
23.6 0.943069
23.7 0.943584
23.8 0.941264
23.9 0.943
24 0.944575
24.1 0.94047
24.2 0.93927
24.3 0.940671
24.4 0.940505
24.5 0.939678
24.6 0.941055
24.7 0.940056
24.8 0.936628
24.9 0.935101
25 0.935861
25.1 0.933984
25.2 0.935792
25.3 0.93557
25.4 0.937001
25.5 0.937726
25.6 0.940158
25.7 0.941285
25.8 0.939874
25.9 0.940508
26 0.938509
26.1 0.938559
26.2 0.938931
26.3 0.936464
26.4 0.939008
26.5 0.939606
26.6 0.938709
26.7 0.937464
26.8 0.938972
26.9 0.938367
27 0.937897
27.1 0.936124
27.2 0.936179
27.3 0.938647
27.4 0.938364
27.5 0.935125
27.6 0.933242
27.7 0.933472
27.8 0.93478
27.9 0.933655
28 0.933537
28.1 0.933663
28.2 0.935365
28.3 0.935177
28.4 0.936132
28.5 0.935913
28.6 0.936413
28.7 0.93512
28.8 0.936969
28.9 0.938099
29 0.935366
29.1 0.936616
29.2 0.939452
29.3 0.940589
29.4 0.940405
29.5 0.940861
29.6 0.937918
29.7 0.936257
29.8 0.936836
29.9 0.939271
30 0.939242
30.1 0.939501
30.2 0.939009
30.3 0.937879
30.4 0.938249
30.5 0.938428
30.6 0.941629
30.7 0.93923
30.8 0.938674
30.9 0.938688
31 0.938563
31.1 0.935792
31.2 0.935151
31.3 0.937635
31.4 0.936606
31.5 0.938143
31.6 0.935997
31.7 0.934595
31.8 0.934472
31.9 0.933981
32 0.932118
32.1 0.932321
32.2 0.934575
32.3 0.935752
32.4 0.936258
32.5 0.937673
32.6 0.93967
32.7 0.936286
32.8 0.934289
32.9 0.936654
33 0.937108
33.1 0.938417
33.2 0.937622
33.3 0.939808
33.4 0.937662
33.5 0.935866
33.6 0.936055
33.7 0.9367
33.8 0.935823
33.9 0.935835
34 0.938542
34.1 0.936941
34.2 0.935331
34.3 0.936284
34.4 0.935956
34.5 0.937026
34.6 0.936021
34.7 0.934263
34.8 0.937838
34.9 0.937397
35 0.937877
35.1 0.939206
35.2 0.935879
35.3 0.936475
35.4 0.933863
35.5 0.929581
35.6 0.92965
35.7 0.930862
35.8 0.93326
35.9 0.935707
36 0.936691
36.1 0.937382
36.2 0.938101
36.3 0.938157
36.4 0.937299
36.5 0.939713
36.6 0.941213
36.7 0.94009
36.8 0.94195
36.9 0.941774
37 0.942096
37.1 0.941867
37.2 0.941858
37.3 0.942896
37.4 0.94372
37.5 0.943166
37.6 0.942175
37.7 0.945705
37.8 0.945182
37.9 0.944165
38 0.942345
38.1 0.938754
38.2 0.93802
38.3 0.938477
38.4 0.936988
38.5 0.937702
38.6 0.939506
38.7 0.940952
38.8 0.941327
38.9 0.936712
39 0.940151
39.1 0.940987
39.2 0.940494
39.3 0.940059
39.4 0.940556
39.5 0.938219
39.6 0.938661
39.7 0.936801
39.8 0.939332
39.9 0.937511
40 0.93873
40.1 0.940238
40.2 0.942974
40.3 0.940925
40.4 0.939271
40.5 0.940444
40.6 0.941509
40.7 0.941364
40.8 0.939848
40.9 0.938177
41 0.938027
41.1 0.935534
41.2 0.936586
41.3 0.937834
41.4 0.939537
41.5 0.939407
41.6 0.940412
41.7 0.940834
41.8 0.939424
41.9 0.935624
42 0.935303
42.1 0.932657
42.2 0.935975
42.3 0.935186
42.4 0.934909
42.5 0.935626
42.6 0.934694
42.7 0.932915
42.8 0.934368
42.9 0.933852
43 0.935448
43.1 0.936001
43.2 0.936544
43.3 0.937609
43.4 0.936333
43.5 0.937768
43.6 0.936751
43.7 0.937988
43.8 0.937333
43.9 0.935169
44 0.936625
44.1 0.936923
44.2 0.935464
44.3 0.934486
44.4 0.935699
44.5 0.938593
44.6 0.938336
44.7 0.938434
44.8 0.939923
44.9 0.939051
45 0.937664
45.1 0.935949
45.2 0.933841
45.3 0.934478
45.4 0.935783
45.5 0.935763
45.6 0.936791
45.7 0.9377
45.8 0.937467
45.9 0.934982
46 0.934297
46.1 0.932596
46.2 0.930713
46.3 0.930456
46.4 0.932153
46.5 0.932085
46.6 0.932581
46.7 0.932707
46.8 0.933232
46.9 0.935942
47 0.937655
47.1 0.938221
47.2 0.938125
47.3 0.940245
47.4 0.939905
47.5 0.93863
47.6 0.937526
47.7 0.934916
47.8 0.930272
47.9 0.929371
48 0.930982
48.1 0.932596
48.2 0.932834
48.3 0.936491
48.4 0.936566
48.5 0.938515
48.6 0.936535
48.7 0.935983
48.8 0.933595
48.9 0.933361
49 0.934209
49.1 0.935158
49.2 0.937653
49.3 0.93895
49.4 0.9367
49.5 0.934728
49.6 0.934528
49.7 0.934267
49.8 0.934354
49.9 0.934964
50 0.935382
50.1 0.937238
50.2 0.938788
50.3 0.939192
50.4 0.939338
50.5 0.937016
50.6 0.934047
50.7 0.935438
50.8 0.9343
50.9 0.932208
51 0.93294
51.1 0.934778
51.2 0.936939
51.3 0.938337
51.4 0.935577
51.5 0.936783
51.6 0.935596
51.7 0.933063
51.8 0.936236
51.9 0.937183
52 0.937041
52.1 0.93884
52.2 0.940945
52.3 0.941617
52.4 0.941222
52.5 0.940248
52.6 0.943831
52.7 0.941187
52.8 0.937774
52.9 0.939638
53 0.939933
53.1 0.939161
53.2 0.937926
53.3 0.935766
53.4 0.93682
53.5 0.933877
53.6 0.935135
53.7 0.935979
53.8 0.937714
53.9 0.939769
54 0.939947
54.1 0.938805
54.2 0.939539
54.3 0.940624
54.4 0.937442
54.5 0.934886
54.6 0.934124
54.7 0.937186
54.8 0.93953
54.9 0.938211
55 0.937071
55.1 0.938095
55.2 0.93835
55.3 0.93611
55.4 0.937936
55.5 0.935637
55.6 0.93545
55.7 0.935342
55.8 0.937094
55.9 0.936384
56 0.933468
56.1 0.934521
56.2 0.935381
56.3 0.934014
56.4 0.932829
56.5 0.93491
56.6 0.933191
56.7 0.933235
56.8 0.932835
56.9 0.93099
57 0.930623
57.1 0.932544
57.2 0.934208
57.3 0.937432
57.4 0.936049
57.5 0.935046
57.6 0.935179
57.7 0.93282
57.8 0.936024
57.9 0.936835
58 0.936269
58.1 0.935996
58.2 0.934475
58.3 0.935394
58.4 0.934042
58.5 0.934924
58.6 0.930465
58.7 0.930089
58.8 0.927742
58.9 0.929127
59 0.932184
59.1 0.932669
59.2 0.934569
59.3 0.935108
59.4 0.93731
59.5 0.938238
59.6 0.934974
59.7 0.934371
59.8 0.935262
59.9 0.935782
60 0.937676
60.1 0.939918
60.2 0.940491
60.3 0.938533
60.4 0.937709
60.5 0.939305
60.6 0.940573
60.7 0.939109
60.8 0.938325
60.9 0.937834
61 0.941107
61.1 0.938875
61.2 0.940437
61.3 0.939019
61.4 0.939276
61.5 0.939161
61.6 0.938695
61.7 0.938416
61.8 0.940399
61.9 0.939795
62 0.939917
62.1 0.939211
62.2 0.94055
62.3 0.943642
62.4 0.942677
62.5 0.94356
62.6 0.942347
62.7 0.940053
62.8 0.938951
62.9 0.936985
63 0.934439
63.1 0.934481
63.2 0.936707
63.3 0.936702
63.4 0.937578
63.5 0.936165
63.6 0.937851
63.7 0.938998
63.8 0.938052
63.9 0.938239
64 0.936652
64.1 0.935864
64.2 0.935035
64.3 0.935218
64.4 0.933667
64.5 0.934654
64.6 0.934956
64.7 0.936483
64.8 0.937319
64.9 0.934216
65 0.930793
65.1 0.93121
65.2 0.930617
65.3 0.931357
65.4 0.934065
65.5 0.932951
65.6 0.934253
65.7 0.932895
65.8 0.933623
65.9 0.936036
66 0.937217
66.1 0.936374
66.2 0.93837
66.3 0.939206
66.4 0.93887
66.5 0.938537
66.6 0.935738
66.7 0.934378
66.8 0.937606
66.9 0.938354
67 0.939206
67.1 0.938704
67.2 0.938641
67.3 0.939145
67.4 0.937719
67.5 0.940418
67.6 0.94168
67.7 0.939632
67.8 0.938801
67.9 0.939726
68 0.940365
68.1 0.936454
68.2 0.933705
68.3 0.932589
68.4 0.935052
68.5 0.935994
68.6 0.936667
68.7 0.936743
68.8 0.935328
68.9 0.934789
69 0.936437
69.1 0.939225
69.2 0.937444
69.3 0.936982
69.4 0.937399
69.5 0.939676
69.6 0.93737
69.7 0.939763
69.8 0.942441
69.9 0.941612
70 0.940109
70.1 0.939303
70.2 0.940115
70.3 0.941235
70.4 0.942272
70.5 0.942455
70.6 0.940568
70.7 0.942623
70.8 0.940682
70.9 0.941009
71 0.942831
71.1 0.939882
71.2 0.940327
71.3 0.939336
71.4 0.94039
71.5 0.940746
71.6 0.939972
71.7 0.941132
71.8 0.939376
71.9 0.93943
72 0.938273
72.1 0.937529
72.2 0.937437
72.3 0.936584
72.4 0.936266
72.5 0.934323
72.6 0.932893
72.7 0.933705
72.8 0.934445
72.9 0.934254
73 0.934755
73.1 0.934186
73.2 0.936144
73.3 0.933077
73.4 0.934316
73.5 0.935153
73.6 0.934113
73.7 0.934627
73.8 0.93751
73.9 0.937731
74 0.93643
74.1 0.93677
74.2 0.938728
74.3 0.937287
74.4 0.938247
74.5 0.937893
74.6 0.93855
74.7 0.938456
74.8 0.938718
74.9 0.938803
75 0.938552
75.1 0.937247
75.2 0.938701
75.3 0.937487
75.4 0.935502
75.5 0.936563
75.6 0.93783
75.7 0.936584
75.8 0.937254
75.9 0.936183
76 0.934378
76.1 0.935891
76.2 0.935936
76.3 0.936564
76.4 0.938323
76.5 0.937232
76.6 0.939674
76.7 0.939093
76.8 0.941141
76.9 0.936375
77 0.937884
77.1 0.934686
77.2 0.936688
77.3 0.936694
77.4 0.93803
77.5 0.938651
77.6 0.937389
77.7 0.935529
77.8 0.933002
77.9 0.93356
78 0.935081
78.1 0.932469
78.2 0.934162
78.3 0.936254
78.4 0.936458
78.5 0.93629
78.6 0.938954
78.7 0.93629
78.8 0.935603
78.9 0.936313
79 0.936712
79.1 0.936579
79.2 0.938607
79.3 0.937394
79.4 0.9402
79.5 0.942252
79.6 0.945011
79.7 0.941549
79.8 0.942786
79.9 0.941245
80 0.940052
80.1 0.936969
80.2 0.937155
80.3 0.937049
80.4 0.933602
80.5 0.933326
80.6 0.931226
80.7 0.932481
80.8 0.931996
80.9 0.935607
81 0.936963
81.1 0.936629
81.2 0.93583
81.3 0.936461
81.4 0.937065
81.5 0.937353
81.6 0.937882
81.7 0.935743
81.8 0.935052
81.9 0.93338
82 0.933275
82.1 0.933303
82.2 0.930705
82.3 0.929277
82.4 0.930777
82.5 0.930723
82.6 0.93072
82.7 0.93192
82.8 0.934683
82.9 0.933771
83 0.936477
83.1 0.935966
83.2 0.937646
83.3 0.938992
83.4 0.937741
83.5 0.937911
83.6 0.937229
83.7 0.936622
83.8 0.935864
83.9 0.933462
84 0.933595
84.1 0.936388
84.2 0.93729
84.3 0.935583
84.4 0.936037
84.5 0.933763
84.6 0.933877
84.7 0.934829
84.8 0.930899
84.9 0.933364
85 0.935382
85.1 0.936092
85.2 0.93399
85.3 0.93549
85.4 0.936248
85.5 0.935089
85.6 0.936676
85.7 0.93916
85.8 0.940624
85.9 0.941659
86 0.938118
86.1 0.938417
86.2 0.939771
86.3 0.936046
86.4 0.93528
86.5 0.93743
86.6 0.936435
86.7 0.938664
86.8 0.939625
86.9 0.936895
87 0.935546
87.1 0.933517
87.2 0.933623
87.3 0.934248
87.4 0.93668
87.5 0.94001
87.6 0.938441
87.7 0.938172
87.8 0.937911
87.9 0.935791
88 0.938642
88.1 0.939975
88.2 0.938603
88.3 0.937811
88.4 0.936228
88.5 0.937661
88.6 0.937856
88.7 0.940334
88.8 0.939992
88.9 0.93942
89 0.9361
89.1 0.93684
89.2 0.934613
89.3 0.932509
89.4 0.934011
89.5 0.934988
89.6 0.934636
89.7 0.933478
89.8 0.93514
89.9 0.934084
90 0.93453
90.1 0.936032
90.2 0.938414
90.3 0.937012
90.4 0.937401
90.5 0.934633
90.6 0.938887
90.7 0.940285
90.8 0.94049
90.9 0.938611
91 0.939909
91.1 0.941232
91.2 0.942394
91.3 0.94132
91.4 0.941578
91.5 0.93735
91.6 0.937377
91.7 0.935756
91.8 0.935909
91.9 0.934518
92 0.934711
92.1 0.934795
92.2 0.937979
92.3 0.938097
92.4 0.939148
92.5 0.940847
92.6 0.939788
92.7 0.941238
92.8 0.938913
92.9 0.937705
93 0.938974
93.1 0.936583
93.2 0.934714
93.3 0.93456
93.4 0.936245
93.5 0.936638
93.6 0.936142
93.7 0.934819
93.8 0.933825
93.9 0.931772
94 0.933262
94.1 0.933597
94.2 0.934697
94.3 0.933514
94.4 0.936464
94.5 0.93966
94.6 0.939458
94.7 0.936959
94.8 0.938897
94.9 0.938974
95 0.938256
95.1 0.940033
95.2 0.940061
95.3 0.9385
95.4 0.936909
95.5 0.935655
95.6 0.937332
95.7 0.936493
95.8 0.936834
95.9 0.939574
96 0.943198
96.1 0.942198
96.2 0.939747
96.3 0.940088
96.4 0.939063
96.5 0.941276
96.6 0.940537
96.7 0.938059
96.8 0.940395
96.9 0.938885
97 0.940765
97.1 0.940711
97.2 0.942336
97.3 0.941178
97.4 0.939384
97.5 0.941655
97.6 0.942747
97.7 0.943474
97.8 0.941694
97.9 0.943447
98 0.943622
98.1 0.944055
98.2 0.944379
98.3 0.942279
98.4 0.942576
98.5 0.939305
98.6 0.939247
98.7 0.939418
98.8 0.940099
98.9 0.939576
99 0.939548
99.1 0.939017
99.2 0.939405
99.3 0.943323
99.4 0.943518
99.5 0.939411
99.6 0.938414
99.7 0.937576
99.8 0.934515
99.9 0.933282
100 0.936536
100.1 0.935623
100.2 0.93672
100.3 0.933497
100.4 0.931534
100.5 0.931372
100.6 0.934236
100.7 0.936879
100.8 0.931947
100.9 0.932499
101 0.931409
101.1 0.931904
101.2 0.931291
101.3 0.931169
101.4 0.933769
101.5 0.933383
101.6 0.936547
101.7 0.936818
101.8 0.936254
101.9 0.937777
102 0.93854
102.1 0.940816
102.2 0.94034
102.3 0.934837
102.4 0.933198
102.5 0.937721
102.6 0.937109
102.7 0.934535
102.8 0.933376
102.9 0.935262
103 0.936624
103.1 0.936013
103.2 0.93356
103.3 0.934795
103.4 0.932524
103.5 0.931223
103.6 0.93189
103.7 0.934251
103.8 0.934675
103.9 0.936702
104 0.938767
104.1 0.938112
104.2 0.936169
104.3 0.937527
104.4 0.938854
104.5 0.939053
104.6 0.938367
104.7 0.938786
104.8 0.93691
104.9 0.933903
105 0.93195
105.1 0.932193
105.2 0.933329
105.3 0.932813
105.4 0.93407
105.5 0.931763
105.6 0.932602
105.7 0.93581
105.8 0.937885
105.9 0.938011
106 0.937346
106.1 0.93709
106.2 0.93791
106.3 0.93912
106.4 0.935137
106.5 0.937335
106.6 0.93615
106.7 0.93764
106.8 0.934929
106.9 0.93304
107 0.928686
107.1 0.931124
107.2 0.93323
107.3 0.936149
107.4 0.936145
107.5 0.939399
107.6 0.939692
107.7 0.937539
107.8 0.937248
107.9 0.936456
108 0.938602
108.1 0.939706
108.2 0.938649
108.3 0.935963
108.4 0.934407
108.5 0.934951
108.6 0.937532
108.7 0.935937
108.8 0.937837
108.9 0.938198
109 0.936212
109.1 0.936599
109.2 0.939129
109.3 0.938427
109.4 0.936695
109.5 0.939324
109.6 0.936092
109.7 0.937195
109.8 0.934822
109.9 0.936571
110 0.93992
110.1 0.941347
110.2 0.943209
110.3 0.943854
110.4 0.942089
110.5 0.942929
110.6 0.942683
110.7 0.942746
110.8 0.943164
110.9 0.938791
111 0.937883
111.1 0.937679
111.2 0.933704
111.3 0.936582
111.4 0.937711
111.5 0.942523
111.6 0.943654
111.7 0.942409
111.8 0.938792
111.9 0.936798
112 0.936246
112.1 0.932895
112.2 0.930926
112.3 0.930133
112.4 0.932193
112.5 0.929475
112.6 0.930508
112.7 0.932131
112.8 0.932092
112.9 0.933384
113 0.933219
113.1 0.935413
113.2 0.936871
113.3 0.93737
113.4 0.937644
113.5 0.937137
113.6 0.936027
113.7 0.934478
113.8 0.935016
113.9 0.93436
114 0.935152
114.1 0.935231
114.2 0.937568
114.3 0.9359
114.4 0.934942
114.5 0.934243
114.6 0.935662
114.7 0.935883
114.8 0.937699
114.9 0.934878
115 0.932395
115.1 0.934429
115.2 0.936441
115.3 0.939392
115.4 0.940299
115.5 0.938164
115.6 0.939344
115.7 0.940505
115.8 0.941573
115.9 0.938912
116 0.94086
116.1 0.941386
116.2 0.940413
116.3 0.941291
116.4 0.939514
116.5 0.939398
116.6 0.939905
116.7 0.937542
116.8 0.938604
116.9 0.938231
117 0.936298
117.1 0.934725
117.2 0.937968
117.3 0.933979
117.4 0.932715
117.5 0.93186
117.6 0.930511
117.7 0.92865
117.8 0.930019
117.9 0.935598
118 0.934609
118.1 0.933752
118.2 0.93261
118.3 0.933235
118.4 0.932473
118.5 0.935412
118.6 0.935911
118.7 0.935448
118.8 0.934578
118.9 0.938392
119 0.940261
119.1 0.941614
119.2 0.940929
119.3 0.941716
119.4 0.939773
119.5 0.940546
119.6 0.940728
119.7 0.942584
119.8 0.943137
119.9 0.94123
120 0.940256
120.1 0.938886
120.2 0.940048
120.3 0.940615
120.4 0.942727
120.5 0.939636
120.6 0.940958
120.7 0.941403
120.8 0.941154
120.9 0.940056
121 0.937916
121.1 0.937226
121.2 0.936001
121.3 0.936791
121.4 0.934725
121.5 0.93307
121.6 0.930496
121.7 0.930829
121.8 0.931516
121.9 0.932875
122 0.931777
122.1 0.931394
122.2 0.934112
122.3 0.936125
122.4 0.93513
122.5 0.932003
122.6 0.932602
122.7 0.930892
122.8 0.931426
122.9 0.933446
123 0.934322
123.1 0.933651
123.2 0.933158
123.3 0.930337
123.4 0.933356
123.5 0.933521
123.6 0.932659
123.7 0.934369
123.8 0.936051
123.9 0.936844
124 0.937164
124.1 0.937952
124.2 0.937834
124.3 0.936218
124.4 0.934446
124.5 0.93461
124.6 0.934867
124.7 0.933802
124.8 0.934789
124.9 0.9357
125 0.936268
125.1 0.935817
125.2 0.939078
125.3 0.939909
125.4 0.937558
125.5 0.939126
125.6 0.936883
125.7 0.937433
125.8 0.934937
125.9 0.936562
126 0.935988
126.1 0.936494
126.2 0.936135
126.3 0.934929
126.4 0.933523
126.5 0.934512
126.6 0.934096
126.7 0.93364
126.8 0.933393
126.9 0.936149
127 0.937954
127.1 0.937411
127.2 0.934939
127.3 0.937238
127.4 0.934877
127.5 0.936943
127.6 0.939066
127.7 0.937061
127.8 0.937434
127.9 0.937621
128 0.935489
128.1 0.934248
128.2 0.933136
128.3 0.932443
128.4 0.931525
128.5 0.933397
128.6 0.933808
128.7 0.934094
128.8 0.934799
128.9 0.936113
129 0.936124
129.1 0.934633
129.2 0.936788
129.3 0.936393
129.4 0.938882
129.5 0.936119
129.6 0.938429
129.7 0.938608
129.8 0.937784
129.9 0.93813
130 0.937178
130.1 0.939673
130.2 0.939538
130.3 0.939863
130.4 0.938988
130.5 0.940809
130.6 0.941092
130.7 0.94251
130.8 0.943294
130.9 0.943075
131 0.943329
131.1 0.938421
131.2 0.939758
131.3 0.940994
131.4 0.9386
131.5 0.937738
131.6 0.936662
131.7 0.935768
131.8 0.935937
131.9 0.937424
132 0.938067
132.1 0.940094
132.2 0.94004
132.3 0.937201
132.4 0.937023
132.5 0.933471
132.6 0.934444
132.7 0.934948
132.8 0.936812
132.9 0.937064
133 0.936013
133.1 0.933956
133.2 0.934063
133.3 0.931503
133.4 0.931106
133.5 0.930864
133.6 0.929772
133.7 0.9322
133.8 0.932498
133.9 0.931968
134 0.934111
134.1 0.937124
134.2 0.936743
134.3 0.934162
134.4 0.936761
134.5 0.938141
134.6 0.939226
134.7 0.937492
134.8 0.938957
134.9 0.940024
135 0.941392
135.1 0.941153
135.2 0.941237
135.3 0.941488
135.4 0.941054
135.5 0.939555
135.6 0.938681
135.7 0.940135
135.8 0.937233
135.9 0.939854
136 0.938227
136.1 0.941655
136.2 0.941679
136.3 0.941688
136.4 0.941004
136.5 0.940425
136.6 0.937948
136.7 0.93578
136.8 0.936784
136.9 0.938477
137 0.936088
137.1 0.935176
137.2 0.935673
137.3 0.935471
137.4 0.935339
137.5 0.936701
137.6 0.936048
137.7 0.933415
137.8 0.934579
137.9 0.93587
138 0.93491
138.1 0.937262
138.2 0.938298
138.3 0.934937
138.4 0.932867
138.5 0.934398
138.6 0.933724
138.7 0.933236
138.8 0.934762
138.9 0.934457
139 0.934661
139.1 0.935594
139.2 0.935149
139.3 0.935444
139.4 0.937005
139.5 0.936398
139.6 0.930738
139.7 0.931641
139.8 0.934071
139.9 0.933466
140 0.932243
140.1 0.932179
140.2 0.93131
140.3 0.930304
140.4 0.929572
140.5 0.930501
140.6 0.933371
140.7 0.933615
140.8 0.933611
140.9 0.936507
141 0.934889
141.1 0.932424
141.2 0.932362
141.3 0.936101
141.4 0.937261
141.5 0.937646
141.6 0.939293
141.7 0.941341
141.8 0.941971
141.9 0.94274
142 0.943631
142.1 0.942071
142.2 0.941298
142.3 0.942026
142.4 0.942493
142.5 0.940682
142.6 0.942485
142.7 0.942134
142.8 0.939726
142.9 0.938786
143 0.938389
143.1 0.937708
143.2 0.938102
143.3 0.940875
143.4 0.940325
143.5 0.939892
143.6 0.937529
143.7 0.93636
143.8 0.936389
143.9 0.93652
144 0.936733
144.1 0.937586
144.2 0.935093
144.3 0.937346
144.4 0.937842
144.5 0.937224
144.6 0.936688
144.7 0.934636
144.8 0.935618
144.9 0.936011
145 0.934548
145.1 0.935074
145.2 0.938434
145.3 0.936686
145.4 0.936914
145.5 0.93536
145.6 0.934882
145.7 0.934944
145.8 0.934774
145.9 0.935019
146 0.933552
146.1 0.934379
146.2 0.933458
146.3 0.932392
146.4 0.92985
146.5 0.932412
146.6 0.932059
146.7 0.929461
146.8 0.933475
146.9 0.937762
147 0.93883
147.1 0.94118
147.2 0.939718
147.3 0.940425
147.4 0.938976
147.5 0.93814
147.6 0.941878
147.7 0.942575
147.8 0.942046
147.9 0.940522
148 0.942053
148.1 0.943427
148.2 0.941647
148.3 0.938471
148.4 0.937734
148.5 0.936767
148.6 0.93537
148.7 0.935367
148.8 0.935769
148.9 0.935624
149 0.935439
149.1 0.937107
149.2 0.931795
149.3 0.934093
149.4 0.936288
149.5 0.936355
149.6 0.93551
149.7 0.935594
149.8 0.936403
149.9 0.936451
150 0.937199
150.1 0.938295
150.2 0.936789
150.3 0.937505
150.4 0.936983
150.5 0.935888
150.6 0.936427
150.7 0.938663
150.8 0.939649
150.9 0.941288
151 0.942419
151.1 0.941901
151.2 0.942946
151.3 0.942533
151.4 0.942766
151.5 0.942041
151.6 0.941752
151.7 0.941849
151.8 0.941183
151.9 0.940303
152 0.93893
152.1 0.940259
152.2 0.938665
152.3 0.938026
152.4 0.938153
152.5 0.937921
152.6 0.939489
152.7 0.939854
152.8 0.937566
152.9 0.93788
153 0.939754
153.1 0.939613
153.2 0.939364
153.3 0.937761
153.4 0.936501
153.5 0.934639
153.6 0.935065
153.7 0.933288
153.8 0.935838
153.9 0.933424
154 0.934446
154.1 0.937469
154.2 0.937499
154.3 0.936979
154.4 0.939045
154.5 0.937966
154.6 0.938927
154.7 0.941284
154.8 0.940574
154.9 0.941502
155 0.940751
155.1 0.93945
155.2 0.939932
155.3 0.938282
155.4 0.936485
155.5 0.933266
155.6 0.935438
155.7 0.936531
155.8 0.938542
155.9 0.936404
156 0.937421
156.1 0.938355
156.2 0.937584
156.3 0.935448
156.4 0.935841
156.5 0.933475
156.6 0.933012
156.7 0.933822
156.8 0.936846
156.9 0.932112
157 0.932497
157.1 0.935083
157.2 0.934993
157.3 0.933671
157.4 0.933466
157.5 0.933666
157.6 0.936812
157.7 0.935357
157.8 0.934479
157.9 0.936304
158 0.935773
158.1 0.934083
158.2 0.933714
158.3 0.931473
158.4 0.932453
158.5 0.930823
158.6 0.933544
158.7 0.934117
158.8 0.934805
158.9 0.933681
159 0.93501
159.1 0.93469
159.2 0.93581
159.3 0.937766
159.4 0.939761
159.5 0.941474
159.6 0.936626
159.7 0.937098
159.8 0.937965
159.9 0.935519
160 0.936637
160.1 0.937267
160.2 0.938549
160.3 0.938471
160.4 0.937956
160.5 0.937761
160.6 0.93747
160.7 0.934613
160.8 0.938246
160.9 0.939859
161 0.939051
161.1 0.935152
161.2 0.93689
161.3 0.935352
161.4 0.93626
161.5 0.935511
161.6 0.935941
161.7 0.938582
161.8 0.940507
161.9 0.941945
162 0.940551
162.1 0.941298
162.2 0.939936
162.3 0.939279
162.4 0.941368
162.5 0.935821
162.6 0.938694
162.7 0.937417
162.8 0.936239
162.9 0.936144
163 0.935785
163.1 0.936067
163.2 0.93579
163.3 0.934319
163.4 0.933904
163.5 0.932627
163.6 0.93482
163.7 0.933777
163.8 0.933499
163.9 0.933831
164 0.935239
164.1 0.937012
164.2 0.93611
164.3 0.935013
164.4 0.936207
164.5 0.933456
164.6 0.931664
164.7 0.929024
164.8 0.931474
164.9 0.932298
165 0.931399
165.1 0.935588
165.2 0.933979
165.3 0.934668
165.4 0.93557
165.5 0.93527
165.6 0.934582
165.7 0.935015
165.8 0.934265
165.9 0.932025
166 0.931826
166.1 0.934884
166.2 0.93728
166.3 0.938221
166.4 0.937475
166.5 0.934233
166.6 0.934398
166.7 0.936197
166.8 0.936334
166.9 0.936677
167 0.937022
167.1 0.935247
167.2 0.936189
167.3 0.933738
167.4 0.932128
167.5 0.929982
167.6 0.930484
167.7 0.928684
167.8 0.930493
167.9 0.931344
168 0.932274
168.1 0.932525
168.2 0.932092
168.3 0.934718
168.4 0.934284
168.5 0.934624
168.6 0.933807
168.7 0.934924
168.8 0.933992
168.9 0.935967
169 0.937234
169.1 0.936232
169.2 0.935835
169.3 0.937037
169.4 0.935782
169.5 0.935639
169.6 0.936947
169.7 0.93999
169.8 0.938374
169.9 0.937082
170 0.93536
170.1 0.934221
170.2 0.933874
170.3 0.935138
170.4 0.936221
170.5 0.935399
170.6 0.936204
170.7 0.936105
170.8 0.938165
170.9 0.939128
171 0.940831
171.1 0.940044
171.2 0.939007
171.3 0.939233
171.4 0.938891
171.5 0.939447
171.6 0.941853
171.7 0.941708
171.8 0.940547
171.9 0.940707
172 0.937678
172.1 0.938868
172.2 0.937675
172.3 0.9357
172.4 0.932997
172.5 0.936161
172.6 0.934337
172.7 0.935599
172.8 0.933479
172.9 0.936553
173 0.937091
173.1 0.936754
173.2 0.937797
173.3 0.939107
173.4 0.939541
173.5 0.938057
173.6 0.939192
173.7 0.939746
173.8 0.939052
173.9 0.936531
174 0.929195
174.1 0.930151
174.2 0.932568
174.3 0.933019
174.4 0.936628
174.5 0.936834
174.6 0.936412
174.7 0.939121
174.8 0.938316
174.9 0.937422
175 0.937076
175.1 0.936012
175.2 0.93807
175.3 0.936251
175.4 0.935211
175.5 0.934043
175.6 0.930447
175.7 0.930926
175.8 0.931102
175.9 0.935578
176 0.934818
176.1 0.935389
176.2 0.935211
176.3 0.934604
176.4 0.936608
176.5 0.936804
176.6 0.935956
176.7 0.937276
176.8 0.939415
176.9 0.939546
177 0.939702
177.1 0.940048
177.2 0.940106
177.3 0.94056
177.4 0.942585
177.5 0.940346
177.6 0.938199
177.7 0.936339
177.8 0.934959
177.9 0.933592
178 0.933893
178.1 0.935228
178.2 0.935011
178.3 0.935142
178.4 0.93394
178.5 0.932833
178.6 0.933979
178.7 0.935743
178.8 0.936534
178.9 0.93905
179 0.940353
179.1 0.939643
179.2 0.938913
179.3 0.93835
179.4 0.939177
179.5 0.939277
179.6 0.941065
179.7 0.939943
179.8 0.940132
179.9 0.939214
180 0.938498
180.1 0.939338
180.2 0.93963
180.3 0.940821
180.4 0.943046
180.5 0.943834
180.6 0.94252
180.7 0.942467
180.8 0.942434
180.9 0.941092
181 0.9404
181.1 0.941353
181.2 0.940831
181.3 0.940365
181.4 0.940678
181.5 0.940374
181.6 0.940795
181.7 0.941633
181.8 0.941435
181.9 0.939683
182 0.938966
182.1 0.940187
182.2 0.942245
182.3 0.941827
182.4 0.939356
182.5 0.939314
182.6 0.937255
182.7 0.93586
182.8 0.932657
182.9 0.931541
183 0.933311
183.1 0.931631
183.2 0.9337
183.3 0.933593
183.4 0.932006
183.5 0.934039
183.6 0.935825
183.7 0.939037
183.8 0.940006
183.9 0.938624
184 0.937306
184.1 0.934993
184.2 0.938138
184.3 0.937842
184.4 0.936518
184.5 0.934461
184.6 0.935076
184.7 0.934725
184.8 0.937711
184.9 0.938502
185 0.937791
185.1 0.939684
185.2 0.939226
185.3 0.93803
185.4 0.937067
185.5 0.93668
185.6 0.937668
185.7 0.936257
185.8 0.935856
185.9 0.935837
186 0.934892
186.1 0.936821
186.2 0.937332
186.3 0.933345
186.4 0.933005
186.5 0.931013
186.6 0.933097
186.7 0.935232
186.8 0.933665
186.9 0.934434
187 0.935799
187.1 0.938511
187.2 0.939259
187.3 0.937147
187.4 0.939842
187.5 0.938632
187.6 0.938982
187.7 0.939058
187.8 0.93488
187.9 0.935224
188 0.93499
188.1 0.939622
188.2 0.939619
188.3 0.937447
188.4 0.937585
188.5 0.935246
188.6 0.93351
188.7 0.93505
188.8 0.939171
188.9 0.941044
189 0.939013
189.1 0.939878
189.2 0.938078
189.3 0.936737
189.4 0.935463
189.5 0.936451
189.6 0.938494
189.7 0.937675
189.8 0.937557
189.9 0.936355
190 0.936347
190.1 0.938274
190.2 0.937869
190.3 0.936421
190.4 0.936255
190.5 0.93673
190.6 0.93835
190.7 0.940433
190.8 0.940565
190.9 0.937408
191 0.935698
191.1 0.936058
191.2 0.936019
191.3 0.934677
191.4 0.93664
191.5 0.938542
191.6 0.93819
191.7 0.937385
191.8 0.937933
191.9 0.934833
192 0.936691
192.1 0.934839
192.2 0.934359
192.3 0.937526
192.4 0.936675
192.5 0.937717
192.6 0.938847
192.7 0.935897
192.8 0.937156
192.9 0.938623
193 0.938548
193.1 0.940871
193.2 0.939137
193.3 0.93927
193.4 0.939685
193.5 0.939273
193.6 0.940327
193.7 0.942466
193.8 0.93977
193.9 0.939248
194 0.937765
194.1 0.937272
194.2 0.936227
194.3 0.936914
194.4 0.935535
194.5 0.937026
194.6 0.938745
194.7 0.936626
194.8 0.938224
194.9 0.937917
195 0.939527
195.1 0.936266
195.2 0.9368
195.3 0.940901
195.4 0.942394
195.5 0.942566
195.6 0.94099
195.7 0.939423
195.8 0.941171
195.9 0.940461
196 0.942405
196.1 0.942572
196.2 0.939145
196.3 0.938794
196.4 0.935469
196.5 0.93282
196.6 0.932322
196.7 0.933573
196.8 0.935328
196.9 0.936509
197 0.935732
197.1 0.934321
197.2 0.936857
197.3 0.935697
197.4 0.934653
197.5 0.93637
197.6 0.937793
197.7 0.93931
197.8 0.940381
197.9 0.941245
198 0.942691
198.1 0.93874
198.2 0.938729
198.3 0.937836
198.4 0.939646
198.5 0.939088
198.6 0.939521
198.7 0.939502
198.8 0.938654
198.9 0.938504
199 0.941049
199.1 0.940783
199.2 0.942776
199.3 0.940097
199.4 0.937994
199.5 0.938117
199.6 0.940216
199.7 0.941468
199.8 0.941908
199.9 0.942823
200 0.941334
200.1 0.938453
200.2 0.936569
200.3 0.938705
200.4 0.937369
200.5 0.937398
200.6 0.938042
200.7 0.937605
200.8 0.938986
200.9 0.935807
201 0.937149
201.1 0.937969
201.2 0.93786
201.3 0.938308
201.4 0.937281
201.5 0.934817
201.6 0.934632
201.7 0.938413
201.8 0.938021
201.9 0.935198
202 0.936219
202.1 0.938511
202.2 0.937099
202.3 0.939483
202.4 0.937571
202.5 0.935415
202.6 0.937294
202.7 0.93583
202.8 0.932633
202.9 0.933193
203 0.937609
203.1 0.937581
203.2 0.940307
203.3 0.93938
203.4 0.937276
203.5 0.937878
203.6 0.937373
203.7 0.938131
203.8 0.937071
203.9 0.938261
204 0.937884
204.1 0.938165
204.2 0.939144
204.3 0.937645
204.4 0.939543
204.5 0.940697
204.6 0.940882
204.7 0.93763
204.8 0.939417
204.9 0.940206
205 0.937818
205.1 0.939408
205.2 0.941813
205.3 0.944191
205.4 0.942161
205.5 0.940348
205.6 0.939635
205.7 0.941611
205.8 0.94349
205.9 0.94185
206 0.941823
206.1 0.942147
206.2 0.940705
206.3 0.94014
206.4 0.93984
206.5 0.935475
206.6 0.938142
206.7 0.939507
206.8 0.940692
206.9 0.941559
207 0.937797
207.1 0.93592
207.2 0.938175
207.3 0.936316
207.4 0.937851
207.5 0.93985
207.6 0.939065
207.7 0.937821
207.8 0.937682
207.9 0.939284
208 0.939642
208.1 0.939286
208.2 0.936546
208.3 0.936836
208.4 0.942182
208.5 0.941136
208.6 0.941375
208.7 0.938206
208.8 0.938485
208.9 0.937763
209 0.937748
209.1 0.937355
209.2 0.934819
209.3 0.934993
209.4 0.938002
209.5 0.936232
209.6 0.936733
209.7 0.936883
209.8 0.933804
209.9 0.933381
210 0.935366
210.1 0.936332
210.2 0.936529
210.3 0.936934
210.4 0.937841
210.5 0.938496
210.6 0.937506
210.7 0.935572
210.8 0.934799
210.9 0.933867
211 0.93404
211.1 0.934623
211.2 0.933328
211.3 0.936429
211.4 0.935902
211.5 0.938683
211.6 0.938646
211.7 0.939522
211.8 0.93955
211.9 0.937568
212 0.938102
212.1 0.938578
212.2 0.936184
212.3 0.934669
212.4 0.934716
212.5 0.935668
212.6 0.933167
212.7 0.936686
212.8 0.93724
212.9 0.938368
213 0.937757
213.1 0.936642
213.2 0.937735
213.3 0.935102
213.4 0.932992
213.5 0.931297
213.6 0.928566
213.7 0.931831
213.8 0.933924
213.9 0.936283
214 0.940283
214.1 0.939155
214.2 0.941674
214.3 0.941511
214.4 0.943499
214.5 0.944668
214.6 0.945187
214.7 0.94294
214.8 0.939213
214.9 0.938347
215 0.937498
215.1 0.938647
215.2 0.937402
215.3 0.934651
215.4 0.937964
215.5 0.937015
215.6 0.938503
215.7 0.942108
215.8 0.941753
215.9 0.941036
216 0.942683
216.1 0.942054
216.2 0.942792
216.3 0.94409
216.4 0.942375
216.5 0.942364
216.6 0.944396
216.7 0.943343
216.8 0.941495
216.9 0.942048
217 0.941093
217.1 0.941979
217.2 0.939051
217.3 0.938348
217.4 0.935104
217.5 0.933659
217.6 0.934674
217.7 0.934393
217.8 0.935609
217.9 0.937943
218 0.939405
218.1 0.937675
218.2 0.938915
218.3 0.937264
218.4 0.935376
218.5 0.937263
218.6 0.93595
218.7 0.937946
218.8 0.938773
218.9 0.940176
219 0.939374
219.1 0.936798
219.2 0.936039
219.3 0.939325
219.4 0.94255
219.5 0.941465
219.6 0.944754
219.7 0.944355
219.8 0.944761
219.9 0.943468
220 0.942682
220.1 0.941298
220.2 0.939039
220.3 0.941114
220.4 0.942006
220.5 0.942439
220.6 0.941731
220.7 0.940824
220.8 0.942133
220.9 0.940773
221 0.941363
221.1 0.943182
221.2 0.944209
221.3 0.942561
221.4 0.945148
221.5 0.940435
221.6 0.940104
221.7 0.93927
221.8 0.937835
221.9 0.939815
222 0.939709
222.1 0.939381
222.2 0.935821
222.3 0.936745
222.4 0.937259
222.5 0.936383
222.6 0.938597
222.7 0.940508
222.8 0.940783
222.9 0.94056
223 0.940694
223.1 0.940228
223.2 0.940723
223.3 0.940483
223.4 0.940317
223.5 0.940121
223.6 0.939264
223.7 0.935675
223.8 0.936587
223.9 0.937189
224 0.93334
224.1 0.937952
224.2 0.937838
224.3 0.938458
224.4 0.93779
224.5 0.937043
224.6 0.935251
224.7 0.935143
224.8 0.93374
224.9 0.934377
225 0.932108
225.1 0.933404
225.2 0.934408
225.3 0.933484
225.4 0.93257
225.5 0.931999
225.6 0.935441
225.7 0.93389
225.8 0.933036
225.9 0.932696
226 0.934343
226.1 0.93558
226.2 0.93513
226.3 0.936372
226.4 0.937288
226.5 0.940846
226.6 0.939551
226.7 0.938772
226.8 0.941362
226.9 0.939944
227 0.937224
227.1 0.934604
227.2 0.934066
227.3 0.932467
227.4 0.934008
227.5 0.934078
227.6 0.931424
227.7 0.931938
227.8 0.933776
227.9 0.935827
228 0.936574
228.1 0.938433
228.2 0.940673
228.3 0.941658
228.4 0.94293
228.5 0.943495
228.6 0.942836
228.7 0.943729
228.8 0.941346
228.9 0.939378
229 0.938158
229.1 0.936288
229.2 0.935837
229.3 0.93543
229.4 0.936234
229.5 0.940568
229.6 0.940606
229.7 0.939381
229.8 0.937978
229.9 0.937646
230 0.937588
230.1 0.936871
230.2 0.937872
230.3 0.938604
230.4 0.937351
230.5 0.939218
230.6 0.940366
230.7 0.939293
230.8 0.941204
230.9 0.939291
231 0.938661
231.1 0.938752
231.2 0.938013
231.3 0.934575
231.4 0.934701
231.5 0.931523
231.6 0.932896
231.7 0.932223
231.8 0.933479
231.9 0.936193
232 0.932459
232.1 0.931701
232.2 0.93663
232.3 0.937987
232.4 0.93789
232.5 0.93703
232.6 0.937682
232.7 0.93916
232.8 0.938338
232.9 0.938928
233 0.939153
233.1 0.935891
233.2 0.934395
233.3 0.928812
233.4 0.930721
233.5 0.931969
233.6 0.934292
233.7 0.933784
233.8 0.935319
233.9 0.935477
234 0.934573
234.1 0.936148
234.2 0.93532
234.3 0.934818
234.4 0.93292
234.5 0.935084
234.6 0.935092
234.7 0.936275
234.8 0.93756
234.9 0.936185
235 0.936439
235.1 0.933076
235.2 0.93189
235.3 0.933682
235.4 0.933678
235.5 0.933491
235.6 0.93396
235.7 0.935741
235.8 0.937416
235.9 0.937391
236 0.937511
236.1 0.936181
236.2 0.936518
236.3 0.938247
236.4 0.938526
236.5 0.938424
236.6 0.937051
236.7 0.938718
236.8 0.939944
236.9 0.938303
237 0.939094
237.1 0.938816
237.2 0.941042
237.3 0.940902
237.4 0.941209
237.5 0.940376
237.6 0.941125
237.7 0.940466
237.8 0.93873
237.9 0.93738
238 0.937111
238.1 0.937666
238.2 0.938392
238.3 0.939171
238.4 0.941032
238.5 0.940389
238.6 0.938265
238.7 0.938302
238.8 0.939488
238.9 0.936455
239 0.93833
239.1 0.93557
239.2 0.934906
239.3 0.934754
239.4 0.934649
239.5 0.935401
239.6 0.933667
239.7 0.933576
239.8 0.936963
239.9 0.936412
240 0.937164
240.1 0.940664
240.2 0.940813
240.3 0.940464
240.4 0.938621
240.5 0.939784
240.6 0.93949
240.7 0.936106
240.8 0.938015
240.9 0.940556
241 0.942224
241.1 0.939458
241.2 0.935731
241.3 0.936353
241.4 0.937506
241.5 0.937812
241.6 0.939367
241.7 0.940538
241.8 0.94107
241.9 0.941531
242 0.941019
242.1 0.93927
242.2 0.94015
242.3 0.942011
242.4 0.940349
242.5 0.941975
242.6 0.94255
242.7 0.943505
242.8 0.943287
242.9 0.942645
243 0.941526
243.1 0.939879
243.2 0.93706
243.3 0.935576
243.4 0.937236
243.5 0.939495
243.6 0.937168
243.7 0.937727
243.8 0.937705
243.9 0.938447
244 0.939943
244.1 0.936994
244.2 0.936083
244.3 0.934138
244.4 0.939529
244.5 0.938616
244.6 0.940203
244.7 0.940074
244.8 0.94045
244.9 0.9397
245 0.93654
245.1 0.937975
245.2 0.936996
245.3 0.939168
245.4 0.940542
245.5 0.940165
245.6 0.939708
245.7 0.940176
245.8 0.939969
245.9 0.941815
246 0.940765
246.1 0.940629
246.2 0.940083
246.3 0.939765
246.4 0.93703
246.5 0.938697
246.6 0.938689
246.7 0.93557
246.8 0.93531
246.9 0.934019
247 0.934318
247.1 0.935973
247.2 0.936808
247.3 0.936803
247.4 0.937026
247.5 0.935518
247.6 0.935384
247.7 0.935464
247.8 0.937944
247.9 0.938909
248 0.939502
248.1 0.940475
248.2 0.940879
248.3 0.93951
248.4 0.938728
248.5 0.936848
248.6 0.936049
248.7 0.934157
248.8 0.929224
248.9 0.927347
249 0.930596
249.1 0.93138
249.2 0.93551
249.3 0.936283
249.4 0.937074
249.5 0.934967
249.6 0.933762
249.7 0.932956
249.8 0.932601
249.9 0.933391
250 0.934511
250.1 0.937848
250.2 0.940482
250.3 0.938827
250.4 0.939761
250.5 0.937008
250.6 0.935767
250.7 0.937189
250.8 0.938822
250.9 0.939326
251 0.93685
251.1 0.935913
251.2 0.939645
251.3 0.937592
251.4 0.935874
251.5 0.938512
251.6 0.936926
251.7 0.937878
251.8 0.937128
251.9 0.938136
252 0.936119
252.1 0.93447
252.2 0.934392
252.3 0.934905
252.4 0.935475
252.5 0.933877
252.6 0.93728
252.7 0.939689
252.8 0.939782
252.9 0.939829
253 0.938597
253.1 0.935975
253.2 0.934715
253.3 0.932099
253.4 0.932644
253.5 0.93354
253.6 0.934937
253.7 0.934052
253.8 0.930988
253.9 0.931448
254 0.93204
254.1 0.935391
254.2 0.933966
254.3 0.934324
254.4 0.931518
254.5 0.933055
254.6 0.932654
254.7 0.932329
254.8 0.932091
254.9 0.930725
255 0.932278
255.1 0.932809
255.2 0.934756
255.3 0.935471
255.4 0.936703
255.5 0.936761
255.6 0.931994
255.7 0.931198
255.8 0.931816
255.9 0.934892
256 0.936267
256.1 0.938119
256.2 0.938411
256.3 0.939761
256.4 0.940245
256.5 0.938408
256.6 0.937985
256.7 0.936732
256.8 0.938406
256.9 0.939526
257 0.93849
257.1 0.936605
257.2 0.935815
257.3 0.936337
257.4 0.938531
257.5 0.938723
257.6 0.938088
257.7 0.935724
257.8 0.937049
257.9 0.937625
258 0.938146
258.1 0.941202
258.2 0.93927
258.3 0.93735
258.4 0.937401
258.5 0.939976
258.6 0.94093
258.7 0.94019
258.8 0.940697
258.9 0.941951
259 0.940411
259.1 0.941325
259.2 0.94392
259.3 0.944774
259.4 0.943704
259.5 0.943054
259.6 0.941651
259.7 0.940613
259.8 0.940653
259.9 0.941058
260 0.938145
260.1 0.939305
260.2 0.939312
260.3 0.940429
260.4 0.941618
260.5 0.941012
260.6 0.938367
260.7 0.9389
260.8 0.93791
260.9 0.939277
261 0.938129
261.1 0.93852
261.2 0.940606
261.3 0.942454
261.4 0.942767
261.5 0.941825
261.6 0.940953
261.7 0.941251
261.8 0.941433
261.9 0.9403
262 0.939235
262.1 0.938324
262.2 0.938782
262.3 0.931791
262.4 0.932644
262.5 0.934851
262.6 0.938049
262.7 0.93829
262.8 0.940005
262.9 0.941111
263 0.940241
263.1 0.940117
263.2 0.93964
263.3 0.937223
263.4 0.936385
263.5 0.940033
263.6 0.939709
263.7 0.941984
263.8 0.940392
263.9 0.94057
264 0.939537
264.1 0.940885
264.2 0.940608
264.3 0.937823
264.4 0.939287
264.5 0.938473
264.6 0.937912
264.7 0.939305
264.8 0.940409
264.9 0.941446
265 0.942519
265.1 0.943429
265.2 0.94438
265.3 0.943733
265.4 0.941393
265.5 0.94135
265.6 0.94288
265.7 0.941256
265.8 0.940725
265.9 0.939294
266 0.939637
266.1 0.941092
266.2 0.939118
266.3 0.941222
266.4 0.940199
266.5 0.938409
266.6 0.9365
266.7 0.936339
266.8 0.938853
266.9 0.94205
267 0.939078
267.1 0.941965
267.2 0.939789
267.3 0.93953
267.4 0.941159
267.5 0.940209
267.6 0.938902
267.7 0.936765
267.8 0.939315
267.9 0.939431
268 0.940782
268.1 0.94327
268.2 0.942045
268.3 0.940971
268.4 0.940439
268.5 0.938292
268.6 0.939293
268.7 0.934811
268.8 0.937305
268.9 0.936296
269 0.935708
269.1 0.938197
269.2 0.939692
269.3 0.937425
269.4 0.9366
269.5 0.93746
269.6 0.936754
269.7 0.935483
269.8 0.938287
269.9 0.937931
270 0.938962
270.1 0.938927
270.2 0.939191
270.3 0.939737
270.4 0.935606
270.5 0.937042
270.6 0.936196
270.7 0.935317
270.8 0.936465
270.9 0.938636
271 0.938921
271.1 0.936588
271.2 0.935155
271.3 0.937478
271.4 0.936023
271.5 0.935045
271.6 0.936283
271.7 0.936426
271.8 0.937232
271.9 0.93879
272 0.936874
272.1 0.937814
272.2 0.937117
272.3 0.936132
272.4 0.93627
272.5 0.935559
272.6 0.935504
272.7 0.936113
272.8 0.938157
272.9 0.939009
273 0.9379
273.1 0.937378
273.2 0.933376
273.3 0.934801
273.4 0.937391
273.5 0.938034
273.6 0.939172
273.7 0.937185
273.8 0.937406
273.9 0.938306
274 0.938053
274.1 0.935856
274.2 0.935088
274.3 0.934775
274.4 0.935454
274.5 0.937473
274.6 0.938044
274.7 0.937014
274.8 0.936604
274.9 0.937699
275 0.937565
275.1 0.935164
275.2 0.93817
275.3 0.94038
275.4 0.940036
275.5 0.938737
275.6 0.941749
275.7 0.940024
275.8 0.938442
275.9 0.938366
276 0.937789
276.1 0.93642
276.2 0.937454
276.3 0.938385
276.4 0.940465
276.5 0.94046
276.6 0.939793
276.7 0.938867
276.8 0.934429
276.9 0.933787
277 0.936919
277.1 0.935785
277.2 0.937654
277.3 0.938617
277.4 0.939707
277.5 0.94107
277.6 0.939525
277.7 0.939122
277.8 0.936645
277.9 0.938984
278 0.939882
278.1 0.939118
278.2 0.939126
278.3 0.938846
278.4 0.936915
278.5 0.935886
278.6 0.940839
278.7 0.937913
278.8 0.936046
278.9 0.936297
279 0.934904
279.1 0.936578
279.2 0.935399
279.3 0.932561
279.4 0.93224
279.5 0.934556
279.6 0.932619
279.7 0.928413
279.8 0.928385
279.9 0.930017
280 0.926446
280.1 0.92742
280.2 0.928764
280.3 0.927826
280.4 0.929112
280.5 0.928274
280.6 0.927636
280.7 0.931035
280.8 0.932527
280.9 0.928373
281 0.926959
281.1 0.927733
281.2 0.929434
281.3 0.934383
281.4 0.933952
281.5 0.932324
281.6 0.934162
281.7 0.933145
281.8 0.932932
281.9 0.934036
282 0.931281
282.1 0.929937
282.2 0.93058
282.3 0.933694
282.4 0.935943
282.5 0.938902
282.6 0.937274
282.7 0.942639
282.8 0.942131
282.9 0.941232
283 0.937548
283.1 0.936438
283.2 0.937999
283.3 0.936099
283.4 0.938024
283.5 0.939788
283.6 0.938294
283.7 0.935668
283.8 0.934024
283.9 0.936034
284 0.937392
284.1 0.937694
284.2 0.940878
284.3 0.937672
284.4 0.939462
284.5 0.94016
284.6 0.93877
284.7 0.939383
284.8 0.939901
284.9 0.939153
285 0.939547
285.1 0.940382
285.2 0.936744
285.3 0.935774
285.4 0.937663
285.5 0.939082
285.6 0.938702
285.7 0.940352
285.8 0.939231
285.9 0.937677
286 0.939234
286.1 0.939398
286.2 0.939927
286.3 0.941321
286.4 0.942898
286.5 0.945198
286.6 0.945061
286.7 0.943646
286.8 0.944618
286.9 0.943291
287 0.941825
287.1 0.940624
287.2 0.941514
287.3 0.941457
287.4 0.943456
287.5 0.942198
287.6 0.940717
287.7 0.940717
287.8 0.941525
287.9 0.94093
288 0.939318
288.1 0.939313
288.2 0.941032
288.3 0.940807
288.4 0.938302
288.5 0.938962
288.6 0.93982
288.7 0.938013
288.8 0.937899
288.9 0.937841
289 0.939928
289.1 0.940203
289.2 0.937345
289.3 0.937137
289.4 0.940256
289.5 0.937261
289.6 0.935783
289.7 0.934857
289.8 0.934534
289.9 0.936694
290 0.93476
290.1 0.934317
290.2 0.935141
290.3 0.935799
290.4 0.936861
290.5 0.938781
290.6 0.937562
290.7 0.938358
290.8 0.940745
290.9 0.940016
291 0.940806
291.1 0.940788
291.2 0.939996
291.3 0.936887
291.4 0.936509
291.5 0.936218
291.6 0.938751
291.7 0.939451
291.8 0.9389
291.9 0.938181
292 0.936105
292.1 0.93706
292.2 0.936628
292.3 0.938143
292.4 0.936282
292.5 0.934729
292.6 0.934738
292.7 0.93329
292.8 0.932977
292.9 0.93238
293 0.932489
293.1 0.933284
293.2 0.935028
293.3 0.933384
293.4 0.934958
293.5 0.935353
293.6 0.93614
293.7 0.936674
293.8 0.936589
293.9 0.935452
294 0.934411
294.1 0.936511
294.2 0.935678
294.3 0.935727
294.4 0.936728
294.5 0.937052
294.6 0.939097
294.7 0.942149
294.8 0.941721
294.9 0.940327
295 0.940881
295.1 0.939019
295.2 0.940827
295.3 0.942072
295.4 0.943471
295.5 0.943274
295.6 0.938539
295.7 0.937372
295.8 0.937194
295.9 0.93409
296 0.933409
296.1 0.93398
296.2 0.933801
296.3 0.935016
296.4 0.937123
296.5 0.939139
296.6 0.939961
296.7 0.94039
296.8 0.936495
296.9 0.936541
297 0.939738
297.1 0.938379
297.2 0.938011
297.3 0.939688
297.4 0.936513
297.5 0.936185
297.6 0.935128
297.7 0.933211
297.8 0.936433
297.9 0.935505
298 0.936225
298.1 0.935455
298.2 0.937316
298.3 0.938708
298.4 0.939191
298.5 0.942514
298.6 0.939558
298.7 0.93978
298.8 0.937126
298.9 0.937913
299 0.936806
299.1 0.935972
299.2 0.935383
299.3 0.937637
299.4 0.936508
299.5 0.93687
299.6 0.936828
299.7 0.937032
299.8 0.938027
299.9 0.938984
300 0.935885
300.1 0.936185
300.2 0.936102
300.3 0.933868
300.4 0.935252
300.5 0.938362
300.6 0.937827
300.7 0.936138
300.8 0.936572
300.9 0.937642
301 0.936293
301.1 0.937786
301.2 0.939669
301.3 0.939569
301.4 0.940039
301.5 0.941857
301.6 0.941018
301.7 0.939729
301.8 0.940676
301.9 0.939681
302 0.938256
302.1 0.93818
302.2 0.938442
302.3 0.938889
302.4 0.939265
302.5 0.9386
302.6 0.939509
302.7 0.939169
302.8 0.939002
302.9 0.936789
303 0.937059
303.1 0.939136
303.2 0.939556
303.3 0.939382
303.4 0.937365
303.5 0.937408
303.6 0.938507
303.7 0.939112
303.8 0.937924
303.9 0.938823
304 0.936219
304.1 0.937948
304.2 0.936988
304.3 0.935312
304.4 0.933524
304.5 0.932119
304.6 0.934718
304.7 0.934233
304.8 0.932226
304.9 0.9313
305 0.931934
305.1 0.93388
305.2 0.934149
305.3 0.932438
305.4 0.935599
305.5 0.937243
305.6 0.936489
305.7 0.936781
305.8 0.936882
305.9 0.936814
306 0.937432
306.1 0.938071
306.2 0.938538
306.3 0.93792
306.4 0.937658
306.5 0.938143
306.6 0.938133
306.7 0.937247
306.8 0.935279
306.9 0.938849
307 0.938962
307.1 0.938836
307.2 0.935362
307.3 0.935867
307.4 0.933926
307.5 0.933426
307.6 0.933647
307.7 0.935726
307.8 0.935788
307.9 0.934206
308 0.934139
308.1 0.935408
308.2 0.934011
308.3 0.938149
308.4 0.933243
308.5 0.932827
308.6 0.932894
308.7 0.936206
308.8 0.93894
308.9 0.935381
309 0.93559
309.1 0.937897
309.2 0.937073
309.3 0.936486
309.4 0.934363
309.5 0.934639
309.6 0.936442
309.7 0.938315
309.8 0.939903
309.9 0.939875
310 0.934238
310.1 0.933251
310.2 0.933076
310.3 0.934154
310.4 0.935453
310.5 0.933927
310.6 0.930299
310.7 0.933581
310.8 0.93761
310.9 0.937802
311 0.937257
311.1 0.936556
311.2 0.937262
311.3 0.936401
311.4 0.936403
311.5 0.936067
311.6 0.938183
311.7 0.939999
311.8 0.937763
311.9 0.938047
312 0.938673
312.1 0.939523
312.2 0.941194
312.3 0.939859
312.4 0.936876
312.5 0.939633
312.6 0.939607
312.7 0.938092
312.8 0.938114
312.9 0.936657
313 0.934075
313.1 0.933686
313.2 0.935188
313.3 0.934406
313.4 0.935965
313.5 0.937004
313.6 0.935102
313.7 0.938973
313.8 0.939427
313.9 0.940358
314 0.939658
314.1 0.940499
314.2 0.938624
314.3 0.937117
314.4 0.937408
314.5 0.939335
314.6 0.941353
314.7 0.940792
314.8 0.94076
314.9 0.942165
315 0.940861
315.1 0.942004
315.2 0.943337
315.3 0.940393
315.4 0.941064
315.5 0.938479
315.6 0.939649
315.7 0.938269
315.8 0.940463
315.9 0.938219
316 0.937145
316.1 0.938397
316.2 0.938975
316.3 0.936375
316.4 0.937144
316.5 0.937402
316.6 0.937922
316.7 0.937621
316.8 0.935818
316.9 0.93906
317 0.93619
317.1 0.935646
317.2 0.935088
317.3 0.935446
317.4 0.936115
317.5 0.937565
317.6 0.937079
317.7 0.940004
317.8 0.939233
317.9 0.938728
318 0.937942
318.1 0.93655
318.2 0.933999
318.3 0.93609
318.4 0.937401
318.5 0.936722
318.6 0.93848
318.7 0.935451
318.8 0.937367
318.9 0.939036
319 0.939333
319.1 0.939672
319.2 0.940777
319.3 0.940275
319.4 0.939245
319.5 0.940226
319.6 0.939637
319.7 0.938933
319.8 0.936441
319.9 0.937086
320 0.939754
320.1 0.941436
320.2 0.941073
320.3 0.937698
320.4 0.936396
320.5 0.940027
320.6 0.939138
320.7 0.940686
320.8 0.939507
320.9 0.943423
321 0.942047
321.1 0.942924
321.2 0.939908
321.3 0.94017
321.4 0.940915
321.5 0.942101
321.6 0.940188
321.7 0.939573
321.8 0.93901
321.9 0.937089
322 0.937047
322.1 0.93964
322.2 0.938983
322.3 0.935424
322.4 0.93705
322.5 0.939988
322.6 0.938664
322.7 0.937316
322.8 0.937576
322.9 0.937737
323 0.937692
323.1 0.940772
323.2 0.939207
323.3 0.935593
323.4 0.933759
323.5 0.937402
323.6 0.93604
323.7 0.935207
323.8 0.936271
323.9 0.933901
324 0.93533
324.1 0.93581
324.2 0.935448
324.3 0.934541
324.4 0.934609
324.5 0.936121
324.6 0.935821
324.7 0.938297
324.8 0.937721
324.9 0.938653
325 0.940494
325.1 0.936725
325.2 0.939851
325.3 0.942245
325.4 0.942044
325.5 0.94377
325.6 0.94447
325.7 0.944365
325.8 0.941352
325.9 0.940696
326 0.936669
326.1 0.936331
326.2 0.935311
326.3 0.935071
326.4 0.93614
326.5 0.934063
326.6 0.935831
326.7 0.931503
326.8 0.931063
326.9 0.93407
327 0.935824
327.1 0.938386
327.2 0.940133
327.3 0.940319
327.4 0.939638
327.5 0.940027
327.6 0.940214
327.7 0.942753
327.8 0.942832
327.9 0.941628
328 0.941406
328.1 0.938034
328.2 0.936245
328.3 0.937673
328.4 0.93752
328.5 0.937331
328.6 0.934912
328.7 0.93597
328.8 0.937584
328.9 0.938021
329 0.939141
329.1 0.938689
329.2 0.937706
329.3 0.936078
329.4 0.936294
329.5 0.93339
329.6 0.936211
329.7 0.934221
329.8 0.932093
329.9 0.933891
330 0.932402
330.1 0.930852
330.2 0.933458
330.3 0.933099
330.4 0.934819
330.5 0.93315
330.6 0.933764
330.7 0.932718
330.8 0.93215
330.9 0.931157
331 0.933955
331.1 0.935094
331.2 0.935985
331.3 0.934273
331.4 0.934947
331.5 0.935084
331.6 0.936658
331.7 0.933272
331.8 0.938254
331.9 0.93725
332 0.93613
332.1 0.937235
332.2 0.938486
332.3 0.934805
332.4 0.931106
332.5 0.932664
332.6 0.931939
332.7 0.932667
332.8 0.932848
332.9 0.935242
333 0.932605
333.1 0.933795
333.2 0.93353
333.3 0.933157
333.4 0.936443
333.5 0.936166
333.6 0.936536
333.7 0.934554
333.8 0.93285
333.9 0.935451
334 0.935031
334.1 0.933883
334.2 0.932861
334.3 0.933255
334.4 0.933009
334.5 0.933643
334.6 0.93522
334.7 0.934874
334.8 0.936269
334.9 0.937003
335 0.935285
335.1 0.934558
335.2 0.934988
335.3 0.934377
335.4 0.935001
335.5 0.935345
335.6 0.936109
335.7 0.936945
335.8 0.935587
335.9 0.936752
336 0.936607
336.1 0.937268
336.2 0.938627
336.3 0.93906
336.4 0.937857
336.5 0.934167
336.6 0.936309
336.7 0.937186
336.8 0.937605
336.9 0.938551
337 0.94069
337.1 0.939951
337.2 0.939233
337.3 0.941986
337.4 0.941384
337.5 0.940978
337.6 0.940613
337.7 0.940487
337.8 0.943246
337.9 0.943247
338 0.942198
338.1 0.941678
338.2 0.941983
338.3 0.940461
338.4 0.941761
338.5 0.942198
338.6 0.942219
338.7 0.94119
338.8 0.941404
338.9 0.943085
339 0.94484
339.1 0.943895
339.2 0.943729
339.3 0.945218
339.4 0.946312
339.5 0.943048
339.6 0.940945
339.7 0.940232
339.8 0.938149
339.9 0.936621
340 0.934129
340.1 0.933159
340.2 0.931427
340.3 0.931999
340.4 0.932476
340.5 0.929461
340.6 0.931289
340.7 0.932615
340.8 0.935794
340.9 0.938136
341 0.936815
341.1 0.93697
341.2 0.936772
341.3 0.935448
341.4 0.937518
341.5 0.936758
341.6 0.935961
341.7 0.936358
341.8 0.93636
341.9 0.934829
342 0.935978
342.1 0.935388
342.2 0.935255
342.3 0.936755
342.4 0.933032
342.5 0.930515
342.6 0.933842
342.7 0.93529
342.8 0.935787
342.9 0.936567
343 0.935808
343.1 0.937942
343.2 0.937532
343.3 0.93786
343.4 0.938552
343.5 0.93786
343.6 0.93788
343.7 0.93904
343.8 0.936139
343.9 0.935093
344 0.932182
344.1 0.934132
344.2 0.93574
344.3 0.938059
344.4 0.938173
344.5 0.940798
344.6 0.94114
344.7 0.939398
344.8 0.940425
344.9 0.938892
345 0.936208
345.1 0.937441
345.2 0.940436
345.3 0.941977
345.4 0.945711
345.5 0.944627
345.6 0.941462
345.7 0.942471
345.8 0.941683
345.9 0.943496
346 0.940526
346.1 0.939399
346.2 0.939159
346.3 0.940977
346.4 0.940689
346.5 0.939163
346.6 0.937329
346.7 0.937496
346.8 0.940204
346.9 0.939034
347 0.938568
347.1 0.938938
347.2 0.936498
347.3 0.937872
347.4 0.938083
347.5 0.938878
347.6 0.938381
347.7 0.936382
347.8 0.935461
347.9 0.935154
348 0.935188
348.1 0.939372
348.2 0.941472
348.3 0.942557
348.4 0.938145
348.5 0.938295
348.6 0.939722
348.7 0.941889
348.8 0.941109
348.9 0.942767
349 0.943335
349.1 0.941541
349.2 0.943286
349.3 0.941618
349.4 0.942786
349.5 0.941894
349.6 0.941244
349.7 0.941887
349.8 0.940804
349.9 0.94179
350 0.939008
350.1 0.935574
350.2 0.934632
350.3 0.933677
350.4 0.9341
350.5 0.936569
350.6 0.939359
350.7 0.940544
350.8 0.941911
350.9 0.941986
351 0.93961
351.1 0.938257
351.2 0.940039
351.3 0.942154
351.4 0.940558
351.5 0.937502
351.6 0.937381
351.7 0.933928
351.8 0.934626
351.9 0.936505
352 0.93755
352.1 0.938198
352.2 0.939869
352.3 0.940412
352.4 0.93928
352.5 0.940461
352.6 0.940452
352.7 0.939156
352.8 0.93864
352.9 0.9409
353 0.939642
353.1 0.938073
353.2 0.937866
353.3 0.935229
353.4 0.935943
353.5 0.937934
353.6 0.933681
353.7 0.937648
353.8 0.939429
353.9 0.937553
354 0.938335
354.1 0.938396
354.2 0.939297
354.3 0.941077
354.4 0.940849
354.5 0.940084
354.6 0.941054
354.7 0.940363
354.8 0.94133
354.9 0.9407
355 0.93809
355.1 0.935115
355.2 0.933889
355.3 0.933974
355.4 0.935099
355.5 0.933777
355.6 0.93516
355.7 0.932576
355.8 0.931992
355.9 0.932389
356 0.932062
356.1 0.934037
356.2 0.933694
356.3 0.936141
356.4 0.936948
356.5 0.938102
356.6 0.938786
356.7 0.936018
356.8 0.936679
356.9 0.937908
357 0.938427
357.1 0.936813
357.2 0.935324
357.3 0.934581
357.4 0.936604
357.5 0.936403
357.6 0.937766
357.7 0.937734
357.8 0.937605
357.9 0.93888
358 0.940097
358.1 0.940554
358.2 0.940828
358.3 0.938141
358.4 0.940737
358.5 0.940712
358.6 0.936495
358.7 0.938528
358.8 0.938578
358.9 0.938186
359 0.938499
359.1 0.935825
359.2 0.938029
359.3 0.939769
359.4 0.937722
359.5 0.936824
359.6 0.934512
359.7 0.936122
359.8 0.935617
359.9 0.937084
360 0.939895
360.1 0.941144
360.2 0.939527
360.3 0.939506
360.4 0.942078
360.5 0.940156
360.6 0.939254
360.7 0.937311
360.8 0.936745
360.9 0.935417
361 0.938353
361.1 0.935988
361.2 0.938576
361.3 0.940969
361.4 0.936774
361.5 0.938648
361.6 0.936788
361.7 0.937271
361.8 0.93223
361.9 0.932331
362 0.934761
362.1 0.934995
362.2 0.935624
362.3 0.934524
362.4 0.933235
362.5 0.932547
362.6 0.932126
362.7 0.933259
362.8 0.93408
362.9 0.934557
363 0.937189
363.1 0.938222
363.2 0.937854
363.3 0.937484
363.4 0.937738
363.5 0.939143
363.6 0.936065
363.7 0.937742
363.8 0.940026
363.9 0.939562
364 0.940039
364.1 0.936594
364.2 0.939575
364.3 0.940902
364.4 0.941505
364.5 0.941995
364.6 0.940197
364.7 0.940682
364.8 0.941515
364.9 0.941749
365 0.941813
365.1 0.941422
365.2 0.940095
365.3 0.941125
365.4 0.939906
365.5 0.938014
365.6 0.936945
365.7 0.936882
365.8 0.938696
365.9 0.938587
366 0.936802
366.1 0.93889
366.2 0.939326
366.3 0.941379
366.4 0.937764
366.5 0.940605
366.6 0.939603
366.7 0.939429
366.8 0.939053
366.9 0.937776
367 0.938331
367.1 0.936025
367.2 0.938058
367.3 0.934604
367.4 0.933552
367.5 0.936343
367.6 0.935289
367.7 0.938359
367.8 0.938363
367.9 0.940345
368 0.938266
368.1 0.938023
368.2 0.935461
368.3 0.938284
368.4 0.938881
368.5 0.940409
368.6 0.938968
368.7 0.937753
368.8 0.941034
368.9 0.941744
369 0.938633
369.1 0.938552
369.2 0.940761
369.3 0.938429
369.4 0.939233
369.5 0.941056
369.6 0.938582
369.7 0.939401
369.8 0.938215
369.9 0.936204
370 0.935654
370.1 0.934089
370.2 0.933669
370.3 0.933353
370.4 0.934319
370.5 0.935562
370.6 0.935038
370.7 0.931292
370.8 0.930291
370.9 0.932983
371 0.93431
371.1 0.935389
371.2 0.935603
371.3 0.935555
371.4 0.933954
371.5 0.934465
371.6 0.933555
371.7 0.936283
371.8 0.936352
371.9 0.93614
372 0.936898
372.1 0.934687
372.2 0.933482
372.3 0.935137
372.4 0.933788
372.5 0.934046
372.6 0.934719
372.7 0.937042
372.8 0.938517
372.9 0.940668
373 0.941468
373.1 0.940716
373.2 0.940588
373.3 0.94089
373.4 0.940929
373.5 0.938198
373.6 0.940994
373.7 0.939023
373.8 0.937104
373.9 0.939746
374 0.939241
374.1 0.939965
374.2 0.940396
374.3 0.940147
374.4 0.938744
374.5 0.93898
374.6 0.936889
374.7 0.93766
374.8 0.937081
374.9 0.939233
375 0.939193
375.1 0.94371
375.2 0.941463
375.3 0.942354
375.4 0.938499
375.5 0.937147
375.6 0.936765
375.7 0.936715
375.8 0.933772
375.9 0.932431
376 0.931983
376.1 0.933459
376.2 0.93667
376.3 0.934202
376.4 0.935451
376.5 0.93372
376.6 0.934376
376.7 0.93414
376.8 0.934962
376.9 0.935372
377 0.933853
377.1 0.932956
377.2 0.931394
377.3 0.931964
377.4 0.933777
377.5 0.931918
377.6 0.9335
377.7 0.930803
377.8 0.931589
377.9 0.933599
378 0.931505
378.1 0.933528
378.2 0.935241
378.3 0.936488
378.4 0.93658
378.5 0.936769
378.6 0.935756
378.7 0.936093
378.8 0.938442
378.9 0.938782
379 0.938618
379.1 0.939063
379.2 0.938873
379.3 0.938031
379.4 0.939689
379.5 0.939123
379.6 0.940196
379.7 0.936836
379.8 0.937246
379.9 0.938955
380 0.938692
380.1 0.939976
380.2 0.940358
380.3 0.939761
380.4 0.940527
380.5 0.940554
380.6 0.939975
380.7 0.937008
380.8 0.93729
380.9 0.940225
381 0.940906
381.1 0.941348
381.2 0.944487
381.3 0.943265
381.4 0.941475
381.5 0.941045
381.6 0.941858
381.7 0.942703
381.8 0.940926
381.9 0.942689
382 0.942694
382.1 0.942177
382.2 0.941012
382.3 0.938994
382.4 0.939826
382.5 0.941322
382.6 0.941541
382.7 0.940043
382.8 0.938965
382.9 0.937264
383 0.93627
383.1 0.936876
383.2 0.939267
383.3 0.938048
383.4 0.935921
383.5 0.936885
383.6 0.937234
383.7 0.935715
383.8 0.937981
383.9 0.937556
384 0.936232
384.1 0.93488
384.2 0.933847
384.3 0.935876
384.4 0.934395
384.5 0.935092
384.6 0.936912
384.7 0.936528
384.8 0.937413
384.9 0.937608
385 0.938325
385.1 0.93794
385.2 0.937209
385.3 0.936721
385.4 0.937175
385.5 0.939972
385.6 0.940372
385.7 0.937666
385.8 0.934716
385.9 0.936524
386 0.937153
386.1 0.938897
386.2 0.941257
386.3 0.940107
386.4 0.940812
386.5 0.941859
386.6 0.93979
386.7 0.94083
386.8 0.939885
386.9 0.940563
387 0.940717
387.1 0.941477
387.2 0.938073
387.3 0.938745
387.4 0.939741
387.5 0.940668
387.6 0.939386
387.7 0.939292
387.8 0.939484
387.9 0.940728
388 0.941428
388.1 0.93874
388.2 0.940108
388.3 0.939945
388.4 0.940203
388.5 0.937346
388.6 0.937244
388.7 0.936466
388.8 0.937697
388.9 0.938195
389 0.938883
389.1 0.940754
389.2 0.939736
389.3 0.942554
389.4 0.940257
389.5 0.941702
389.6 0.939316
389.7 0.93986
389.8 0.938402
389.9 0.939029
390 0.939047
390.1 0.939889
390.2 0.93856
390.3 0.939205
390.4 0.940129
390.5 0.940338
390.6 0.939595
390.7 0.938961
390.8 0.940895
390.9 0.940075
391 0.937248
391.1 0.93776
391.2 0.938573
391.3 0.938228
391.4 0.936861
391.5 0.936636
391.6 0.935816
391.7 0.935481
391.8 0.936853
391.9 0.936307
392 0.937019
392.1 0.936303
392.2 0.936545
392.3 0.935116
392.4 0.933147
392.5 0.934242
392.6 0.934787
392.7 0.934725
392.8 0.934305
392.9 0.935079
393 0.937897
393.1 0.938836
393.2 0.938564
393.3 0.939994
393.4 0.937695
393.5 0.93896
393.6 0.93773
393.7 0.935574
393.8 0.936816
393.9 0.937611
394 0.939475
394.1 0.938929
394.2 0.938976
394.3 0.937308
394.4 0.937534
394.5 0.936302
394.6 0.935552
394.7 0.934966
394.8 0.937493
394.9 0.938369
395 0.936746
395.1 0.938964
395.2 0.935814
395.3 0.9317
395.4 0.934388
395.5 0.936737
395.6 0.933696
395.7 0.934911
395.8 0.93587
395.9 0.936029
396 0.933836
396.1 0.934966
396.2 0.933511
396.3 0.934718
396.4 0.937855
396.5 0.937987
396.6 0.940859
396.7 0.940639
396.8 0.941432
396.9 0.939218
397 0.939365
397.1 0.937655
397.2 0.937309
397.3 0.938574
397.4 0.936368
397.5 0.936882
397.6 0.936065
397.7 0.937665
397.8 0.936931
397.9 0.933707
398 0.933876
398.1 0.933221
398.2 0.932504
398.3 0.934728
398.4 0.935847
398.5 0.935968
398.6 0.93626
398.7 0.939455
398.8 0.941162
398.9 0.943135
399 0.939814
399.1 0.936846
399.2 0.937967
399.3 0.938416
399.4 0.935947
399.5 0.932959
399.6 0.934311
399.7 0.935293
399.8 0.935006
399.9 0.932683
400 0.932768
400.1 0.932929
400.2 0.932801
400.3 0.935701
400.4 0.93629
400.5 0.935306
400.6 0.93646
400.7 0.935986
400.8 0.937629
400.9 0.939466
401 0.939699
401.1 0.943232
401.2 0.947574
401.3 0.943497
401.4 0.941348
401.5 0.941109
401.6 0.941933
401.7 0.940138
401.8 0.938108
401.9 0.939299
402 0.939097
402.1 0.937782
402.2 0.936891
402.3 0.936341
402.4 0.936075
402.5 0.934385
402.6 0.933318
402.7 0.935542
402.8 0.933242
402.9 0.935699
403 0.935011
403.1 0.936099
403.2 0.935367
403.3 0.934914
403.4 0.933973
403.5 0.934635
403.6 0.935103
403.7 0.933812
403.8 0.933536
403.9 0.935952
404 0.939119
404.1 0.939952
404.2 0.940553
404.3 0.937828
404.4 0.936527
404.5 0.939077
404.6 0.939325
404.7 0.93914
404.8 0.938156
404.9 0.938866
405 0.938726
405.1 0.938198
405.2 0.94335
405.3 0.943205
405.4 0.939442
405.5 0.938016
405.6 0.937671
405.7 0.936456
405.8 0.938621
405.9 0.935734
406 0.934924
406.1 0.933054
406.2 0.933398
406.3 0.935467
406.4 0.936072
406.5 0.934198
406.6 0.936089
406.7 0.935457
406.8 0.937165
406.9 0.935232
407 0.935968
407.1 0.933627
407.2 0.938024
407.3 0.93516
407.4 0.93555
407.5 0.93681
407.6 0.935327
407.7 0.937149
407.8 0.938729
407.9 0.938125
408 0.939311
408.1 0.938302
408.2 0.936592
408.3 0.937036
408.4 0.9365
408.5 0.937883
408.6 0.940138
408.7 0.942156
408.8 0.940978
408.9 0.939311
409 0.940822
409.1 0.941586
409.2 0.938289
409.3 0.936986
409.4 0.938603
409.5 0.939848
409.6 0.940914
409.7 0.939683
409.8 0.937578
409.9 0.938071
410 0.936917
410.1 0.93613
410.2 0.937199
410.3 0.938765
410.4 0.938933
410.5 0.93851
410.6 0.935218
410.7 0.936546
410.8 0.936407
410.9 0.932968
411 0.933569
411.1 0.933428
411.2 0.934996
411.3 0.935084
411.4 0.933763
411.5 0.932399
411.6 0.931071
411.7 0.933704
411.8 0.934215
411.9 0.935645
412 0.938262
412.1 0.93825
412.2 0.93918
412.3 0.941547
412.4 0.94199
412.5 0.941828
412.6 0.937925
412.7 0.938931
412.8 0.937508
412.9 0.937374
413 0.932086
413.1 0.932929
413.2 0.931914
413.3 0.931265
413.4 0.932134
413.5 0.930693
413.6 0.928641
413.7 0.931163
413.8 0.932314
413.9 0.934759
414 0.935995
414.1 0.937176
414.2 0.935487
414.3 0.934763
414.4 0.936772
414.5 0.937469
414.6 0.934705
414.7 0.935573
414.8 0.934666
414.9 0.934085
415 0.933388
415.1 0.930262
415.2 0.931916
415.3 0.928324
415.4 0.928068
415.5 0.929643
415.6 0.933208
415.7 0.93271
415.8 0.934185
415.9 0.936742
416 0.937796
416.1 0.939842
416.2 0.938297
416.3 0.941243
416.4 0.941561
416.5 0.940994
416.6 0.939573
416.7 0.938509
416.8 0.937409
416.9 0.938575
417 0.937591
417.1 0.938656
417.2 0.938741
417.3 0.937926
417.4 0.936299
417.5 0.935431
417.6 0.934827
417.7 0.936385
417.8 0.935932
417.9 0.935781
418 0.938401
418.1 0.937339
418.2 0.940729
418.3 0.940396
418.4 0.940545
418.5 0.939841
418.6 0.942346
418.7 0.938472
418.8 0.937192
418.9 0.938844
419 0.936436
419.1 0.937849
419.2 0.936565
419.3 0.93704
419.4 0.936556
419.5 0.935914
419.6 0.935405
419.7 0.936306
419.8 0.934346
419.9 0.934478
420 0.934556
420.1 0.935318
420.2 0.936198
420.3 0.939293
420.4 0.942029
420.5 0.941714
420.6 0.941996
420.7 0.941931
420.8 0.942214
420.9 0.940947
421 0.941381
421.1 0.940224
421.2 0.938909
421.3 0.937027
421.4 0.941166
421.5 0.94245
421.6 0.941064
421.7 0.94221
421.8 0.943972
421.9 0.942458
422 0.941576
422.1 0.938174
422.2 0.939681
422.3 0.938095
422.4 0.936058
422.5 0.938886
422.6 0.937514
422.7 0.937491
422.8 0.936938
422.9 0.938488
423 0.939254
423.1 0.936148
423.2 0.936714
423.3 0.936819
423.4 0.934125
423.5 0.937442
423.6 0.940041
423.7 0.941391
423.8 0.938799
423.9 0.938387
424 0.938622
424.1 0.93805
424.2 0.938908
424.3 0.936421
424.4 0.933842
424.5 0.932359
424.6 0.933369
424.7 0.935476
424.8 0.93658
424.9 0.937663
425 0.938044
425.1 0.937859
425.2 0.937812
425.3 0.938261
425.4 0.93975
425.5 0.937901
425.6 0.934129
425.7 0.936862
425.8 0.938411
425.9 0.938008
426 0.937626
426.1 0.935547
426.2 0.934219
426.3 0.935847
426.4 0.934828
426.5 0.936357
426.6 0.939294
426.7 0.942536
426.8 0.942578
426.9 0.939845
427 0.937848
427.1 0.937155
427.2 0.936676
427.3 0.936477
427.4 0.936103
427.5 0.936342
427.6 0.936868
427.7 0.939384
427.8 0.939725
427.9 0.939787
428 0.942393
428.1 0.942886
428.2 0.945641
428.3 0.94398
428.4 0.943387
428.5 0.943634
428.6 0.940724
428.7 0.93766
428.8 0.936027
428.9 0.932777
429 0.93049
429.1 0.93266
429.2 0.933894
429.3 0.933495
429.4 0.933298
429.5 0.933006
429.6 0.937455
429.7 0.938178
429.8 0.938464
429.9 0.940594
430 0.939777
430.1 0.938957
430.2 0.939035
430.3 0.938132
430.4 0.941089
430.5 0.941243
430.6 0.939833
430.7 0.938911
430.8 0.940112
430.9 0.939285
431 0.938469
431.1 0.939893
431.2 0.938661
431.3 0.940933
431.4 0.939927
431.5 0.940997
431.6 0.943898
431.7 0.945404
431.8 0.944041
431.9 0.941723
432 0.938967
432.1 0.938712
432.2 0.938473
432.3 0.938354
432.4 0.9388
432.5 0.937261
432.6 0.937401
432.7 0.938137
432.8 0.940163
432.9 0.942159
433 0.942524
433.1 0.941311
433.2 0.939795
433.3 0.936675
433.4 0.935975
433.5 0.939212
433.6 0.93928
433.7 0.937481
433.8 0.934714
433.9 0.934937
434 0.930687
434.1 0.933229
434.2 0.930309
434.3 0.931233
434.4 0.932643
434.5 0.936106
434.6 0.936278
434.7 0.931544
434.8 0.929328
434.9 0.93561
435 0.937469
435.1 0.936175
435.2 0.938518
435.3 0.937042
435.4 0.937285
435.5 0.937901
435.6 0.937019
435.7 0.935479
435.8 0.936957
435.9 0.937438
436 0.938604
436.1 0.938317
436.2 0.936295
436.3 0.938501
436.4 0.940112
436.5 0.940004
436.6 0.940807
436.7 0.942224
436.8 0.944107
436.9 0.941519
437 0.94173
437.1 0.942807
437.2 0.94116
437.3 0.942561
437.4 0.941643
437.5 0.942612
437.6 0.942117
437.7 0.941882
437.8 0.941369
437.9 0.940662
438 0.941053
438.1 0.939569
438.2 0.939849
438.3 0.941518
438.4 0.941719
438.5 0.940562
438.6 0.94127
438.7 0.94182
438.8 0.93977
438.9 0.940271
439 0.944585
439.1 0.944244
439.2 0.938291
439.3 0.938105
439.4 0.936305
439.5 0.936194
439.6 0.935895
439.7 0.9365
439.8 0.937903
439.9 0.93694
440 0.93766
440.1 0.937845
440.2 0.936386
440.3 0.939678
440.4 0.938119
440.5 0.937717
440.6 0.936942
440.7 0.938238
440.8 0.936902
440.9 0.935419
441 0.931701
441.1 0.93094
441.2 0.932878
441.3 0.932765
441.4 0.934693
441.5 0.932799
441.6 0.934688
441.7 0.93414
441.8 0.9351
441.9 0.934621
442 0.9366
442.1 0.938699
442.2 0.941319
442.3 0.939104
442.4 0.935674
442.5 0.937464
442.6 0.938575
442.7 0.937853
442.8 0.937634
442.9 0.939113
443 0.939084
443.1 0.938548
443.2 0.940988
443.3 0.939756
443.4 0.939948
443.5 0.939682
443.6 0.937268
443.7 0.938708
443.8 0.936956
443.9 0.938251
444 0.938025
444.1 0.937118
444.2 0.939595
444.3 0.938016
444.4 0.935717
444.5 0.935948
444.6 0.93707
444.7 0.939679
444.8 0.941161
444.9 0.940634
445 0.938731
445.1 0.938304
445.2 0.935978
445.3 0.937794
445.4 0.939002
445.5 0.93915
445.6 0.937584
445.7 0.938333
445.8 0.937404
445.9 0.940097
446 0.940709
446.1 0.939994
446.2 0.939305
446.3 0.937805
446.4 0.936408
446.5 0.936735
446.6 0.936854
446.7 0.938962
446.8 0.93832
446.9 0.937879
447 0.937194
447.1 0.935288
447.2 0.935858
447.3 0.938901
447.4 0.938423
447.5 0.934302
447.6 0.935503
447.7 0.932645
447.8 0.93353
447.9 0.934846
448 0.936004
448.1 0.934949
448.2 0.93512
448.3 0.935827
448.4 0.937322
448.5 0.933733
448.6 0.937574
448.7 0.937945
448.8 0.937162
448.9 0.94038
449 0.940093
449.1 0.939561
449.2 0.937676
449.3 0.934442
449.4 0.936513
449.5 0.936542
449.6 0.936958
449.7 0.935744
449.8 0.935883
449.9 0.938179
450 0.937759
450.1 0.937207
450.2 0.936445
450.3 0.939054
450.4 0.940552
450.5 0.938636
450.6 0.937858
450.7 0.938004
450.8 0.937865
450.9 0.936582
451 0.934537
451.1 0.934839
451.2 0.936188
451.3 0.936637
451.4 0.938869
451.5 0.94001
451.6 0.940747
451.7 0.941147
451.8 0.939136
451.9 0.934612
452 0.935266
452.1 0.936081
452.2 0.934758
452.3 0.933662
452.4 0.933661
452.5 0.934546
452.6 0.931603
452.7 0.931978
452.8 0.930661
452.9 0.930849
453 0.932773
453.1 0.93726
453.2 0.936399
453.3 0.93422
453.4 0.934017
453.5 0.936413
453.6 0.939471
453.7 0.940995
453.8 0.938678
453.9 0.938287
454 0.939746
454.1 0.938759
454.2 0.939804
454.3 0.939409
454.4 0.939729
454.5 0.938359
454.6 0.93717
454.7 0.936295
454.8 0.938006
454.9 0.939312
455 0.939683
455.1 0.939148
455.2 0.939143
455.3 0.934774
455.4 0.935678
455.5 0.933516
455.6 0.936363
455.7 0.936094
455.8 0.935938
455.9 0.93608
456 0.934578
456.1 0.935505
456.2 0.936748
456.3 0.935418
456.4 0.938083
456.5 0.939041
456.6 0.940248
456.7 0.939869
456.8 0.935217
456.9 0.936143
457 0.939474
457.1 0.937577
457.2 0.937617
457.3 0.936149
457.4 0.93376
457.5 0.932725
457.6 0.935458
457.7 0.934473
457.8 0.932541
457.9 0.934967
458 0.935276
458.1 0.938892
458.2 0.93925
458.3 0.935562
458.4 0.934298
458.5 0.934049
458.6 0.933941
458.7 0.934666
458.8 0.936957
458.9 0.938453
459 0.940435
459.1 0.94094
459.2 0.940001
459.3 0.939796
459.4 0.937839
459.5 0.938515
459.6 0.938243
459.7 0.935115
459.8 0.932911
459.9 0.934094
460 0.933913
460.1 0.933745
460.2 0.937557
460.3 0.936353
460.4 0.935848
460.5 0.934796
460.6 0.935832
460.7 0.93379
460.8 0.935352
460.9 0.935813
461 0.935996
461.1 0.937932
461.2 0.938833
461.3 0.937829
461.4 0.93823
461.5 0.935397
461.6 0.936065
461.7 0.936302
461.8 0.93588
461.9 0.9356
462 0.936448
462.1 0.935081
462.2 0.937419
462.3 0.942321
462.4 0.943627
462.5 0.942126
462.6 0.942044
462.7 0.943988
462.8 0.943341
462.9 0.942764
463 0.941845
463.1 0.941579
463.2 0.940624
463.3 0.94133
463.4 0.942683
463.5 0.94129
463.6 0.942058
463.7 0.93959
463.8 0.940153
463.9 0.939972
464 0.940109
464.1 0.940343
464.2 0.938529
464.3 0.938744
464.4 0.937519
464.5 0.936704
464.6 0.933703
464.7 0.936348
464.8 0.937812
464.9 0.937723
465 0.936121
465.1 0.928783
465.2 0.930599
465.3 0.92983
465.4 0.930499
465.5 0.926929
465.6 0.930464
465.7 0.931097
465.8 0.931866
465.9 0.934328
466 0.935813
466.1 0.936062
466.2 0.934958
466.3 0.934851
466.4 0.93668
466.5 0.937633
466.6 0.935143
466.7 0.937279
466.8 0.940882
466.9 0.942431
467 0.943498
467.1 0.940779
467.2 0.940213
467.3 0.940863
467.4 0.944093
467.5 0.941849
467.6 0.940882
467.7 0.941867
467.8 0.944133
467.9 0.941104
468 0.939428
468.1 0.937803
468.2 0.93751
468.3 0.936942
468.4 0.937991
468.5 0.939647
468.6 0.940804
468.7 0.939762
468.8 0.939954
468.9 0.940534
469 0.939944
469.1 0.938592
469.2 0.939834
469.3 0.937489
469.4 0.936038
469.5 0.936286
469.6 0.937843
469.7 0.941511
469.8 0.940482
469.9 0.937304
470 0.936948
470.1 0.937182
470.2 0.939388
470.3 0.939818
470.4 0.940183
470.5 0.938952
470.6 0.937217
470.7 0.936363
470.8 0.934122
470.9 0.935977
471 0.934643
471.1 0.93703
471.2 0.936036
471.3 0.936991
471.4 0.93807
471.5 0.935961
471.6 0.935653
471.7 0.936934
471.8 0.938228
471.9 0.936918
472 0.935821
472.1 0.933439
472.2 0.934608
472.3 0.937246
472.4 0.936942
472.5 0.938091
472.6 0.937736
472.7 0.938389
472.8 0.939632
472.9 0.941508
473 0.940766
473.1 0.940555
473.2 0.941309
473.3 0.941157
473.4 0.942592
473.5 0.942749
473.6 0.939068
473.7 0.939854
473.8 0.936881
473.9 0.938346
474 0.938333
474.1 0.939088
474.2 0.939812
474.3 0.938799
474.4 0.937472
474.5 0.936948
474.6 0.937896
474.7 0.938381
474.8 0.938324
474.9 0.939373
475 0.938745
475.1 0.93614
475.2 0.936305
475.3 0.935962
475.4 0.936967
475.5 0.936191
475.6 0.934164
475.7 0.937
475.8 0.937966
475.9 0.938519
476 0.938194
476.1 0.93881
476.2 0.938438
476.3 0.938447
476.4 0.937443
476.5 0.938361
476.6 0.939941
476.7 0.939016
476.8 0.93998
476.9 0.939614
477 0.939897
477.1 0.94096
477.2 0.941862
477.3 0.944462
477.4 0.94153
477.5 0.942481
477.6 0.942903
477.7 0.943675
477.8 0.942321
477.9 0.943146
478 0.944753
478.1 0.944881
478.2 0.943397
478.3 0.943897
478.4 0.943266
478.5 0.942842
478.6 0.943381
478.7 0.941964
478.8 0.938194
478.9 0.941032
479 0.938706
479.1 0.939262
479.2 0.940496
479.3 0.939895
479.4 0.936755
479.5 0.939319
479.6 0.936286
479.7 0.93693
479.8 0.940461
479.9 0.939761
480 0.938393
480.1 0.938765
480.2 0.935494
480.3 0.935326
480.4 0.933973
480.5 0.936955
480.6 0.93883
480.7 0.940792
480.8 0.939532
480.9 0.940134
481 0.941279
481.1 0.941812
481.2 0.943262
481.3 0.942905
481.4 0.940934
481.5 0.940647
481.6 0.940241
481.7 0.939338
481.8 0.939129
481.9 0.937728
482 0.938844
482.1 0.938598
482.2 0.935687
482.3 0.936702
482.4 0.937
482.5 0.938784
482.6 0.937191
482.7 0.937904
482.8 0.937662
482.9 0.937841
483 0.93668
483.1 0.938564
483.2 0.939081
483.3 0.936017
483.4 0.936816
483.5 0.938008
483.6 0.940482
483.7 0.937848
483.8 0.937132
483.9 0.939661
484 0.937753
484.1 0.93627
484.2 0.937114
484.3 0.939044
484.4 0.938194
484.5 0.939214
484.6 0.939237
484.7 0.938572
484.8 0.937036
484.9 0.936511
485 0.939112
485.1 0.936568
485.2 0.937364
485.3 0.938208
485.4 0.937198
485.5 0.93501
485.6 0.934309
485.7 0.9355
485.8 0.937259
485.9 0.935945
486 0.935398
486.1 0.938218
486.2 0.937977
486.3 0.939509
486.4 0.938117
486.5 0.940825
486.6 0.937828
486.7 0.936349
486.8 0.935189
486.9 0.935324
487 0.937876
487.1 0.937542
487.2 0.935506
487.3 0.93476
487.4 0.934474
487.5 0.936389
487.6 0.938013
487.7 0.936483
487.8 0.937428
487.9 0.936564
488 0.937914
488.1 0.937447
488.2 0.934247
488.3 0.933886
488.4 0.935834
488.5 0.933436
488.6 0.934665
488.7 0.937068
488.8 0.937874
488.9 0.940086
489 0.937584
489.1 0.935174
489.2 0.938418
489.3 0.935162
489.4 0.932931
489.5 0.931226
489.6 0.929968
489.7 0.93067
489.8 0.934854
489.9 0.935413
490 0.933082
490.1 0.935076
490.2 0.935306
490.3 0.935218
490.4 0.936506
490.5 0.934968
490.6 0.936009
490.7 0.937796
490.8 0.937656
490.9 0.934061
491 0.935133
491.1 0.933464
491.2 0.934169
491.3 0.932914
491.4 0.929818
491.5 0.930819
491.6 0.930911
491.7 0.934161
491.8 0.93591
491.9 0.936811
492 0.937237
492.1 0.938409
492.2 0.939167
492.3 0.93818
492.4 0.937194
492.5 0.938709
492.6 0.941511
492.7 0.942237
492.8 0.943771
492.9 0.940036
493 0.940305
493.1 0.943219
493.2 0.941343
493.3 0.941606
493.4 0.941053
493.5 0.942564
493.6 0.939124
493.7 0.940577
493.8 0.941448
493.9 0.939866
494 0.939171
494.1 0.939991
494.2 0.94245
494.3 0.942956
494.4 0.940088
494.5 0.93917
494.6 0.940791
494.7 0.93846
494.8 0.938929
494.9 0.939253
495 0.93773
495.1 0.937651
495.2 0.936356
495.3 0.936849
495.4 0.934779
495.5 0.936818
495.6 0.940961
495.7 0.942523
495.8 0.942672
495.9 0.941592
496 0.942254
496.1 0.943494
496.2 0.942793
496.3 0.940163
496.4 0.940693
496.5 0.94075
496.6 0.941369
496.7 0.942632
496.8 0.943192
496.9 0.937332
497 0.939592
497.1 0.941473
497.2 0.938627
497.3 0.937433
497.4 0.938945
497.5 0.937132
497.6 0.936682
497.7 0.937438
497.8 0.936862
497.9 0.937507
498 0.937557
498.1 0.938345
498.2 0.939603
498.3 0.938686
498.4 0.941326
498.5 0.943072
498.6 0.943757
498.7 0.944674
498.8 0.944261
498.9 0.945303
499 0.944288
499.1 0.944534
499.2 0.944515
499.3 0.943277
499.4 0.943457
499.5 0.943665
499.6 0.944133
499.7 0.941865
499.8 0.941427
499.9 0.939811
