0 0.0758152
0.1 0.071335
0.2 0.0682319
0.3 0.0666764
0.4 0.0799181
0.5 0.0875581
0.6 0.105742
0.7 0.102028
0.8 0.0891179
0.9 0.0948509
1 0.0916925
1.1 0.101455
1.2 0.109924
1.3 0.103468
1.4 0.102465
1.5 0.0993831
1.6 0.101088
1.7 0.101382
1.8 0.104274
1.9 0.101153
2 0.0893149
2.1 0.0817297
2.2 0.0850605
2.3 0.0892724
2.4 0.0953317
2.5 0.1005
2.6 0.10089
2.7 0.102211
2.8 0.103807
2.9 0.111789
3 0.107008
3.1 0.104012
3.2 0.112579
3.3 0.109096
3.4 0.107497
3.5 0.11025
3.6 0.113915
3.7 0.123067
3.8 0.124073
3.9 0.117544
4 0.114818
4.1 0.116949
4.2 0.116663
4.3 0.114593
4.4 0.117817
4.5 0.128714
4.6 0.133599
4.7 0.127643
4.8 0.135346
4.9 0.141322
5 0.142991
5.1 0.139912
5.2 0.145878
5.3 0.144189
5.4 0.144648
5.5 0.150624
5.6 0.144499
5.7 0.137117
5.8 0.135273
5.9 0.137416
6 0.136169
6.1 0.135868
6.2 0.130665
6.3 0.119927
6.4 0.124619
6.5 0.118516
6.6 0.116775
6.7 0.122005
6.8 0.124879
6.9 0.122822
7 0.123016
7.1 0.116862
7.2 0.124862
7.3 0.130515
7.4 0.133431
7.5 0.140066
7.6 0.140888
7.7 0.136753
7.8 0.124233
7.9 0.11822
8 0.118161
8.1 0.114405
8.2 0.104638
8.3 0.101442
8.4 0.102724
8.5 0.100309
8.6 0.0984308
8.7 0.094613
8.8 0.0962759
8.9 0.0906602
9 0.0874357
9.1 0.0805784
9.2 0.0762046
9.3 0.0759343
9.4 0.072961
9.5 0.0677426
9.6 0.0639304
9.7 0.0698734
9.8 0.0661382
9.9 0.0544632
10 0.0528914
10.1 0.0544726
10.2 0.0599642
10.3 0.05449
10.4 0.0449696
10.5 0.042097
10.6 0.0341001
10.7 0.0382176
10.8 0.0327899
10.9 0.0391155
11 0.0432169
11.1 0.036549
11.2 0.0327126
11.3 0.0378717
11.4 0.0360817
11.5 0.0353334
11.6 0.0347549
11.7 0.0329629
11.8 0.0343715
11.9 0.0351079
12 0.0329178
12.1 0.0300775
12.2 0.0371881
12.3 0.034478
12.4 0.0260668
12.5 0.0278862
12.6 0.0281011
12.7 0.0245502
12.8 0.0295526
12.9 0.0379382
13 0.0492989
13.1 0.0560452
13.2 0.0460516
13.3 0.0453015
13.4 0.0410626
13.5 0.0482527
13.6 0.0502506
13.7 0.0470816
13.8 0.0478479
13.9 0.0473151
14 0.0502444
14.1 0.0530743
14.2 0.0617943
14.3 0.0635945
14.4 0.0675431
14.5 0.0769157
14.6 0.0698237
14.7 0.0685705
14.8 0.05758
14.9 0.0579916
15 0.0605345
15.1 0.0603123
15.2 0.0488999
15.3 0.05685
15.4 0.061685
15.5 0.0523011
15.6 0.0592763
15.7 0.062036
15.8 0.0593966
15.9 0.0534259
16 0.0611208
16.1 0.0533663
16.2 0.0491536
16.3 0.0492218
16.4 0.0456897
16.5 0.0430729
16.6 0.0375353
16.7 0.0365423
16.8 0.0394476
16.9 0.0458556
17 0.0392602
17.1 0.0299773
17.2 0.0363518
17.3 0.0393601
17.4 0.0374121
17.5 0.0526666
17.6 0.0531801
17.7 0.0555677
17.8 0.0586108
17.9 0.0606435
18 0.0615593
18.1 0.0667877
18.2 0.07364
18.3 0.0701838
18.4 0.0811635
18.5 0.0779555
18.6 0.0784284
18.7 0.0725317
18.8 0.0752198
18.9 0.0690496
19 0.0672351
19.1 0.0696572
19.2 0.0735868
19.3 0.0703005
19.4 0.0771789
19.5 0.0714491
19.6 0.0754613
19.7 0.0859648
19.8 0.0872546
19.9 0.0872518
20 0.0918857
20.1 0.094803
20.2 0.0933381
20.3 0.0896775
20.4 0.0934595
20.5 0.0913087
20.6 0.0848944
20.7 0.0953414
20.8 0.0904105
20.9 0.101536
21 0.0969564
21.1 0.107537
21.2 0.108281
21.3 0.104648
21.4 0.100688
21.5 0.10629
21.6 0.104371
21.7 0.105695
21.8 0.11789
21.9 0.120293
22 0.127468
22.1 0.142322
22.2 0.137249
22.3 0.143966
22.4 0.151233
22.5 0.143223
22.6 0.14745
22.7 0.141993
22.8 0.129768
22.9 0.131752
23 0.128282
23.1 0.135313
23.2 0.133553
23.3 0.14169
23.4 0.14278
23.5 0.143687
23.6 0.15345
23.7 0.156126
23.8 0.161683
23.9 0.159559
24 0.165522
24.1 0.163509
24.2 0.169371
24.3 0.171797
24.4 0.174201
24.5 0.179081
24.6 0.180721
24.7 0.184199
24.8 0.187573
24.9 0.186427
25 0.179117
25.1 0.18347
25.2 0.189436
25.3 0.207621
25.4 0.211395
25.5 0.207719
25.6 0.219412
25.7 0.218007
25.8 0.219863
25.9 0.219728
26 0.211798
26.1 0.219456
26.2 0.226238
26.3 0.224741
26.4 0.230431
26.5 0.240585
26.6 0.245598
26.7 0.240581
26.8 0.255657
26.9 0.265948
27 0.271816
27.1 0.27193
27.2 0.271661
27.3 0.277898
27.4 0.281618
27.5 0.276117
27.6 0.271078
27.7 0.271726
27.8 0.271428
27.9 0.276404
28 0.281645
28.1 0.285337
28.2 0.277096
28.3 0.285544
28.4 0.286605
28.5 0.278429
28.6 0.281177
28.7 0.287898
28.8 0.283421
28.9 0.28686
29 0.285051
29.1 0.276093
29.2 0.272691
29.3 0.269557
29.4 0.256335
29.5 0.26706
29.6 0.267623
29.7 0.281031
29.8 0.281478
29.9 0.278813
30 0.285183
30.1 0.290773
30.2 0.28574
30.3 0.280118
30.4 0.28348
30.5 0.28244
30.6 0.295007
30.7 0.290588
30.8 0.303168
30.9 0.30088
31 0.290714
31.1 0.294703
31.2 0.303054
31.3 0.3114
31.4 0.315583
31.5 0.318704
31.6 0.31311
31.7 0.31603
31.8 0.313452
31.9 0.310182
32 0.30916
32.1 0.311677
32.2 0.316531
32.3 0.316465
32.4 0.31799
32.5 0.324195
32.6 0.334576
32.7 0.332149
32.8 0.340541
32.9 0.334753
33 0.340893
33.1 0.348763
33.2 0.353593
33.3 0.351434
33.4 0.350805
33.5 0.357423
33.6 0.345804
33.7 0.347031
33.8 0.349046
33.9 0.34985
34 0.348184
34.1 0.352681
34.2 0.345596
34.3 0.351821
34.4 0.352232
34.5 0.36542
34.6 0.368747
34.7 0.375022
34.8 0.369604
34.9 0.362459
35 0.353519
35.1 0.363537
35.2 0.375092
35.3 0.381004
35.4 0.383552
35.5 0.386321
35.6 0.386377
35.7 0.39066
35.8 0.387351
35.9 0.390411
36 0.383943
36.1 0.388842
36.2 0.389931
36.3 0.391033
36.4 0.398774
36.5 0.411335
36.6 0.422684
36.7 0.431434
36.8 0.433965
36.9 0.440232
37 0.457858
37.1 0.452226
37.2 0.449344
37.3 0.448577
37.4 0.44657
37.5 0.445856
37.6 0.440245
37.7 0.438069
37.8 0.432221
37.9 0.431316
38 0.438853
38.1 0.435898
38.2 0.429838
38.3 0.430559
38.4 0.434365
38.5 0.441783
38.6 0.443138
38.7 0.436003
38.8 0.434564
38.9 0.4389
39 0.440727
39.1 0.452801
39.2 0.452664
39.3 0.454631
39.4 0.454033
39.5 0.454375
39.6 0.447161
39.7 0.444055
39.8 0.440058
39.9 0.452959
40 0.466281
40.1 0.480126
40.2 0.485117
40.3 0.488911
40.4 0.487978
40.5 0.485206
40.6 0.492538
40.7 0.491489
40.8 0.49439
40.9 0.499124
41 0.511375
41.1 0.5171
41.2 0.525873
41.3 0.53532
41.4 0.536184
41.5 0.542441
41.6 0.548056
41.7 0.549453
41.8 0.558525
41.9 0.561323
42 0.552607
42.1 0.543488
42.2 0.539526
42.3 0.547159
42.4 0.548602
42.5 0.549203
42.6 0.540952
42.7 0.546138
42.8 0.550266
42.9 0.555113
43 0.569234
43.1 0.584791
43.2 0.5963
43.3 0.600787
43.4 0.605971
43.5 0.610818
43.6 0.616592
43.7 0.614641
43.8 0.62985
43.9 0.639465
44 0.64999
44.1 0.648393
44.2 0.647201
44.3 0.652175
44.4 0.650366
44.5 0.647787
44.6 0.646044
44.7 0.655613
44.8 0.656907
44.9 0.656612
45 0.654296
45.1 0.661714
45.2 0.669363
45.3 0.678209
45.4 0.675623
45.5 0.685652
45.6 0.687196
45.7 0.685271
45.8 0.686993
45.9 0.695494
46 0.694321
46.1 0.689202
46.2 0.688739
46.3 0.688271
46.4 0.690219
46.5 0.688376
46.6 0.698226
46.7 0.697903
46.8 0.69837
46.9 0.702795
47 0.697439
47.1 0.691386
47.2 0.69195
47.3 0.682075
47.4 0.67333
47.5 0.671917
47.6 0.671895
47.7 0.668699
47.8 0.661671
47.9 0.657257
48 0.660089
48.1 0.665849
48.2 0.666389
48.3 0.675014
48.4 0.678796
48.5 0.673446
48.6 0.674977
48.7 0.680644
48.8 0.685779
48.9 0.686589
49 0.694903
49.1 0.691461
49.2 0.68598
49.3 0.693465
49.4 0.700147
49.5 0.699104
49.6 0.698399
49.7 0.704967
49.8 0.696741
49.9 0.696167
50 0.692509
50.1 0.692106
50.2 0.684073
50.3 0.68869
50.4 0.694359
50.5 0.707346
50.6 0.706065
50.7 0.703368
50.8 0.702882
50.9 0.689505
51 0.682979
51.1 0.690689
51.2 0.694579
51.3 0.691414
51.4 0.69564
51.5 0.700357
51.6 0.691567
51.7 0.698381
51.8 0.697317
51.9 0.692381
52 0.695324
52.1 0.703261
52.2 0.693034
52.3 0.694731
52.4 0.690048
52.5 0.689342
52.6 0.693244
52.7 0.69699
52.8 0.703782
52.9 0.707915
53 0.70679
53.1 0.704299
53.2 0.703869
53.3 0.702267
53.4 0.70591
53.5 0.710965
53.6 0.706108
53.7 0.70069
53.8 0.698413
53.9 0.700894
54 0.700411
54.1 0.695536
54.2 0.702372
54.3 0.699487
54.4 0.696752
54.5 0.699315
54.6 0.700347
54.7 0.700155
54.8 0.700369
54.9 0.699821
55 0.699396
55.1 0.695153
55.2 0.691868
55.3 0.698359
55.4 0.6956
55.5 0.696953
55.6 0.706579
55.7 0.708115
55.8 0.699122
55.9 0.710389
56 0.710945
56.1 0.712025
56.2 0.704725
56.3 0.708941
56.4 0.706001
56.5 0.717315
56.6 0.721228
56.7 0.725401
56.8 0.730208
56.9 0.733546
57 0.739535
57.1 0.738033
57.2 0.744954
57.3 0.74841
57.4 0.75295
57.5 0.745864
57.6 0.747751
57.7 0.742693
57.8 0.752354
57.9 0.753303
58 0.755028
58.1 0.762144
58.2 0.764081
58.3 0.757532
58.4 0.758767
58.5 0.757797
58.6 0.755726
58.7 0.757858
58.8 0.763234
58.9 0.75423
59 0.752658
59.1 0.756751
59.2 0.757373
59.3 0.758398
59.4 0.76368
59.5 0.766689
59.6 0.765044
59.7 0.765747
59.8 0.764793
59.9 0.770324
60 0.776837
60.1 0.774631
60.2 0.773306
60.3 0.767402
60.4 0.76652
60.5 0.760896
60.6 0.76327
60.7 0.767833
60.8 0.770197
60.9 0.767407
61 0.775821
61.1 0.779553
61.2 0.77206
61.3 0.770723
61.4 0.774466
61.5 0.780443
61.6 0.78948
61.7 0.792138
61.8 0.793844
61.9 0.793644
62 0.792401
62.1 0.793309
62.2 0.801248
62.3 0.800885
62.4 0.803544
62.5 0.811804
62.6 0.811968
62.7 0.813868
62.8 0.811824
62.9 0.800313
63 0.806341
63.1 0.802854
63.2 0.80525
63.3 0.802421
63.4 0.80438
63.5 0.799513
63.6 0.802862
63.7 0.808874
63.8 0.805748
63.9 0.805338
64 0.801509
64.1 0.804091
64.2 0.809077
64.3 0.802057
64.4 0.79918
64.5 0.796041
64.6 0.789442
64.7 0.791882
64.8 0.791854
64.9 0.789308
65 0.786545
65.1 0.789671
65.2 0.787273
65.3 0.794018
65.4 0.785639
65.5 0.778103
65.6 0.775629
65.7 0.76894
65.8 0.770135
65.9 0.776374
66 0.779331
66.1 0.781684
66.2 0.780691
66.3 0.77925
66.4 0.782201
66.5 0.783739
66.6 0.786575
66.7 0.784232
66.8 0.78872
66.9 0.781782
67 0.77862
67.1 0.778325
67.2 0.781828
67.3 0.773299
67.4 0.768375
67.5 0.765877
67.6 0.766333
67.7 0.773184
67.8 0.777552
67.9 0.778765
68 0.781601
68.1 0.785562
68.2 0.783828
68.3 0.775618
68.4 0.777705
68.5 0.781973
68.6 0.77465
68.7 0.776615
68.8 0.782826
68.9 0.782511
69 0.774677
69.1 0.769722
69.2 0.76882
69.3 0.770603
69.4 0.770893
69.5 0.77261
69.6 0.772167
69.7 0.779367
69.8 0.786669
69.9 0.793085
70 0.795394
70.1 0.795344
70.2 0.79353
70.3 0.79986
70.4 0.801284
70.5 0.797845
70.6 0.790739
70.7 0.792057
70.8 0.787721
70.9 0.793644
71 0.786966
71.1 0.787871
71.2 0.794112
71.3 0.799214
71.4 0.799119
71.5 0.803881
71.6 0.799571
71.7 0.796288
71.8 0.790661
71.9 0.788645
72 0.788929
72.1 0.790113
72.2 0.795943
72.3 0.78829
72.4 0.78673
72.5 0.790942
72.6 0.782714
72.7 0.786545
72.8 0.785741
72.9 0.792376
73 0.799067
73.1 0.806806
73.2 0.807078
73.3 0.809847
73.4 0.805081
73.5 0.811765
73.6 0.810852
73.7 0.80495
73.8 0.805478
73.9 0.806033
74 0.798629
74.1 0.797052
74.2 0.800415
74.3 0.806028
74.4 0.805727
74.5 0.804198
74.6 0.801223
74.7 0.797222
74.8 0.795954
74.9 0.792899
75 0.795334
75.1 0.794004
75.2 0.798713
75.3 0.794548
75.4 0.801229
75.5 0.794538
75.6 0.795855
75.7 0.793747
75.8 0.794556
75.9 0.794212
76 0.798878
76.1 0.798731
76.2 0.797661
76.3 0.796022
76.4 0.789461
76.5 0.793828
76.6 0.797731
76.7 0.806296
76.8 0.808123
76.9 0.800567
77 0.797932
77.1 0.796784
77.2 0.792874
77.3 0.792185
77.4 0.788338
77.5 0.783355
77.6 0.78492
77.7 0.778838
77.8 0.787049
77.9 0.784624
78 0.785508
78.1 0.791632
78.2 0.784763
78.3 0.777057
78.4 0.781571
78.5 0.781794
78.6 0.782426
78.7 0.772914
78.8 0.772402
78.9 0.764204
79 0.761447
79.1 0.759216
79.2 0.759804
79.3 0.765027
79.4 0.766838
79.5 0.763573
79.6 0.763523
79.7 0.760409
79.8 0.759452
79.9 0.75159
80 0.753054
80.1 0.753906
80.2 0.749872
80.3 0.747884
80.4 0.745782
80.5 0.75186
80.6 0.748958
80.7 0.75258
80.8 0.753672
80.9 0.745781
81 0.743344
81.1 0.751346
81.2 0.752344
81.3 0.747359
81.4 0.74775
81.5 0.739414
81.6 0.740093
81.7 0.741403
81.8 0.74703
81.9 0.747627
82 0.740618
82.1 0.743464
82.2 0.744323
82.3 0.740774
82.4 0.747495
82.5 0.754472
82.6 0.756362
82.7 0.752702
82.8 0.752307
82.9 0.753033
83 0.753829
83.1 0.75363
83.2 0.751851
83.3 0.75506
83.4 0.750454
83.5 0.757908
83.6 0.759494
83.7 0.755606
83.8 0.76199
83.9 0.762816
84 0.764348
84.1 0.77296
84.2 0.773031
84.3 0.774938
84.4 0.777844
84.5 0.776358
84.6 0.781562
84.7 0.775411
84.8 0.768707
84.9 0.764825
85 0.761374
85.1 0.766692
85.2 0.76586
85.3 0.771318
85.4 0.758584
85.5 0.760853
85.6 0.761063
85.7 0.758836
85.8 0.764136
85.9 0.769584
86 0.773685
86.1 0.770544
86.2 0.769878
86.3 0.772308
86.4 0.769502
86.5 0.772234
86.6 0.764759
86.7 0.765172
86.8 0.761652
86.9 0.761952
87 0.759277
87.1 0.754365
87.2 0.749791
87.3 0.745602
87.4 0.745493
87.5 0.743631
87.6 0.750544
87.7 0.754199
87.8 0.749796
87.9 0.742492
88 0.739351
88.1 0.738583
88.2 0.735838
88.3 0.740208
88.4 0.750743
88.5 0.751486
88.6 0.756079
88.7 0.764702
88.8 0.765845
88.9 0.765952
89 0.767316
89.1 0.770789
89.2 0.762227
89.3 0.770806
89.4 0.774715
89.5 0.771458
89.6 0.772217
89.7 0.775204
89.8 0.761964
89.9 0.761889
90 0.767476
90.1 0.76701
90.2 0.767318
90.3 0.758585
90.4 0.755804
90.5 0.761846
90.6 0.768999
90.7 0.764222
90.8 0.761032
90.9 0.763071
91 0.763261
91.1 0.769667
91.2 0.768255
91.3 0.770539
91.4 0.773123
91.5 0.769454
91.6 0.768583
91.7 0.774333
91.8 0.771694
91.9 0.777641
92 0.785753
92.1 0.784445
92.2 0.782258
92.3 0.783159
92.4 0.77759
92.5 0.777862
92.6 0.786638
92.7 0.785826
92.8 0.789349
92.9 0.786596
93 0.786743
93.1 0.789999
93.2 0.791473
93.3 0.795571
93.4 0.79094
93.5 0.784533
93.6 0.784122
93.7 0.788314
93.8 0.788412
93.9 0.795831
94 0.795166
94.1 0.791016
94.2 0.789955
94.3 0.787162
94.4 0.787257
94.5 0.788885
94.6 0.793968
94.7 0.794438
94.8 0.793803
94.9 0.79309
95 0.798971
95.1 0.80265
95.2 0.800629
95.3 0.79803
95.4 0.79579
95.5 0.79447
95.6 0.795897
95.7 0.798609
95.8 0.796534
95.9 0.791249
96 0.797462
96.1 0.792579
96.2 0.788313
96.3 0.789222
96.4 0.790498
96.5 0.787046
96.6 0.786173
96.7 0.78212
96.8 0.779381
96.9 0.775382
97 0.768085
97.1 0.762889
97.2 0.75406
97.3 0.760471
97.4 0.753304
97.5 0.748164
97.6 0.753867
97.7 0.750667
97.8 0.753807
97.9 0.753326
98 0.761529
98.1 0.761346
98.2 0.751147
98.3 0.743696
98.4 0.741052
98.5 0.74034
98.6 0.746025
98.7 0.743334
98.8 0.74655
98.9 0.750037
99 0.747227
99.1 0.747162
99.2 0.740821
99.3 0.74136
99.4 0.746032
99.5 0.747255
99.6 0.746551
99.7 0.757604
99.8 0.761015
99.9 0.758108
100 0.75802
100.1 0.7598
100.2 0.768781
100.3 0.772028
100.4 0.768566
100.5 0.769165
100.6 0.768519
100.7 0.766944
100.8 0.769225
100.9 0.765498
101 0.764642
101.1 0.76499
101.2 0.763467
101.3 0.754718
101.4 0.748857
101.5 0.750998
101.6 0.751435
101.7 0.746923
101.8 0.7478
101.9 0.751427
102 0.754413
102.1 0.748458
102.2 0.746003
102.3 0.747146
102.4 0.741678
102.5 0.74127
102.6 0.737618
102.7 0.732208
102.8 0.729285
102.9 0.724845
103 0.724751
103.1 0.726056
103.2 0.7242
103.3 0.723272
103.4 0.722918
103.5 0.720764
103.6 0.729519
103.7 0.72485
103.8 0.72038
103.9 0.725029
104 0.733766
104.1 0.728034
104.2 0.728705
104.3 0.727064
104.4 0.738575
104.5 0.73424
104.6 0.740883
104.7 0.738184
104.8 0.7336
104.9 0.735815
105 0.729905
105.1 0.737577
105.2 0.734793
105.3 0.736424
105.4 0.731532
105.5 0.732609
105.6 0.726166
105.7 0.7284
105.8 0.730293
105.9 0.730945
106 0.733043
106.1 0.734033
106.2 0.731245
106.3 0.73325
106.4 0.7273
106.5 0.736127
106.6 0.737641
106.7 0.744811
106.8 0.752894
106.9 0.750775
107 0.749989
107.1 0.750418
107.2 0.754516
107.3 0.756361
107.4 0.756385
107.5 0.761542
107.6 0.765619
107.7 0.77012
107.8 0.774882
107.9 0.781046
108 0.778508
108.1 0.783076
108.2 0.787896
108.3 0.785525
108.4 0.789906
108.5 0.78388
108.6 0.793722
108.7 0.78967
108.8 0.78031
108.9 0.775107
109 0.77878
109.1 0.784462
109.2 0.792421
109.3 0.789847
109.4 0.789464
109.5 0.788377
109.6 0.786989
109.7 0.78872
109.8 0.793133
109.9 0.796412
110 0.796269
110.1 0.793777
110.2 0.799383
110.3 0.802188
110.4 0.797948
110.5 0.795964
110.6 0.79911
110.7 0.791934
110.8 0.790539
110.9 0.795227
111 0.797712
111.1 0.796865
111.2 0.804471
111.3 0.801305
111.4 0.799913
111.5 0.803256
111.6 0.793241
111.7 0.7958
111.8 0.791138
111.9 0.788712
112 0.779562
112.1 0.775388
112.2 0.775315
112.3 0.775339
112.4 0.787112
112.5 0.776239
112.6 0.77555
112.7 0.771586
112.8 0.767476
112.9 0.768408
113 0.769965
113.1 0.765939
113.2 0.762759
113.3 0.759165
113.4 0.757285
113.5 0.761566
113.6 0.76679
113.7 0.761527
113.8 0.763446
113.9 0.75935
114 0.767115
114.1 0.772119
114.2 0.771068
114.3 0.773231
114.4 0.76091
114.5 0.767068
114.6 0.764869
114.7 0.764538
114.8 0.774114
114.9 0.774026
115 0.772074
115.1 0.769117
115.2 0.76471
115.3 0.756218
115.4 0.75584
115.5 0.753726
115.6 0.75937
115.7 0.763667
115.8 0.764404
115.9 0.765676
116 0.764731
116.1 0.772999
116.2 0.776297
116.3 0.76855
116.4 0.766437
116.5 0.759778
116.6 0.755245
116.7 0.766162
116.8 0.76751
116.9 0.770399
117 0.767622
117.1 0.766758
117.2 0.765283
117.3 0.768335
117.4 0.770278
117.5 0.768692
117.6 0.772416
117.7 0.772128
117.8 0.774279
117.9 0.782215
118 0.782302
118.1 0.77825
118.2 0.784289
118.3 0.783845
118.4 0.786856
118.5 0.786449
118.6 0.792315
118.7 0.793885
118.8 0.794901
118.9 0.798354
119 0.798336
119.1 0.78766
119.2 0.792938
119.3 0.788537
119.4 0.788121
119.5 0.788373
119.6 0.789195
119.7 0.790033
119.8 0.792401
119.9 0.795268
120 0.795327
120.1 0.797691
120.2 0.791073
120.3 0.789206
120.4 0.784669
120.5 0.78521
120.6 0.7746
120.7 0.78088
120.8 0.780816
120.9 0.78082
121 0.782053
121.1 0.786377
121.2 0.787687
121.3 0.787421
121.4 0.78607
121.5 0.786901
121.6 0.785453
121.7 0.778342
121.8 0.775208
121.9 0.776106
122 0.784275
122.1 0.78483
122.2 0.777804
122.3 0.781497
122.4 0.782242
122.5 0.793131
122.6 0.79968
122.7 0.799239
122.8 0.803859
122.9 0.800506
123 0.799037
123.1 0.795046
123.2 0.797551
123.3 0.79705
123.4 0.805073
123.5 0.799863
123.6 0.797854
123.7 0.794643
123.8 0.794247
123.9 0.798325
124 0.7936
124.1 0.791785
124.2 0.795058
124.3 0.794164
124.4 0.795721
124.5 0.796005
124.6 0.804766
124.7 0.810575
124.8 0.815492
124.9 0.816894
125 0.816025
125.1 0.808205
125.2 0.813554
125.3 0.820131
125.4 0.822617
125.5 0.824527
125.6 0.823036
125.7 0.828749
125.8 0.833644
125.9 0.839232
126 0.831431
126.1 0.830049
126.2 0.826528
126.3 0.822027
126.4 0.823116
126.5 0.823508
126.6 0.82802
126.7 0.831655
126.8 0.82054
126.9 0.818783
127 0.820336
127.1 0.823044
127.2 0.814962
127.3 0.807959
127.4 0.806909
127.5 0.80515
127.6 0.799744
127.7 0.804879
127.8 0.805264
127.9 0.802795
128 0.816844
128.1 0.81875
128.2 0.821567
128.3 0.827244
128.4 0.824444
128.5 0.820035
128.6 0.816105
128.7 0.808799
128.8 0.802307
128.9 0.805127
129 0.80697
129.1 0.810191
129.2 0.813066
129.3 0.809751
129.4 0.806367
129.5 0.813397
129.6 0.808936
129.7 0.807655
129.8 0.808847
129.9 0.806231
130 0.813222
130.1 0.806694
130.2 0.808395
130.3 0.809677
130.4 0.810665
130.5 0.81574
130.6 0.812047
130.7 0.807591
130.8 0.813144
130.9 0.805164
131 0.812153
131.1 0.807982
131.2 0.806567
131.3 0.808054
131.4 0.803949
131.5 0.800592
131.6 0.795128
131.7 0.795663
131.8 0.790575
131.9 0.79085
132 0.783036
132.1 0.784784
132.2 0.785776
132.3 0.78632
132.4 0.782717
132.5 0.784187
132.6 0.784285
132.7 0.78327
132.8 0.786367
132.9 0.784819
133 0.784211
133.1 0.784083
133.2 0.778832
133.3 0.783059
133.4 0.778855
133.5 0.784959
133.6 0.790076
133.7 0.783005
133.8 0.78547
133.9 0.790086
134 0.785187
134.1 0.792344
134.2 0.796561
134.3 0.800352
134.4 0.796823
134.5 0.799444
134.6 0.797529
134.7 0.797124
134.8 0.794942
134.9 0.785843
135 0.787156
135.1 0.792403
135.2 0.799011
135.3 0.803646
135.4 0.804424
135.5 0.797458
135.6 0.798926
135.7 0.799517
135.8 0.792429
135.9 0.793351
136 0.790463
136.1 0.796747
136.2 0.792608
136.3 0.794246
136.4 0.789903
136.5 0.797853
136.6 0.796574
136.7 0.794794
136.8 0.798468
136.9 0.796749
137 0.799101
137.1 0.803578
137.2 0.804937
137.3 0.80274
137.4 0.803811
137.5 0.805574
137.6 0.806218
137.7 0.801952
137.8 0.801672
137.9 0.810621
138 0.814908
138.1 0.812892
138.2 0.812513
138.3 0.812139
138.4 0.806759
138.5 0.800309
138.6 0.803242
138.7 0.808639
138.8 0.811586
138.9 0.811687
139 0.812299
139.1 0.812985
139.2 0.816625
139.3 0.815179
139.4 0.82207
139.5 0.826027
139.6 0.824638
139.7 0.822626
139.8 0.827232
139.9 0.836449
140 0.835586
140.1 0.831736
140.2 0.840311
140.3 0.83856
140.4 0.833575
140.5 0.834977
140.6 0.828799
140.7 0.82579
140.8 0.839519
140.9 0.833642
141 0.833086
141.1 0.833152
141.2 0.829067
141.3 0.827783
141.4 0.820219
141.5 0.820663
141.6 0.817393
141.7 0.817851
141.8 0.817567
141.9 0.811715
142 0.811101
142.1 0.802144
142.2 0.798412
142.3 0.80336
142.4 0.800603
142.5 0.804343
142.6 0.801742
142.7 0.805438
142.8 0.804804
142.9 0.802352
143 0.80624
143.1 0.799671
143.2 0.80271
143.3 0.807219
143.4 0.814898
143.5 0.807464
143.6 0.806653
143.7 0.800494
143.8 0.804004
143.9 0.808088
144 0.806889
144.1 0.809013
144.2 0.815998
144.3 0.821177
144.4 0.816757
144.5 0.82
144.6 0.820911
144.7 0.818739
144.8 0.818232
144.9 0.820709
145 0.819095
145.1 0.817029
145.2 0.810871
145.3 0.817283
145.4 0.821569
145.5 0.822099
145.6 0.821051
145.7 0.818989
145.8 0.823083
145.9 0.822587
146 0.826267
146.1 0.826929
146.2 0.826435
146.3 0.827846
146.4 0.829462
146.5 0.834387
146.6 0.83649
146.7 0.832607
146.8 0.842699
146.9 0.845234
147 0.845309
147.1 0.849431
147.2 0.852598
147.3 0.84963
147.4 0.85147
147.5 0.849777
147.6 0.848168
147.7 0.851879
147.8 0.848836
147.9 0.853818
148 0.845227
148.1 0.848947
148.2 0.847181
148.3 0.850094
148.4 0.844293
148.5 0.847285
148.6 0.846778
148.7 0.843592
148.8 0.841985
148.9 0.840346
149 0.832404
149.1 0.830415
149.2 0.832798
149.3 0.830171
149.4 0.823505
149.5 0.825927
149.6 0.830129
149.7 0.825075
149.8 0.825496
149.9 0.83036
