0 0.0624119
0.1 0.0774918
0.2 0.0836061
0.3 0.103773
0.4 0.117313
0.5 0.138244
0.6 0.162564
0.7 0.180844
0.8 0.196607
0.9 0.214323
1 0.235196
1.1 0.252315
1.2 0.265168
1.3 0.267073
1.4 0.288857
1.5 0.309627
1.6 0.326614
1.7 0.342122
1.8 0.362847
1.9 0.377855
2 0.388763
2.1 0.402964
2.2 0.420437
2.3 0.431474
2.4 0.45012
2.5 0.453361
2.6 0.462152
2.7 0.478336
2.8 0.492178
2.9 0.509727
3 0.528254
3.1 0.54418
3.2 0.556984
3.3 0.571179
3.4 0.587907
3.5 0.605975
3.6 0.619896
3.7 0.639744
3.8 0.655399
3.9 0.670743
4 0.676405
4.1 0.683822
4.2 0.686672
4.3 0.696596
4.4 0.703189
4.5 0.709913
4.6 0.719541
4.7 0.7339
4.8 0.742457
4.9 0.757913
5 0.76875
5.1 0.774475
5.2 0.777884
5.3 0.786893
5.4 0.794692
5.5 0.80004
5.6 0.806394
5.7 0.808221
5.8 0.81308
5.9 0.817462
6 0.81968
6.1 0.824063
6.2 0.829777
6.3 0.833996
6.4 0.837469
6.5 0.840131
6.6 0.846093
6.7 0.850324
6.8 0.859441
6.9 0.86376
7 0.868797
7.1 0.873248
7.2 0.878502
7.3 0.880511
7.4 0.886193
7.5 0.885393
7.6 0.889814
7.7 0.891574
7.8 0.893369
7.9 0.895269
8 0.89585
8.1 0.895662
8.2 0.900127
8.3 0.899957
8.4 0.902321
8.5 0.904476
8.6 0.908761
8.7 0.910882
8.8 0.914269
8.9 0.916634
9 0.920076
9.1 0.925132
9.2 0.925597
9.3 0.924053
9.4 0.924686
9.5 0.921086
9.6 0.920067
9.7 0.918214
9.8 0.917408
9.9 0.917385
10 0.915904
10.1 0.921441
10.2 0.920119
10.3 0.919456
10.4 0.919175
10.5 0.919062
10.6 0.919308
10.7 0.917068
10.8 0.919538
10.9 0.918821
11 0.919618
11.1 0.919533
11.2 0.918621
11.3 0.917479
11.4 0.916363
11.5 0.917083
11.6 0.918651
11.7 0.921171
11.8 0.922386
11.9 0.925045
12 0.923007
12.1 0.92304
12.2 0.924691
12.3 0.923082
12.4 0.921891
12.5 0.923553
12.6 0.924732
12.7 0.927624
12.8 0.928085
12.9 0.92554
13 0.924172
13.1 0.924129
13.2 0.923555
13.3 0.924429
13.4 0.924151
13.5 0.926596
13.6 0.924598
13.7 0.921969
13.8 0.921887
13.9 0.920708
14 0.923956
14.1 0.923663
14.2 0.923334
14.3 0.924288
14.4 0.918889
14.5 0.916441
14.6 0.916339
14.7 0.913997
14.8 0.916325
14.9 0.916224
15 0.917345
15.1 0.917628
15.2 0.917969
15.3 0.925312
15.4 0.931186
15.5 0.932682
15.6 0.932219
15.7 0.933813
15.8 0.937
15.9 0.941864
16 0.946422
16.1 0.950217
16.2 0.952848
16.3 0.951981
16.4 0.952119
16.5 0.953323
16.6 0.951506
16.7 0.948176
16.8 0.947497
16.9 0.949044
17 0.950439
17.1 0.950414
17.2 0.94909
17.3 0.947815
17.4 0.948694
17.5 0.948923
17.6 0.94769
17.7 0.946807
17.8 0.947348
17.9 0.94634
18 0.947951
18.1 0.950051
18.2 0.951412
18.3 0.950273
18.4 0.948663
18.5 0.945566
18.6 0.943689
18.7 0.94216
18.8 0.942298
18.9 0.942454
19 0.944334
19.1 0.943105
19.2 0.942478
19.3 0.941604
19.4 0.940404
19.5 0.937621
19.6 0.938536
19.7 0.9382
19.8 0.938018
19.9 0.9397
20 0.938518
20.1 0.938949
20.2 0.937894
20.3 0.935259
20.4 0.934693
20.5 0.934164
20.6 0.941226
20.7 0.946251
20.8 0.95211
20.9 0.952575
21 0.954769
21.1 0.957057
21.2 0.958668
21.3 0.957058
21.4 0.956113
21.5 0.953226
21.6 0.955131
21.7 0.954527
21.8 0.95299
21.9 0.951398
22 0.951442
22.1 0.952284
22.2 0.950897
22.3 0.952913
22.4 0.951134
22.5 0.95629
22.6 0.954978
22.7 0.956551
22.8 0.957882
22.9 0.954908
23 0.95706
23.1 0.956779
23.2 0.955396
23.3 0.954246
23.4 0.955175
23.5 0.953287
23.6 0.951788
23.7 0.949387
23.8 0.951015
23.9 0.948978
24 0.947962
24.1 0.947039
24.2 0.944137
24.3 0.942264
24.4 0.940616
24.5 0.941145
24.6 0.936802
24.7 0.933195
24.8 0.932423
24.9 0.929544
25 0.92999
25.1 0.930305
25.2 0.93024
25.3 0.931694
25.4 0.927685
25.5 0.930619
25.6 0.933226
25.7 0.936572
25.8 0.934601
25.9 0.934886
26 0.932985
26.1 0.935675
26.2 0.933081
26.3 0.931569
26.4 0.931069
26.5 0.926977
26.6 0.926544
26.7 0.928251
26.8 0.928712
26.9 0.92972
27 0.930663
27.1 0.925712
27.2 0.925114
27.3 0.923079
27.4 0.925781
27.5 0.926245
27.6 0.926371
27.7 0.922276
27.8 0.920805
27.9 0.921545
28 0.917204
28.1 0.91482
28.2 0.915163
28.3 0.914656
28.4 0.914647
28.5 0.914313
28.6 0.913321
28.7 0.914931
28.8 0.917265
28.9 0.915877
29 0.91149
29.1 0.911613
29.2 0.910901
29.3 0.909577
29.4 0.908018
29.5 0.905761
29.6 0.906986
29.7 0.908154
29.8 0.907716
29.9 0.909849
30 0.908289
30.1 0.907702
30.2 0.904274
30.3 0.90569
30.4 0.908416
30.5 0.908311
30.6 0.909827
30.7 0.910068
30.8 0.908847
30.9 0.905812
31 0.903902
31.1 0.905292
31.2 0.901391
31.3 0.897855
31.4 0.899087
31.5 0.902725
31.6 0.90458
31.7 0.901235
31.8 0.9007
31.9 0.902802
32 0.903576
32.1 0.904641
32.2 0.905025
32.3 0.906326
32.4 0.909313
32.5 0.908637
32.6 0.908612
32.7 0.910347
32.8 0.913945
32.9 0.913192
33 0.914908
33.1 0.91961
33.2 0.924991
33.3 0.921465
33.4 0.922436
33.5 0.921232
33.6 0.919665
33.7 0.916669
33.8 0.913409
33.9 0.914393
34 0.911608
34.1 0.911181
34.2 0.909085
34.3 0.911179
34.4 0.909249
34.5 0.909587
34.6 0.910416
34.7 0.911453
34.8 0.909712
34.9 0.911543
35 0.91145
35.1 0.910846
35.2 0.912949
35.3 0.916071
35.4 0.910883
35.5 0.9107
35.6 0.908525
35.7 0.907608
35.8 0.907803
35.9 0.908912
36 0.91191
36.1 0.910671
36.2 0.908089
36.3 0.911178
36.4 0.911238
36.5 0.908864
36.6 0.910308
36.7 0.909806
36.8 0.911493
36.9 0.91081
37 0.911516
37.1 0.90658
37.2 0.909613
37.3 0.907262
37.4 0.909376
37.5 0.912172
37.6 0.914009
37.7 0.915667
37.8 0.916333
37.9 0.918529
38 0.917976
38.1 0.915691
38.2 0.915123
38.3 0.914379
38.4 0.913951
38.5 0.916077
38.6 0.915254
38.7 0.915369
38.8 0.91407
38.9 0.918286
39 0.918883
39.1 0.918077
39.2 0.917381
39.3 0.917563
39.4 0.917324
39.5 0.919124
39.6 0.920356
39.7 0.921268
39.8 0.92126
39.9 0.922404
40 0.920109
40.1 0.92043
40.2 0.919082
40.3 0.922064
40.4 0.921817
40.5 0.923276
40.6 0.922699
40.7 0.920929
40.8 0.92494
40.9 0.922705
41 0.918335
41.1 0.916354
41.2 0.916179
41.3 0.917789
41.4 0.915885
41.5 0.911604
41.6 0.911856
41.7 0.910683
41.8 0.910271
41.9 0.907645
42 0.908475
42.1 0.909595
42.2 0.911357
42.3 0.914466
42.4 0.9151
42.5 0.917876
42.6 0.919363
42.7 0.923765
42.8 0.924012
42.9 0.92366
43 0.925464
43.1 0.925459
43.2 0.926651
43.3 0.925473
43.4 0.925889
43.5 0.923
43.6 0.922717
43.7 0.921497
43.8 0.92243
43.9 0.922797
44 0.926202
44.1 0.925502
44.2 0.926695
44.3 0.929181
44.4 0.925203
44.5 0.927141
44.6 0.928442
44.7 0.928982
44.8 0.927867
44.9 0.931704
45 0.93143
45.1 0.929994
45.2 0.925839
45.3 0.92953
45.4 0.930292
45.5 0.932679
45.6 0.935057
45.7 0.932488
45.8 0.935594
45.9 0.932597
46 0.932865
46.1 0.931356
46.2 0.93034
46.3 0.928082
46.4 0.928152
46.5 0.92806
46.6 0.927494
46.7 0.928342
46.8 0.928374
46.9 0.925868
47 0.925862
47.1 0.922573
47.2 0.92182
47.3 0.921368
47.4 0.920355
47.5 0.919712
47.6 0.919169
47.7 0.915818
47.8 0.913388
47.9 0.91299
48 0.913276
48.1 0.909818
48.2 0.911799
48.3 0.910274
48.4 0.908079
48.5 0.907452
48.6 0.906811
48.7 0.907251
48.8 0.906869
48.9 0.907989
49 0.908493
49.1 0.910045
49.2 0.907892
49.3 0.910471
49.4 0.909651
49.5 0.907263
49.6 0.907752
49.7 0.909906
49.8 0.911021
49.9 0.913858
50 0.91239
50.1 0.914006
50.2 0.912221
50.3 0.909642
50.4 0.907732
50.5 0.904302
50.6 0.903961
50.7 0.900593
50.8 0.897105
50.9 0.899028
51 0.900268
51.1 0.900265
51.2 0.903955
51.3 0.902301
51.4 0.904576
51.5 0.902146
51.6 0.906407
51.7 0.905107
51.8 0.907532
51.9 0.90708
52 0.909996
52.1 0.914716
52.2 0.917242
52.3 0.915165
52.4 0.916621
52.5 0.918166
52.6 0.91577
52.7 0.916503
52.8 0.914163
52.9 0.914172
53 0.916052
53.1 0.915942
53.2 0.916228
53.3 0.921975
53.4 0.921543
53.5 0.924718
53.6 0.926544
53.7 0.926833
53.8 0.928131
53.9 0.927498
54 0.928349
54.1 0.928291
54.2 0.927115
54.3 0.927932
54.4 0.926943
54.5 0.930188
54.6 0.929289
54.7 0.930271
54.8 0.928685
54.9 0.929363
55 0.928925
55.1 0.927687
55.2 0.927656
55.3 0.927192
55.4 0.927288
55.5 0.93012
55.6 0.929593
55.7 0.931748
55.8 0.929944
55.9 0.930352
56 0.934308
56.1 0.935478
56.2 0.934609
56.3 0.936607
56.4 0.935764
56.5 0.938035
56.6 0.938719
56.7 0.936165
56.8 0.937621
56.9 0.938297
57 0.941067
57.1 0.940397
57.2 0.943476
57.3 0.944031
57.4 0.944827
57.5 0.944276
57.6 0.944621
57.7 0.942877
57.8 0.942632
57.9 0.940568
58 0.940593
58.1 0.941274
58.2 0.944014
58.3 0.940603
58.4 0.939807
58.5 0.941192
58.6 0.942285
58.7 0.940444
58.8 0.937994
58.9 0.936627
59 0.939487
59.1 0.937355
59.2 0.936662
59.3 0.938605
59.4 0.936331
59.5 0.938521
59.6 0.937664
59.7 0.934736
59.8 0.934004
59.9 0.933393
60 0.932775
60.1 0.9319
60.2 0.931518
60.3 0.931679
60.4 0.931345
60.5 0.93013
60.6 0.929716
60.7 0.928076
60.8 0.927959
60.9 0.9286
61 0.927758
61.1 0.932568
61.2 0.935229
61.3 0.935247
61.4 0.934054
61.5 0.936008
61.6 0.938467
61.7 0.938537
61.8 0.938558
61.9 0.938033
62 0.937219
62.1 0.936113
62.2 0.938166
62.3 0.938426
62.4 0.940301
62.5 0.940873
62.6 0.944191
62.7 0.94479
62.8 0.943888
62.9 0.943761
63 0.942626
63.1 0.942032
63.2 0.937448
63.3 0.939804
63.4 0.941324
63.5 0.941592
63.6 0.941771
63.7 0.941277
63.8 0.940259
63.9 0.945202
64 0.948797
64.1 0.948417
64.2 0.949332
64.3 0.948897
64.4 0.946512
64.5 0.944591
64.6 0.944497
64.7 0.943544
64.8 0.943587
64.9 0.943301
65 0.940492
65.1 0.94287
65.2 0.943143
65.3 0.945206
65.4 0.943037
65.5 0.942908
65.6 0.940912
65.7 0.941793
65.8 0.944555
65.9 0.942995
66 0.94411
66.1 0.944537
66.2 0.943038
66.3 0.941584
66.4 0.940878
66.5 0.940793
66.6 0.941288
66.7 0.941243
66.8 0.940536
66.9 0.94043
67 0.939976
67.1 0.94035
67.2 0.936579
67.3 0.936428
67.4 0.934752
67.5 0.935444
67.6 0.931422
67.7 0.932429
67.8 0.933098
67.9 0.9311
68 0.931343
68.1 0.932447
68.2 0.931936
68.3 0.930892
68.4 0.93166
68.5 0.930639
68.6 0.931546
68.7 0.931944
68.8 0.932653
68.9 0.932173
69 0.931459
69.1 0.932233
69.2 0.932779
69.3 0.938001
69.4 0.939115
69.5 0.94041
69.6 0.941678
69.7 0.940362
69.8 0.939434
69.9 0.941397
70 0.940675
70.1 0.940402
70.2 0.939059
70.3 0.940111
70.4 0.940417
70.5 0.941029
70.6 0.939485
70.7 0.938745
70.8 0.941772
70.9 0.94262
71 0.943872
71.1 0.942343
71.2 0.943883
71.3 0.942101
71.4 0.943107
71.5 0.945348
71.6 0.948531
71.7 0.949867
71.8 0.95044
71.9 0.953076
72 0.951747
72.1 0.949301
72.2 0.948699
72.3 0.951007
72.4 0.947977
72.5 0.947642
72.6 0.945364
72.7 0.942241
72.8 0.941377
72.9 0.940889
73 0.941204
73.1 0.941323
73.2 0.941618
73.3 0.944242
73.4 0.941347
73.5 0.939292
73.6 0.938306
73.7 0.938269
73.8 0.943089
73.9 0.942794
74 0.941536
74.1 0.942879
74.2 0.94306
74.3 0.941786
74.4 0.942904
74.5 0.944585
74.6 0.946762
74.7 0.944276
74.8 0.945645
74.9 0.946384
75 0.943898
75.1 0.945506
75.2 0.94565
75.3 0.941537
75.4 0.942583
75.5 0.945155
75.6 0.942449
75.7 0.945733
75.8 0.946265
75.9 0.946353
76 0.944713
76.1 0.946998
76.2 0.948507
76.3 0.948029
76.4 0.947508
76.5 0.947973
76.6 0.948096
76.7 0.945332
76.8 0.943632
76.9 0.944536
77 0.943813
77.1 0.94413
77.2 0.94504
77.3 0.943038
77.4 0.941618
77.5 0.944549
77.6 0.943798
77.7 0.944564
77.8 0.944582
77.9 0.945873
78 0.945376
78.1 0.945365
78.2 0.94735
78.3 0.947152
78.4 0.949097
78.5 0.947646
78.6 0.945395
78.7 0.947343
78.8 0.947092
78.9 0.946967
79 0.945666
79.1 0.946041
79.2 0.947381
79.3 0.950208
79.4 0.948239
79.5 0.94881
79.6 0.950164
79.7 0.948406
79.8 0.948089
79.9 0.948479
80 0.94433
80.1 0.943223
80.2 0.942246
80.3 0.942595
80.4 0.941431
80.5 0.939537
80.6 0.941234
80.7 0.939957
80.8 0.939079
80.9 0.940424
81 0.941719
81.1 0.941842
81.2 0.941949
81.3 0.94366
81.4 0.939804
81.5 0.940433
81.6 0.938243
81.7 0.937427
81.8 0.936589
81.9 0.940511
82 0.941259
82.1 0.942375
82.2 0.941371
82.3 0.945203
82.4 0.944
82.5 0.942919
82.6 0.941955
82.7 0.93969
82.8 0.939859
82.9 0.938476
83 0.94028
83.1 0.93795
83.2 0.937845
83.3 0.935701
83.4 0.935065
83.5 0.938561
83.6 0.941071
83.7 0.93983
83.8 0.938973
83.9 0.937681
84 0.937574
84.1 0.937849
84.2 0.936298
84.3 0.937435
84.4 0.937512
84.5 0.939751
84.6 0.938497
84.7 0.936635
84.8 0.938111
84.9 0.937788
85 0.937907
85.1 0.938453
85.2 0.939942
85.3 0.940608
85.4 0.940085
85.5 0.938551
85.6 0.937757
85.7 0.940904
85.8 0.940721
85.9 0.941283
86 0.943339
86.1 0.942558
86.2 0.942758
86.3 0.946736
86.4 0.94693
86.5 0.944709
86.6 0.942152
86.7 0.945681
86.8 0.948709
86.9 0.94937
87 0.950141
87.1 0.949901
87.2 0.947971
87.3 0.947969
87.4 0.94725
87.5 0.947451
87.6 0.947548
87.7 0.948522
87.8 0.948428
87.9 0.948279
88 0.94786
88.1 0.947263
88.2 0.949538
88.3 0.947162
88.4 0.948807
88.5 0.947204
88.6 0.945606
88.7 0.947999
88.8 0.948465
88.9 0.948126
89 0.945157
89.1 0.942839
89.2 0.94124
89.3 0.943477
89.4 0.944205
89.5 0.94485
89.6 0.942507
89.7 0.945353
89.8 0.943793
89.9 0.94413
90 0.943096
90.1 0.942973
90.2 0.942795
90.3 0.943366
90.4 0.943268
90.5 0.942866
90.6 0.943255
90.7 0.94266
90.8 0.942269
90.9 0.942592
91 0.9453
91.1 0.941994
91.2 0.939123
91.3 0.939535
91.4 0.937148
91.5 0.934636
91.6 0.93386
91.7 0.933882
91.8 0.9324
91.9 0.929937
92 0.933762
92.1 0.93315
92.2 0.93336
92.3 0.932281
92.4 0.931676
92.5 0.933283
92.6 0.93075
92.7 0.9316
92.8 0.929038
92.9 0.930861
93 0.928706
93.1 0.925639
93.2 0.92475
93.3 0.924978
93.4 0.925536
93.5 0.924727
93.6 0.927509
93.7 0.929749
93.8 0.926582
93.9 0.930419
94 0.927585
94.1 0.929672
94.2 0.928852
94.3 0.929195
94.4 0.930706
94.5 0.93046
94.6 0.930282
94.7 0.929592
94.8 0.931269
94.9 0.930283
95 0.932408
95.1 0.932848
95.2 0.933377
95.3 0.934789
95.4 0.933941
95.5 0.930269
95.6 0.927494
95.7 0.927065
95.8 0.926412
95.9 0.926426
96 0.927819
96.1 0.928313
96.2 0.928198
96.3 0.928393
96.4 0.930058
96.5 0.926198
96.6 0.925368
96.7 0.924693
96.8 0.925703
96.9 0.925262
97 0.925598
97.1 0.926702
97.2 0.928523
97.3 0.926624
97.4 0.925868
97.5 0.925846
97.6 0.923013
97.7 0.921639
97.8 0.921616
97.9 0.922137
98 0.923373
98.1 0.924013
98.2 0.923816
98.3 0.924184
98.4 0.928913
98.5 0.929566
98.6 0.931306
98.7 0.93431
98.8 0.938226
98.9 0.93698
99 0.935585
99.1 0.941185
99.2 0.942063
99.3 0.944048
99.4 0.946131
99.5 0.94371
99.6 0.943196
99.7 0.944413
99.8 0.942334
99.9 0.946808
100 0.94555
100.1 0.946778
100.2 0.944774
100.3 0.945203
100.4 0.945709
100.5 0.947735
100.6 0.942639
100.7 0.943328
100.8 0.939479
100.9 0.939671
101 0.93838
101.1 0.938266
101.2 0.938296
101.3 0.93944
101.4 0.940302
101.5 0.939269
101.6 0.939094
101.7 0.938138
101.8 0.936267
101.9 0.937016
102 0.937013
102.1 0.939447
102.2 0.939933
102.3 0.939514
102.4 0.939982
102.5 0.9393
102.6 0.939458
102.7 0.940778
102.8 0.939092
102.9 0.939776
103 0.937374
103.1 0.936425
103.2 0.938219
103.3 0.936896
103.4 0.935809
103.5 0.937828
103.6 0.937659
103.7 0.935845
103.8 0.933285
103.9 0.931777
104 0.929518
104.1 0.929262
104.2 0.925522
104.3 0.92936
104.4 0.926996
104.5 0.925428
104.6 0.926378
104.7 0.927631
104.8 0.927869
104.9 0.927214
105 0.930981
105.1 0.929921
105.2 0.927333
105.3 0.925035
105.4 0.924579
105.5 0.923516
105.6 0.924065
105.7 0.920853
105.8 0.920069
105.9 0.918018
106 0.917883
106.1 0.915453
106.2 0.91705
106.3 0.918253
106.4 0.916668
106.5 0.91757
106.6 0.91616
106.7 0.918246
106.8 0.918433
106.9 0.918191
107 0.914736
107.1 0.916864
107.2 0.913746
107.3 0.913746
107.4 0.911412
107.5 0.911522
107.6 0.909492
107.7 0.907587
107.8 0.906461
107.9 0.907439
108 0.905515
108.1 0.907957
108.2 0.906705
108.3 0.906566
108.4 0.90569
108.5 0.90493
108.6 0.904162
108.7 0.904804
108.8 0.906749
108.9 0.908514
109 0.907308
109.1 0.90796
109.2 0.90818
109.3 0.908817
109.4 0.91084
109.5 0.910853
109.6 0.912055
109.7 0.906078
109.8 0.904042
109.9 0.905285
110 0.904747
110.1 0.906718
110.2 0.908214
110.3 0.910095
110.4 0.912233
110.5 0.911742
110.6 0.910855
110.7 0.913742
110.8 0.913282
110.9 0.912714
111 0.912413
111.1 0.911734
111.2 0.912352
111.3 0.912724
111.4 0.912639
111.5 0.914555
111.6 0.914828
111.7 0.918006
111.8 0.91879
111.9 0.920289
112 0.923204
112.1 0.922173
112.2 0.924416
112.3 0.922265
112.4 0.922599
112.5 0.925534
112.6 0.927193
112.7 0.927532
112.8 0.927481
112.9 0.9277
113 0.925217
113.1 0.926568
113.2 0.927118
113.3 0.928165
113.4 0.929742
113.5 0.927498
113.6 0.926148
113.7 0.929592
113.8 0.930991
113.9 0.931636
114 0.932986
114.1 0.935774
114.2 0.93618
114.3 0.935279
114.4 0.934857
114.5 0.935706
114.6 0.93594
114.7 0.938485
114.8 0.939891
114.9 0.941472
115 0.942135
115.1 0.940009
115.2 0.937703
115.3 0.938786
115.4 0.93832
115.5 0.93914
115.6 0.938395
115.7 0.938048
115.8 0.936895
115.9 0.940244
116 0.937545
116.1 0.936758
116.2 0.933242
116.3 0.932685
116.4 0.932663
116.5 0.933781
116.6 0.931936
116.7 0.933576
116.8 0.934723
116.9 0.934463
117 0.934695
117.1 0.939354
117.2 0.940347
117.3 0.946477
117.4 0.946641
117.5 0.947366
117.6 0.945695
117.7 0.944451
117.8 0.946277
117.9 0.943689
118 0.942327
118.1 0.944283
118.2 0.945168
118.3 0.944956
118.4 0.945035
118.5 0.944974
118.6 0.943757
118.7 0.945432
118.8 0.946211
118.9 0.945597
119 0.944506
119.1 0.943358
119.2 0.9427
119.3 0.940319
119.4 0.941518
119.5 0.939932
119.6 0.937797
119.7 0.933218
119.8 0.933334
119.9 0.932076
120 0.929424
120.1 0.932182
120.2 0.932878
120.3 0.930464
120.4 0.927638
120.5 0.926796
120.6 0.926613
120.7 0.926143
120.8 0.923391
120.9 0.929844
121 0.933867
121.1 0.934486
121.2 0.937943
121.3 0.936869
121.4 0.936486
121.5 0.936601
121.6 0.936296
121.7 0.936663
121.8 0.934577
121.9 0.935085
122 0.932365
122.1 0.930564
122.2 0.928842
122.3 0.927498
122.4 0.923796
122.5 0.924355
122.6 0.92548
122.7 0.925254
122.8 0.928556
122.9 0.928648
123 0.928232
123.1 0.928136
123.2 0.925248
123.3 0.926748
123.4 0.927394
123.5 0.927477
123.6 0.926751
123.7 0.927529
123.8 0.927464
123.9 0.929105
124 0.927441
124.1 0.929053
124.2 0.925853
124.3 0.926052
124.4 0.926137
124.5 0.92517
124.6 0.925442
124.7 0.921996
124.8 0.923369
124.9 0.925073
125 0.922376
125.1 0.921815
125.2 0.924366
125.3 0.924528
125.4 0.922679
125.5 0.926746
125.6 0.924568
125.7 0.921618
125.8 0.9199
125.9 0.918
126 0.918301
126.1 0.915478
126.2 0.917643
126.3 0.91953
126.4 0.920705
126.5 0.920037
126.6 0.921317
126.7 0.922781
126.8 0.924186
126.9 0.925612
127 0.925244
127.1 0.923968
127.2 0.924073
127.3 0.925639
127.4 0.924418
127.5 0.926435
127.6 0.927521
127.7 0.926207
127.8 0.927053
127.9 0.925621
128 0.9244
128.1 0.922034
128.2 0.920784
128.3 0.920156
128.4 0.92165
128.5 0.922073
128.6 0.922276
128.7 0.92453
128.8 0.927297
128.9 0.927681
129 0.928095
129.1 0.92655
129.2 0.92453
129.3 0.923853
129.4 0.922104
129.5 0.923322
129.6 0.921833
129.7 0.920303
129.8 0.921626
129.9 0.920615
130 0.916108
130.1 0.917249
130.2 0.919736
130.3 0.913578
130.4 0.913693
130.5 0.912572
130.6 0.912914
130.7 0.912071
130.8 0.908904
130.9 0.912333
131 0.914478
131.1 0.917461
131.2 0.921291
131.3 0.922851
131.4 0.925018
131.5 0.92709
131.6 0.924771
131.7 0.923968
131.8 0.923389
131.9 0.921969
132 0.924428
132.1 0.92706
132.2 0.929411
132.3 0.927576
132.4 0.931013
132.5 0.931502
132.6 0.932251
132.7 0.932454
132.8 0.932267
132.9 0.93039
133 0.930896
133.1 0.933212
133.2 0.931923
133.3 0.933252
133.4 0.934041
133.5 0.929166
133.6 0.929419
133.7 0.933264
133.8 0.933311
133.9 0.93135
134 0.933456
134.1 0.932206
134.2 0.933144
134.3 0.931102
134.4 0.926147
134.5 0.927598
134.6 0.92896
134.7 0.927695
134.8 0.92881
134.9 0.927923
135 0.926773
135.1 0.927523
135.2 0.927586
135.3 0.926318
135.4 0.927995
135.5 0.927078
135.6 0.923145
135.7 0.923829
135.8 0.923586
135.9 0.9249
136 0.925825
136.1 0.926724
136.2 0.925335
136.3 0.922235
136.4 0.91915
136.5 0.919255
136.6 0.922151
136.7 0.922187
136.8 0.926756
136.9 0.927722
137 0.929305
137.1 0.928555
137.2 0.928058
137.3 0.930234
137.4 0.932842
137.5 0.933622
137.6 0.934354
137.7 0.931066
137.8 0.929849
137.9 0.928822
138 0.932895
138.1 0.93365
138.2 0.934396
138.3 0.935477
138.4 0.938067
138.5 0.939716
138.6 0.936819
138.7 0.939479
138.8 0.93914
138.9 0.938757
139 0.938172
139.1 0.940138
139.2 0.941292
139.3 0.942942
139.4 0.944607
139.5 0.942698
139.6 0.942375
139.7 0.939166
139.8 0.940045
139.9 0.937787
140 0.942068
140.1 0.94211
140.2 0.941087
140.3 0.939084
140.4 0.9419
140.5 0.936553
140.6 0.937023
140.7 0.938517
140.8 0.94024
140.9 0.941268
141 0.941964
141.1 0.940668
141.2 0.942575
141.3 0.93985
141.4 0.937559
141.5 0.938585
141.6 0.942789
141.7 0.939383
141.8 0.941037
141.9 0.942343
142 0.941787
142.1 0.943052
142.2 0.944148
142.3 0.945308
142.4 0.942536
142.5 0.940244
142.6 0.938485
142.7 0.938737
142.8 0.938001
142.9 0.937901
143 0.939269
143.1 0.940063
143.2 0.938874
143.3 0.940116
143.4 0.936981
143.5 0.936543
143.6 0.93599
143.7 0.933804
143.8 0.931149
143.9 0.932011
144 0.930747
144.1 0.931158
144.2 0.933917
144.3 0.935514
144.4 0.933228
144.5 0.932332
144.6 0.934034
144.7 0.934307
144.8 0.935467
144.9 0.936077
145 0.934008
145.1 0.931474
145.2 0.92783
145.3 0.925526
145.4 0.924819
145.5 0.927255
145.6 0.92856
145.7 0.928322
145.8 0.930059
145.9 0.928614
146 0.925105
146.1 0.924966
146.2 0.927338
146.3 0.929101
146.4 0.925723
146.5 0.926269
146.6 0.925719
146.7 0.928495
146.8 0.9297
146.9 0.929943
147 0.929119
147.1 0.929889
147.2 0.929694
147.3 0.930478
147.4 0.927302
147.5 0.92686
147.6 0.928486
147.7 0.929013
147.8 0.927403
147.9 0.928495
148 0.928641
148.1 0.929985
148.2 0.927768
148.3 0.927657
148.4 0.927371
148.5 0.9265
148.6 0.926647
148.7 0.926465
148.8 0.92622
148.9 0.923585
149 0.923231
149.1 0.923081
149.2 0.92331
149.3 0.922231
149.4 0.924506
149.5 0.923118
149.6 0.922494
149.7 0.922956
149.8 0.922302
149.9 0.922448
150 0.924575
150.1 0.927126
150.2 0.929126
150.3 0.932088
150.4 0.935758
150.5 0.936088
150.6 0.936126
150.7 0.9373
150.8 0.934997
150.9 0.931468
151 0.931368
151.1 0.930193
151.2 0.928472
151.3 0.930391
151.4 0.932841
151.5 0.931984
151.6 0.933118
151.7 0.932736
151.8 0.933951
151.9 0.931137
152 0.931483
152.1 0.933435
152.2 0.93333
152.3 0.932615
152.4 0.932485
152.5 0.934295
152.6 0.933007
152.7 0.935413
152.8 0.934224
152.9 0.934552
153 0.930162
153.1 0.927809
153.2 0.927623
153.3 0.930601
153.4 0.931847
153.5 0.930023
153.6 0.929639
153.7 0.928921
153.8 0.92929
153.9 0.929218
154 0.92957
154.1 0.928095
154.2 0.928669
154.3 0.927318
154.4 0.928375
154.5 0.928461
154.6 0.927179
154.7 0.930261
154.8 0.926372
154.9 0.927131
155 0.924749
155.1 0.923506
155.2 0.924043
155.3 0.922171
155.4 0.924944
155.5 0.9257
155.6 0.9269
155.7 0.926697
155.8 0.9219
155.9 0.922483
156 0.923414
156.1 0.922795
156.2 0.923282
156.3 0.923353
156.4 0.925
156.5 0.920945
156.6 0.922593
156.7 0.922364
156.8 0.921107
156.9 0.921606
157 0.922143
157.1 0.923473
157.2 0.921819
157.3 0.922096
157.4 0.919406
157.5 0.918445
157.6 0.916873
157.7 0.917242
157.8 0.917108
157.9 0.917815
158 0.918376
158.1 0.916868
158.2 0.919266
158.3 0.9178
158.4 0.916253
158.5 0.916319
158.6 0.9156
158.7 0.914528
158.8 0.912397
158.9 0.916015
159 0.919152
159.1 0.917652
159.2 0.919181
159.3 0.921262
159.4 0.923145
159.5 0.924684
159.6 0.921876
159.7 0.922014
159.8 0.923886
159.9 0.923966
160 0.922232
160.1 0.923137
160.2 0.925427
160.3 0.926978
160.4 0.927105
160.5 0.927243
160.6 0.927277
160.7 0.930477
160.8 0.929766
160.9 0.932871
161 0.932208
161.1 0.929345
161.2 0.927101
161.3 0.927984
161.4 0.927343
161.5 0.927824
161.6 0.930793
161.7 0.932894
161.8 0.933644
161.9 0.933538
162 0.933821
162.1 0.933104
162.2 0.931971
162.3 0.932363
162.4 0.932492
162.5 0.930268
162.6 0.926762
162.7 0.924882
162.8 0.922185
162.9 0.923914
163 0.923028
163.1 0.924458
163.2 0.922569
163.3 0.920168
163.4 0.917094
163.5 0.91866
163.6 0.918404
163.7 0.917803
163.8 0.917673
163.9 0.916094
164 0.915469
164.1 0.914616
164.2 0.914731
164.3 0.913097
164.4 0.913838
164.5 0.913043
164.6 0.915336
164.7 0.916679
164.8 0.914869
164.9 0.913871
165 0.917979
165.1 0.91943
165.2 0.91882
165.3 0.92113
165.4 0.92256
165.5 0.922552
165.6 0.922047
165.7 0.923232
165.8 0.922655
165.9 0.923067
166 0.919255
166.1 0.921852
166.2 0.921832
166.3 0.920719
166.4 0.922836
166.5 0.923641
166.6 0.924864
166.7 0.925031
166.8 0.924256
166.9 0.924706
167 0.925592
167.1 0.927959
167.2 0.924263
167.3 0.922512
167.4 0.923309
167.5 0.926274
167.6 0.926343
167.7 0.926758
167.8 0.923923
167.9 0.921158
168 0.920501
168.1 0.919562
168.2 0.917605
168.3 0.917405
168.4 0.917571
168.5 0.917596
168.6 0.919374
168.7 0.919513
168.8 0.920223
168.9 0.918827
169 0.919215
169.1 0.919318
169.2 0.919407
169.3 0.918295
169.4 0.91664
169.5 0.915341
169.6 0.912424
169.7 0.918194
169.8 0.920967
169.9 0.920175
170 0.92115
170.1 0.919805
170.2 0.920804
170.3 0.921356
170.4 0.921816
170.5 0.919124
170.6 0.91835
170.7 0.919282
170.8 0.92372
170.9 0.919331
171 0.922229
171.1 0.923578
171.2 0.923244
171.3 0.920446
171.4 0.920094
171.5 0.920298
171.6 0.91992
171.7 0.922694
171.8 0.922834
171.9 0.922588
172 0.919224
172.1 0.918209
172.2 0.914582
172.3 0.915009
172.4 0.915709
172.5 0.914239
172.6 0.914916
172.7 0.913882
172.8 0.91413
172.9 0.91266
173 0.909253
173.1 0.909125
173.2 0.911723
173.3 0.910855
173.4 0.912149
173.5 0.912005
173.6 0.916246
173.7 0.918383
173.8 0.917306
173.9 0.918622
174 0.920988
174.1 0.922768
174.2 0.924437
174.3 0.923274
174.4 0.923179
174.5 0.924676
174.6 0.92577
174.7 0.924235
174.8 0.921667
174.9 0.920741
175 0.921245
175.1 0.921087
175.2 0.919361
175.3 0.917648
175.4 0.916994
175.5 0.915571
175.6 0.917651
175.7 0.915088
175.8 0.915486
175.9 0.918427
176 0.917552
176.1 0.92183
176.2 0.921583
176.3 0.925103
176.4 0.92742
176.5 0.926285
176.6 0.928374
176.7 0.927043
176.8 0.929327
176.9 0.929012
177 0.927181
177.1 0.928821
177.2 0.925682
177.3 0.926853
177.4 0.927462
177.5 0.926949
177.6 0.926277
177.7 0.92755
177.8 0.928845
177.9 0.929569
178 0.928315
178.1 0.929663
178.2 0.927606
178.3 0.928413
178.4 0.925799
178.5 0.92466
178.6 0.921075
178.7 0.921129
178.8 0.923838
178.9 0.925956
179 0.928969
179.1 0.929536
179.2 0.928974
179.3 0.930088
179.4 0.929948
179.5 0.929749
179.6 0.929871
179.7 0.930514
179.8 0.931239
179.9 0.934341
180 0.931658
180.1 0.930466
180.2 0.93082
180.3 0.932564
180.4 0.936538
180.5 0.935453
180.6 0.933978
180.7 0.934118
180.8 0.935439
180.9 0.935296
181 0.933017
181.1 0.932217
181.2 0.930797
181.3 0.928586
181.4 0.928069
181.5 0.92343
181.6 0.921508
181.7 0.920427
181.8 0.918916
181.9 0.921613
182 0.919372
182.1 0.917499
182.2 0.91737
182.3 0.917213
182.4 0.91669
182.5 0.920725
182.6 0.92237
182.7 0.921655
182.8 0.921502
182.9 0.921013
183 0.921601
183.1 0.921683
183.2 0.924301
183.3 0.922886
183.4 0.92279
183.5 0.923171
183.6 0.922093
183.7 0.920195
183.8 0.92005
183.9 0.923955
184 0.923218
184.1 0.919608
184.2 0.918412
184.3 0.920855
184.4 0.924464
184.5 0.922174
184.6 0.922645
184.7 0.922022
184.8 0.922563
184.9 0.921251
185 0.92203
185.1 0.922783
185.2 0.923532
185.3 0.924354
185.4 0.926947
185.5 0.931507
185.6 0.931012
185.7 0.928596
185.8 0.925493
185.9 0.924301
186 0.925149
186.1 0.927732
186.2 0.928678
186.3 0.928962
186.4 0.928644
186.5 0.928739
186.6 0.929506
186.7 0.929248
186.8 0.928239
186.9 0.929219
187 0.925685
187.1 0.927567
187.2 0.928601
187.3 0.929968
187.4 0.930318
187.5 0.927518
187.6 0.929271
187.7 0.928164
187.8 0.927939
187.9 0.9313
188 0.930634
188.1 0.928253
188.2 0.928079
188.3 0.925243
188.4 0.923208
188.5 0.921502
188.6 0.920333
188.7 0.918924
188.8 0.92022
188.9 0.923217
189 0.921004
189.1 0.920623
189.2 0.921727
189.3 0.921989
189.4 0.923007
189.5 0.925265
189.6 0.922853
189.7 0.922594
189.8 0.922807
189.9 0.921122
190 0.923467
190.1 0.923767
190.2 0.926471
190.3 0.928203
190.4 0.928207
190.5 0.927127
190.6 0.926949
190.7 0.925948
190.8 0.929083
190.9 0.928481
191 0.928436
191.1 0.925883
191.2 0.922749
191.3 0.922283
191.4 0.922444
191.5 0.922975
191.6 0.925772
191.7 0.923452
191.8 0.922102
191.9 0.923005
192 0.921297
192.1 0.921786
192.2 0.919432
192.3 0.922232
192.4 0.923467
192.5 0.923347
192.6 0.923735
192.7 0.921743
192.8 0.921184
192.9 0.920417
193 0.923586
193.1 0.925972
193.2 0.923615
193.3 0.922796
193.4 0.921907
193.5 0.920312
193.6 0.919333
193.7 0.921929
193.8 0.922044
193.9 0.92529
194 0.921515
194.1 0.922041
194.2 0.92246
194.3 0.922042
194.4 0.92292
194.5 0.922629
194.6 0.919583
194.7 0.918547
194.8 0.918212
194.9 0.91769
195 0.916699
195.1 0.916303
195.2 0.918099
195.3 0.921638
195.4 0.918238
195.5 0.917804
195.6 0.91764
195.7 0.914894
195.8 0.914783
195.9 0.916545
196 0.916571
196.1 0.916874
196.2 0.916373
196.3 0.915058
196.4 0.91152
196.5 0.913791
196.6 0.915712
196.7 0.917089
196.8 0.918347
196.9 0.918865
197 0.918255
197.1 0.91863
197.2 0.919417
197.3 0.917788
197.4 0.916348
197.5 0.917266
197.6 0.913156
197.7 0.910069
197.8 0.911524
197.9 0.913294
198 0.912024
198.1 0.914458
198.2 0.913763
198.3 0.913364
198.4 0.91633
198.5 0.914409
198.6 0.915076
198.7 0.91476
198.8 0.916722
198.9 0.91391
199 0.913268
199.1 0.910328
199.2 0.909409
199.3 0.910155
199.4 0.910317
199.5 0.908947
199.6 0.910224
199.7 0.908786
199.8 0.912643
199.9 0.911909
200 0.911746
200.1 0.909326
200.2 0.909446
200.3 0.909026
200.4 0.907348
200.5 0.910038
200.6 0.908788
200.7 0.906124
200.8 0.91003
200.9 0.910998
201 0.912181
201.1 0.911343
201.2 0.91031
201.3 0.909471
201.4 0.914399
201.5 0.914451
201.6 0.917532
201.7 0.916663
201.8 0.915818
201.9 0.916272
202 0.916423
202.1 0.917996
202.2 0.916642
202.3 0.920717
202.4 0.923106
202.5 0.925747
202.6 0.925785
202.7 0.925045
202.8 0.925256
202.9 0.926826
203 0.928285
203.1 0.927279
203.2 0.928811
203.3 0.927955
203.4 0.926373
203.5 0.928508
203.6 0.928696
203.7 0.929515
203.8 0.928766
203.9 0.929586
204 0.931079
204.1 0.932167
204.2 0.930807
204.3 0.932009
204.4 0.931814
204.5 0.932322
204.6 0.932151
204.7 0.934137
204.8 0.932074
204.9 0.935169
205 0.936922
205.1 0.936632
205.2 0.935365
205.3 0.93432
205.4 0.937259
205.5 0.934862
205.6 0.935077
205.7 0.938405
205.8 0.938434
205.9 0.938494
206 0.937751
206.1 0.937696
206.2 0.935405
206.3 0.938972
206.4 0.940455
206.5 0.940085
206.6 0.940737
206.7 0.939187
206.8 0.938851
206.9 0.939443
207 0.941748
207.1 0.942669
207.2 0.942488
207.3 0.944103
207.4 0.943974
207.5 0.946156
207.6 0.947648
207.7 0.947263
207.8 0.94886
207.9 0.950381
208 0.949864
208.1 0.948702
208.2 0.948281
208.3 0.94632
208.4 0.946653
208.5 0.945582
208.6 0.943093
208.7 0.944692
208.8 0.944691
208.9 0.94811
209 0.950248
209.1 0.94854
209.2 0.948775
209.3 0.949698
209.4 0.949198
209.5 0.949294
209.6 0.950292
209.7 0.9502
209.8 0.950224
209.9 0.948756
210 0.946195
210.1 0.945833
210.2 0.945895
210.3 0.943126
210.4 0.942565
210.5 0.944815
210.6 0.946911
210.7 0.94655
210.8 0.947583
210.9 0.947194
211 0.946185
211.1 0.944773
211.2 0.94522
211.3 0.94635
211.4 0.943253
211.5 0.94098
211.6 0.94053
211.7 0.940934
211.8 0.941853
211.9 0.943637
212 0.942116
212.1 0.938321
212.2 0.938169
212.3 0.938916
212.4 0.941119
212.5 0.940734
212.6 0.940079
212.7 0.941549
212.8 0.941611
212.9 0.941124
213 0.943584
213.1 0.945461
213.2 0.949401
213.3 0.946821
213.4 0.947814
213.5 0.947346
213.6 0.946281
213.7 0.944342
213.8 0.945148
213.9 0.944626
214 0.941122
214.1 0.939032
214.2 0.937495
214.3 0.93862
214.4 0.940179
214.5 0.938771
214.6 0.937754
214.7 0.93978
214.8 0.940073
214.9 0.939618
215 0.939879
215.1 0.942613
215.2 0.945355
215.3 0.942415
215.4 0.945229
215.5 0.944616
215.6 0.944421
215.7 0.942149
215.8 0.945544
215.9 0.946214
216 0.94061
216.1 0.936793
216.2 0.935402
216.3 0.935674
216.4 0.931067
216.5 0.92927
216.6 0.928878
216.7 0.931285
216.8 0.927695
216.9 0.930585
217 0.9295
217.1 0.932623
217.2 0.932205
217.3 0.930629
217.4 0.93295
217.5 0.932182
217.6 0.93428
217.7 0.934637
217.8 0.933442
217.9 0.935368
218 0.936556
218.1 0.936678
218.2 0.936829
218.3 0.940167
218.4 0.941548
218.5 0.940957
218.6 0.942508
218.7 0.94598
218.8 0.943882
218.9 0.946213
219 0.948252
219.1 0.945927
219.2 0.946331
219.3 0.947753
219.4 0.94686
219.5 0.947086
219.6 0.943841
219.7 0.944193
219.8 0.942164
219.9 0.94444
220 0.942874
220.1 0.943493
220.2 0.946448
220.3 0.947279
220.4 0.945574
220.5 0.945529
220.6 0.943982
220.7 0.942635
220.8 0.940074
220.9 0.939854
221 0.941019
221.1 0.940017
221.2 0.939015
221.3 0.940505
221.4 0.937813
221.5 0.933178
221.6 0.933638
221.7 0.936178
221.8 0.937355
221.9 0.937286
222 0.936338
222.1 0.938289
222.2 0.938171
222.3 0.939987
222.4 0.938508
222.5 0.936241
222.6 0.936236
222.7 0.934331
222.8 0.933505
222.9 0.933097
223 0.93661
223.1 0.937128
223.2 0.936167
223.3 0.93577
223.4 0.934968
223.5 0.93617
223.6 0.935153
223.7 0.934667
223.8 0.934361
223.9 0.933497
224 0.931763
224.1 0.931983
224.2 0.932293
224.3 0.933512
224.4 0.935908
224.5 0.939321
224.6 0.939446
224.7 0.939533
224.8 0.939408
224.9 0.940405
225 0.937703
225.1 0.936322
225.2 0.935577
225.3 0.933641
225.4 0.931059
225.5 0.929796
225.6 0.931503
225.7 0.929353
225.8 0.927874
225.9 0.929156
226 0.929184
226.1 0.926455
226.2 0.926975
226.3 0.926478
226.4 0.925167
226.5 0.924765
226.6 0.926587
226.7 0.925262
226.8 0.925668
226.9 0.92541
227 0.92453
227.1 0.926781
227.2 0.926598
227.3 0.925918
227.4 0.927247
227.5 0.927446
227.6 0.925655
227.7 0.928583
227.8 0.926008
227.9 0.92629
228 0.926443
228.1 0.923668
228.2 0.926724
228.3 0.927312
228.4 0.924889
228.5 0.924886
228.6 0.922362
228.7 0.921832
228.8 0.920096
228.9 0.92174
229 0.922795
229.1 0.922421
229.2 0.923925
229.3 0.927443
229.4 0.927339
229.5 0.926678
229.6 0.924385
229.7 0.928709
229.8 0.927517
229.9 0.925901
230 0.926076
230.1 0.926164
230.2 0.925839
230.3 0.926851
230.4 0.929463
230.5 0.928532
230.6 0.929732
230.7 0.933014
230.8 0.935241
230.9 0.935162
231 0.933615
231.1 0.932352
231.2 0.932652
231.3 0.933832
231.4 0.934318
231.5 0.931256
231.6 0.932682
231.7 0.934179
231.8 0.934729
231.9 0.935179
232 0.937749
232.1 0.93833
232.2 0.940651
232.3 0.940107
232.4 0.940128
232.5 0.942997
232.6 0.939035
232.7 0.939292
232.8 0.938703
232.9 0.938958
233 0.939901
233.1 0.936546
233.2 0.939624
233.3 0.941421
233.4 0.941717
233.5 0.942613
233.6 0.942483
233.7 0.942928
233.8 0.944058
233.9 0.944906
234 0.946268
234.1 0.946755
234.2 0.946972
234.3 0.947169
234.4 0.950331
234.5 0.950098
234.6 0.950046
234.7 0.952311
234.8 0.953465
234.9 0.952222
235 0.954725
235.1 0.955023
235.2 0.954621
235.3 0.954604
235.4 0.953352
235.5 0.953951
235.6 0.954196
235.7 0.950723
235.8 0.951019
235.9 0.952316
236 0.951989
236.1 0.951988
236.2 0.951188
236.3 0.953399
236.4 0.953598
236.5 0.953679
236.6 0.953603
236.7 0.951785
236.8 0.951204
236.9 0.953455
237 0.953851
237.1 0.953381
237.2 0.951716
237.3 0.949417
237.4 0.948349
237.5 0.948681
237.6 0.948713
237.7 0.948502
237.8 0.946413
237.9 0.945129
238 0.945563
238.1 0.944143
238.2 0.944557
238.3 0.943591
238.4 0.942264
238.5 0.943774
238.6 0.948165
238.7 0.950354
238.8 0.95067
238.9 0.950208
239 0.949704
239.1 0.946475
239.2 0.946876
239.3 0.944528
239.4 0.944878
239.5 0.947608
239.6 0.946246
239.7 0.944307
239.8 0.943576
239.9 0.943888
240 0.940628
240.1 0.941635
240.2 0.936461
240.3 0.940391
240.4 0.939234
240.5 0.940827
240.6 0.941567
240.7 0.93767
240.8 0.936359
240.9 0.931998
241 0.932962
241.1 0.932079
241.2 0.932024
241.3 0.931377
241.4 0.929927
241.5 0.930243
241.6 0.930637
241.7 0.928158
241.8 0.925012
241.9 0.923626
242 0.926498
242.1 0.92799
242.2 0.929216
242.3 0.928214
242.4 0.926569
242.5 0.924543
242.6 0.926344
242.7 0.92377
242.8 0.924349
242.9 0.925261
243 0.92379
243.1 0.925628
243.2 0.927966
243.3 0.926485
243.4 0.926595
243.5 0.925001
243.6 0.922763
243.7 0.922988
243.8 0.925615
243.9 0.926434
244 0.925668
244.1 0.927753
244.2 0.928218
244.3 0.929387
244.4 0.927118
244.5 0.929343
244.6 0.930967
244.7 0.932016
244.8 0.932546
244.9 0.931584
245 0.932397
245.1 0.933837
245.2 0.932533
245.3 0.93235
245.4 0.933261
245.5 0.932139
245.6 0.932208
245.7 0.93293
245.8 0.931596
245.9 0.930546
246 0.930899
246.1 0.931598
246.2 0.931633
246.3 0.933643
246.4 0.935383
246.5 0.938175
246.6 0.938433
246.7 0.939894
246.8 0.938618
246.9 0.939669
247 0.938207
247.1 0.940235
247.2 0.940641
247.3 0.940999
247.4 0.942266
247.5 0.942597
247.6 0.943707
247.7 0.945511
247.8 0.94233
247.9 0.941264
248 0.943197
248.1 0.942893
248.2 0.944158
248.3 0.943321
248.4 0.943778
248.5 0.943634
248.6 0.942466
248.7 0.94345
248.8 0.942235
248.9 0.939484
249 0.940725
249.1 0.940548
249.2 0.939025
249.3 0.940537
249.4 0.940605
249.5 0.94101
249.6 0.942051
249.7 0.942636
249.8 0.940515
249.9 0.938965
250 0.941327
250.1 0.942205
250.2 0.939801
250.3 0.939191
250.4 0.939465
250.5 0.939533
250.6 0.941618
250.7 0.937751
250.8 0.936627
250.9 0.934108
251 0.933563
251.1 0.931215
251.2 0.932859
251.3 0.932646
251.4 0.93378
251.5 0.934389
251.6 0.933216
251.7 0.934289
251.8 0.932208
251.9 0.928491
252 0.929982
252.1 0.931203
252.2 0.928511
252.3 0.92713
252.4 0.928161
252.5 0.929232
252.6 0.929602
252.7 0.928546
252.8 0.930313
252.9 0.932087
253 0.93552
253.1 0.937305
253.2 0.938556
253.3 0.940642
253.4 0.94033
253.5 0.937581
253.6 0.934528
253.7 0.936034
253.8 0.933866
253.9 0.934437
254 0.937042
254.1 0.936065
254.2 0.934121
254.3 0.936213
254.4 0.935178
254.5 0.93565
254.6 0.937727
254.7 0.941355
254.8 0.941419
254.9 0.936759
255 0.937742
255.1 0.938629
255.2 0.939541
255.3 0.93943
255.4 0.940074
255.5 0.940892
255.6 0.940056
255.7 0.941186
255.8 0.941187
255.9 0.942305
256 0.941262
256.1 0.943252
256.2 0.94389
256.3 0.941958
256.4 0.945895
256.5 0.94846
256.6 0.949963
256.7 0.949584
256.8 0.950824
256.9 0.952982
257 0.949609
257.1 0.949491
257.2 0.950076
257.3 0.952313
257.4 0.952991
257.5 0.950746
257.6 0.951129
257.7 0.951374
257.8 0.951612
257.9 0.949636
258 0.948891
258.1 0.949274
258.2 0.946239
258.3 0.945863
258.4 0.945476
258.5 0.941667
258.6 0.941458
258.7 0.940842
258.8 0.943085
258.9 0.94293
259 0.941643
259.1 0.940879
259.2 0.939531
259.3 0.940785
259.4 0.941585
259.5 0.942885
259.6 0.943456
259.7 0.946042
259.8 0.94307
259.9 0.941965
260 0.942683
260.1 0.943831
260.2 0.94349
260.3 0.941305
260.4 0.940661
260.5 0.941481
260.6 0.941523
260.7 0.941799
260.8 0.941814
260.9 0.943003
261 0.943124
261.1 0.941431
261.2 0.940907
261.3 0.942221
261.4 0.942805
261.5 0.940366
261.6 0.938559
261.7 0.937576
261.8 0.937131
261.9 0.934619
262 0.933165
262.1 0.937842
262.2 0.939714
262.3 0.943336
262.4 0.943896
262.5 0.944917
262.6 0.945165
262.7 0.941898
262.8 0.938863
262.9 0.938062
263 0.937033
263.1 0.935291
263.2 0.935029
263.3 0.935103
263.4 0.93489
263.5 0.935256
263.6 0.93652
263.7 0.936035
263.8 0.936473
263.9 0.937041
264 0.937441
264.1 0.937169
264.2 0.938454
264.3 0.937974
264.4 0.935159
264.5 0.933883
264.6 0.929186
264.7 0.927272
264.8 0.927234
264.9 0.925317
265 0.924627
265.1 0.92436
265.2 0.921992
265.3 0.921186
265.4 0.923357
265.5 0.927138
265.6 0.923529
265.7 0.924543
265.8 0.924352
265.9 0.927608
266 0.926967
266.1 0.925292
266.2 0.926484
266.3 0.930922
266.4 0.932572
266.5 0.935829
266.6 0.934517
266.7 0.934888
266.8 0.935689
266.9 0.933736
267 0.932686
267.1 0.933148
267.2 0.93043
267.3 0.931033
267.4 0.935452
267.5 0.935043
267.6 0.936991
267.7 0.936718
267.8 0.93734
267.9 0.937152
268 0.937287
268.1 0.935049
268.2 0.935833
268.3 0.935838
268.4 0.934245
268.5 0.933532
268.6 0.933072
268.7 0.933314
268.8 0.935847
268.9 0.930007
269 0.930312
269.1 0.929414
269.2 0.928747
269.3 0.92898
269.4 0.92746
269.5 0.926704
269.6 0.924586
269.7 0.925322
269.8 0.927759
269.9 0.927644
270 0.92671
270.1 0.928449
270.2 0.927682
270.3 0.92717
270.4 0.925869
270.5 0.926274
270.6 0.927687
270.7 0.926811
270.8 0.929035
270.9 0.926201
271 0.923999
271.1 0.922104
271.2 0.922038
271.3 0.918027
271.4 0.919994
271.5 0.92307
271.6 0.924087
271.7 0.924257
271.8 0.920498
271.9 0.918874
272 0.919621
272.1 0.91698
272.2 0.91383
272.3 0.916329
272.4 0.911913
272.5 0.910438
272.6 0.91184
272.7 0.912871
272.8 0.913156
272.9 0.913061
273 0.913557
273.1 0.911818
273.2 0.910952
273.3 0.908304
273.4 0.910087
273.5 0.912682
273.6 0.914824
273.7 0.915249
273.8 0.914204
273.9 0.914058
274 0.91288
274.1 0.913476
274.2 0.91464
274.3 0.913973
274.4 0.912661
274.5 0.913161
274.6 0.913248
274.7 0.912699
274.8 0.908727
274.9 0.910818
275 0.910093
275.1 0.911475
275.2 0.913409
275.3 0.913881
275.4 0.91573
275.5 0.910341
275.6 0.906263
275.7 0.90732
275.8 0.906475
275.9 0.905168
276 0.904948
276.1 0.906345
276.2 0.906529
276.3 0.907563
276.4 0.908844
276.5 0.905638
276.6 0.906825
276.7 0.907325
276.8 0.904469
276.9 0.90406
277 0.906633
277.1 0.908197
277.2 0.907834
277.3 0.909274
277.4 0.910617
277.5 0.90827
277.6 0.910226
277.7 0.914237
277.8 0.915569
277.9 0.915735
278 0.916866
278.1 0.916244
278.2 0.916612
278.3 0.918448
278.4 0.921429
278.5 0.925003
278.6 0.925372
278.7 0.924588
278.8 0.924925
278.9 0.924778
279 0.922548
279.1 0.922809
279.2 0.921706
279.3 0.923577
279.4 0.924111
279.5 0.920384
279.6 0.92
279.7 0.918663
279.8 0.918352
279.9 0.918288
280 0.91877
280.1 0.920083
280.2 0.91832
280.3 0.915992
280.4 0.913754
280.5 0.913203
280.6 0.913048
280.7 0.91232
280.8 0.9106
280.9 0.912277
281 0.916086
281.1 0.916068
281.2 0.917741
281.3 0.922163
281.4 0.929086
281.5 0.931614
281.6 0.932623
281.7 0.935857
281.8 0.935077
281.9 0.935521
282 0.933694
282.1 0.934823
282.2 0.936804
282.3 0.933707
282.4 0.931562
282.5 0.932428
282.6 0.931538
282.7 0.92755
282.8 0.927935
282.9 0.929875
283 0.929571
283.1 0.930962
283.2 0.930061
283.3 0.931663
283.4 0.934303
283.5 0.933658
283.6 0.936709
283.7 0.935586
283.8 0.936824
283.9 0.940694
284 0.942746
284.1 0.948205
284.2 0.948953
284.3 0.949812
284.4 0.949437
284.5 0.95008
284.6 0.948683
284.7 0.945657
284.8 0.947179
284.9 0.948553
285 0.951205
285.1 0.950887
285.2 0.955616
285.3 0.957057
285.4 0.957213
285.5 0.9575
285.6 0.95819
285.7 0.960176
285.8 0.961508
285.9 0.960568
286 0.958178
286.1 0.960649
286.2 0.959547
286.3 0.957787
286.4 0.957097
286.5 0.957391
286.6 0.957968
286.7 0.954726
286.8 0.955247
286.9 0.954417
287 0.956604
287.1 0.954012
287.2 0.955042
287.3 0.955059
287.4 0.953248
287.5 0.951014
287.6 0.94964
287.7 0.949949
287.8 0.950543
287.9 0.952006
288 0.950561
288.1 0.951239
288.2 0.951353
288.3 0.95036
288.4 0.949297
288.5 0.952143
288.6 0.953076
288.7 0.952061
288.8 0.951875
288.9 0.951637
289 0.947787
289.1 0.945685
289.2 0.947642
289.3 0.944426
289.4 0.940624
289.5 0.942608
289.6 0.940714
289.7 0.94022
289.8 0.943503
289.9 0.945083
290 0.943597
290.1 0.945638
290.2 0.946443
290.3 0.944678
290.4 0.942686
290.5 0.942181
290.6 0.94205
290.7 0.940187
290.8 0.943105
290.9 0.945863
291 0.943694
291.1 0.941225
291.2 0.94285
291.3 0.940647
291.4 0.938469
291.5 0.940202
291.6 0.938254
291.7 0.937442
291.8 0.938071
291.9 0.939302
292 0.937719
292.1 0.934934
292.2 0.935815
292.3 0.934867
292.4 0.936964
292.5 0.938879
292.6 0.937984
292.7 0.938566
292.8 0.937698
292.9 0.938028
293 0.938647
293.1 0.935455
293.2 0.93374
293.3 0.931139
293.4 0.930955
293.5 0.928939
293.6 0.927151
293.7 0.927586
293.8 0.928802
293.9 0.928772
294 0.929166
294.1 0.929201
294.2 0.930875
294.3 0.930546
294.4 0.930838
294.5 0.933091
294.6 0.933752
294.7 0.93413
294.8 0.937435
294.9 0.938394
295 0.939595
295.1 0.940225
295.2 0.940334
295.3 0.938982
295.4 0.9417
295.5 0.94088
295.6 0.939511
295.7 0.939146
295.8 0.938117
295.9 0.936684
296 0.936196
296.1 0.937656
296.2 0.934616
296.3 0.93186
296.4 0.932748
296.5 0.932804
296.6 0.931649
296.7 0.932612
296.8 0.933013
296.9 0.932113
297 0.937092
297.1 0.935042
297.2 0.933191
297.3 0.935476
297.4 0.936019
297.5 0.937363
297.6 0.936915
297.7 0.938464
297.8 0.937957
297.9 0.93558
298 0.934648
298.1 0.934824
298.2 0.934099
298.3 0.934177
298.4 0.933689
298.5 0.934887
298.6 0.935087
298.7 0.935968
298.8 0.935729
298.9 0.933202
299 0.93413
299.1 0.934419
299.2 0.934783
299.3 0.93438
299.4 0.93472
299.5 0.936395
299.6 0.934868
299.7 0.934393
299.8 0.934893
299.9 0.933156
