0 0.00528388
0.1 0.0219111
0.2 0.0258197
0.3 0.0437135
0.4 0.0364066
0.5 0.0533976
0.6 0.0659202
0.7 0.0624869
0.8 0.0807784
0.9 0.0931872
1 0.099562
1.1 0.107281
1.2 0.109939
1.3 0.09471
1.4 0.107356
1.5 0.0939672
1.6 0.0967968
1.7 0.0991845
1.8 0.107653
1.9 0.120434
2 0.120351
2.1 0.120174
2.2 0.10082
2.3 0.0844813
2.4 0.0949801
2.5 0.0929047
2.6 0.10862
2.7 0.123502
2.8 0.140244
2.9 0.156728
3 0.166999
3.1 0.175307
3.2 0.161468
3.3 0.176486
3.4 0.193737
3.5 0.199976
3.6 0.213721
3.7 0.203438
3.8 0.205774
3.9 0.203791
4 0.226528
4.1 0.221205
4.2 0.230926
4.3 0.229824
4.4 0.248224
4.5 0.27138
4.6 0.292113
4.7 0.29983
4.8 0.315986
4.9 0.335694
5 0.331173
5.1 0.319708
5.2 0.333719
5.3 0.353146
5.4 0.350654
5.5 0.372647
5.6 0.386187
5.7 0.406343
5.8 0.399744
5.9 0.419398
6 0.439528
6.1 0.429294
6.2 0.454971
6.3 0.475189
6.4 0.490098
6.5 0.493538
6.6 0.502995
6.7 0.523394
6.8 0.530719
6.9 0.526433
7 0.526668
7.1 0.547382
7.2 0.567247
7.3 0.566262
7.4 0.590318
7.5 0.610209
7.6 0.627629
7.7 0.64645
7.8 0.651366
7.9 0.669232
8 0.684979
8.1 0.702938
8.2 0.717125
8.3 0.730967
8.4 0.746719
8.5 0.760997
8.6 0.771651
8.7 0.782255
8.8 0.794199
8.9 0.804957
9 0.816939
9.1 0.826914
9.2 0.832181
9.3 0.83822
9.4 0.842365
9.5 0.848407
9.6 0.853489
9.7 0.858206
9.8 0.863114
9.9 0.86625
10 0.871446
10.1 0.875001
10.2 0.880778
10.3 0.88566
10.4 0.889811
10.5 0.892347
10.6 0.893598
10.7 0.897378
10.8 0.900818
10.9 0.905106
11 0.908216
11.1 0.912293
11.2 0.914815
11.3 0.916389
11.4 0.917492
11.5 0.918956
11.6 0.920927
11.7 0.920939
11.8 0.922431
11.9 0.922529
12 0.923221
12.1 0.926289
12.2 0.927053
12.3 0.925917
12.4 0.927245
12.5 0.928073
12.6 0.930792
12.7 0.931943
12.8 0.93291
12.9 0.934859
13 0.932977
13.1 0.93344
13.2 0.933297
13.3 0.9334
13.4 0.927399
13.5 0.928113
13.6 0.929393
13.7 0.929946
13.8 0.932323
13.9 0.934259
14 0.932924
14.1 0.932949
14.2 0.932499
14.3 0.933308
14.4 0.93632
14.5 0.938933
14.6 0.938066
14.7 0.939657
14.8 0.941184
14.9 0.939287
15 0.936877
15.1 0.940206
15.2 0.939626
15.3 0.938465
15.4 0.935623
15.5 0.936643
15.6 0.935987
15.7 0.93502
15.8 0.935437
15.9 0.935033
16 0.937032
16.1 0.936479
16.2 0.936966
16.3 0.938871
16.4 0.938427
16.5 0.937744
16.6 0.936902
16.7 0.936911
16.8 0.934003
16.9 0.934602
17 0.931928
17.1 0.930395
17.2 0.932228
17.3 0.930844
17.4 0.932036
17.5 0.933079
17.6 0.936078
17.7 0.937744
17.8 0.936794
17.9 0.935383
18 0.934087
18.1 0.935717
18.2 0.933567
18.3 0.934469
18.4 0.934128
18.5 0.935074
18.6 0.934089
18.7 0.933553
18.8 0.93472
18.9 0.933015
19 0.935497
19.1 0.937007
19.2 0.936206
19.3 0.937569
19.4 0.936113
19.5 0.936515
19.6 0.934224
19.7 0.933027
19.8 0.933544
19.9 0.93444
20 0.935269
20.1 0.935006
20.2 0.934003
20.3 0.935118
20.4 0.936571
20.5 0.935962
20.6 0.933647
20.7 0.934156
20.8 0.933727
20.9 0.934008
21 0.934301
21.1 0.934646
21.2 0.931322
21.3 0.934212
21.4 0.931949
21.5 0.931112
21.6 0.933956
21.7 0.936787
21.8 0.93743
21.9 0.937098
22 0.934803
22.1 0.936227
22.2 0.936694
22.3 0.93714
22.4 0.937862
22.5 0.937827
22.6 0.937195
22.7 0.931438
22.8 0.929399
22.9 0.931495
23 0.933024
23.1 0.934564
23.2 0.933427
23.3 0.934015
23.4 0.933517
23.5 0.935785
23.6 0.936522
23.7 0.938738
23.8 0.936665
23.9 0.935897
24 0.938382
24.1 0.934227
24.2 0.936553
24.3 0.938862
24.4 0.937844
24.5 0.939841
24.6 0.939242
24.7 0.938224
24.8 0.937314
24.9 0.936596
25 0.937753
25.1 0.937978
25.2 0.936853
25.3 0.936764
25.4 0.937556
25.5 0.936938
25.6 0.937464
25.7 0.937447
25.8 0.937958
25.9 0.937027
26 0.937718
26.1 0.936634
26.2 0.93764
26.3 0.935429
26.4 0.93599
26.5 0.93441
26.6 0.935427
26.7 0.935683
26.8 0.935883
26.9 0.937226
27 0.937623
27.1 0.936598
27.2 0.935078
27.3 0.936568
27.4 0.934959
27.5 0.935591
27.6 0.937375
27.7 0.938695
27.8 0.938294
27.9 0.938808
28 0.93842
28.1 0.937287
28.2 0.935938
28.3 0.932974
28.4 0.93391
28.5 0.934977
28.6 0.933739
28.7 0.934779
28.8 0.935277
28.9 0.937155
29 0.936028
29.1 0.935338
29.2 0.936947
29.3 0.938244
29.4 0.93792
29.5 0.937479
29.6 0.938563
29.7 0.937581
29.8 0.93446
29.9 0.936576
30 0.93503
30.1 0.935037
30.2 0.934838
30.3 0.934801
30.4 0.935615
30.5 0.938444
30.6 0.93473
30.7 0.937502
30.8 0.938459
30.9 0.938573
31 0.937366
31.1 0.939755
31.2 0.933878
31.3 0.931142
31.4 0.931888
31.5 0.93274
31.6 0.933877
31.7 0.935133
31.8 0.93504
31.9 0.935118
32 0.936541
32.1 0.935542
32.2 0.936882
32.3 0.938798
32.4 0.937763
32.5 0.936272
32.6 0.936712
32.7 0.936699
32.8 0.934739
32.9 0.935369
33 0.936838
33.1 0.936832
33.2 0.936154
33.3 0.936889
33.4 0.937156
33.5 0.935049
33.6 0.934745
33.7 0.934106
33.8 0.934896
33.9 0.936541
34 0.935307
34.1 0.936534
34.2 0.936277
34.3 0.938661
34.4 0.938515
34.5 0.936661
34.6 0.936165
34.7 0.935749
34.8 0.937179
34.9 0.936654
35 0.936442
35.1 0.937094
35.2 0.936672
35.3 0.937369
35.4 0.938695
35.5 0.937181
35.6 0.93818
35.7 0.937314
35.8 0.937405
35.9 0.937382
36 0.937376
36.1 0.93646
36.2 0.93656
36.3 0.936472
36.4 0.937515
36.5 0.937241
36.6 0.939172
36.7 0.940151
36.8 0.941395
36.9 0.941354
37 0.944244
37.1 0.944642
37.2 0.942017
37.3 0.942201
37.4 0.942696
37.5 0.943837
37.6 0.941327
37.7 0.941314
37.8 0.940135
37.9 0.93796
38 0.935225
38.1 0.936109
38.2 0.936375
38.3 0.936889
38.4 0.937828
38.5 0.938821
38.6 0.937795
38.7 0.93635
38.8 0.937859
38.9 0.938602
39 0.939296
39.1 0.938164
39.2 0.938762
39.3 0.93932
39.4 0.940397
39.5 0.939366
39.6 0.939338
39.7 0.940354
39.8 0.941393
39.9 0.942846
40 0.94193
40.1 0.938268
40.2 0.939353
40.3 0.940518
40.4 0.939819
40.5 0.940883
40.6 0.94004
40.7 0.940171
40.8 0.940258
40.9 0.941085
41 0.939392
41.1 0.937688
41.2 0.940307
41.3 0.938065
41.4 0.932615
41.5 0.933982
41.6 0.93473
41.7 0.934748
41.8 0.937619
41.9 0.939031
42 0.939811
42.1 0.938985
42.2 0.937107
42.3 0.937778
42.4 0.93501
42.5 0.934175
42.6 0.932329
42.7 0.929175
42.8 0.931514
42.9 0.932976
43 0.935066
43.1 0.935543
43.2 0.935966
43.3 0.93345
43.4 0.93343
43.5 0.933708
43.6 0.934896
43.7 0.936368
43.8 0.93546
43.9 0.935261
44 0.933892
44.1 0.933214
44.2 0.934121
44.3 0.934049
44.4 0.934138
44.5 0.934933
44.6 0.933514
44.7 0.935353
44.8 0.933823
44.9 0.935867
45 0.936608
45.1 0.935748
45.2 0.935069
45.3 0.935522
45.4 0.935402
45.5 0.937189
45.6 0.937866
45.7 0.938335
45.8 0.936507
45.9 0.935712
46 0.937039
46.1 0.938675
46.2 0.936942
46.3 0.933667
46.4 0.937491
46.5 0.935048
46.6 0.936671
46.7 0.9362
46.8 0.933677
46.9 0.931827
47 0.931332
47.1 0.932585
47.2 0.934936
47.3 0.934722
47.4 0.935236
47.5 0.936457
47.6 0.936049
47.7 0.937982
47.8 0.938538
47.9 0.939908
48 0.939221
48.1 0.938003
48.2 0.938777
48.3 0.937778
48.4 0.934618
48.5 0.936491
48.6 0.938465
48.7 0.937619
48.8 0.937924
48.9 0.936446
49 0.938805
49.1 0.938788
49.2 0.939529
49.3 0.940813
49.4 0.941337
49.5 0.940828
49.6 0.939963
49.7 0.940179
49.8 0.94093
49.9 0.942186
50 0.942096
50.1 0.940467
50.2 0.941849
50.3 0.940659
50.4 0.940301
50.5 0.937577
50.6 0.936904
50.7 0.939177
50.8 0.939357
50.9 0.937668
51 0.936049
51.1 0.937741
51.2 0.937561
51.3 0.938674
51.4 0.939053
51.5 0.937642
51.6 0.938317
51.7 0.938651
51.8 0.937913
51.9 0.93811
52 0.938011
52.1 0.938062
52.2 0.93762
52.3 0.937638
52.4 0.936697
52.5 0.936142
52.6 0.934953
52.7 0.935665
52.8 0.936722
52.9 0.939752
53 0.939647
53.1 0.938431
53.2 0.938877
53.3 0.940907
53.4 0.941907
53.5 0.940393
53.6 0.940416
53.7 0.93997
53.8 0.937567
53.9 0.937132
54 0.936938
54.1 0.936515
54.2 0.937822
54.3 0.93694
54.4 0.936884
54.5 0.939459
54.6 0.940263
54.7 0.940295
54.8 0.939742
54.9 0.940325
55 0.941896
55.1 0.94167
55.2 0.943068
55.3 0.940985
55.4 0.940646
55.5 0.940383
55.6 0.941563
55.7 0.942881
55.8 0.942825
55.9 0.94249
56 0.94389
56.1 0.944229
56.2 0.943562
56.3 0.941366
56.4 0.941193
56.5 0.941487
56.6 0.941319
56.7 0.940471
56.8 0.939978
56.9 0.940145
57 0.940268
57.1 0.938772
57.2 0.93614
57.3 0.935873
57.4 0.937249
57.5 0.937266
57.6 0.939049
57.7 0.939015
57.8 0.937522
57.9 0.938134
58 0.93841
58.1 0.93924
58.2 0.939961
58.3 0.939674
58.4 0.937527
58.5 0.937313
58.6 0.938076
58.7 0.939202
58.8 0.940664
58.9 0.941202
59 0.943336
59.1 0.939601
59.2 0.938445
59.3 0.939626
59.4 0.940595
59.5 0.940661
59.6 0.940241
59.7 0.940232
59.8 0.93846
59.9 0.938711
60 0.935717
60.1 0.935003
60.2 0.935697
60.3 0.936901
60.4 0.937495
60.5 0.936977
60.6 0.936658
60.7 0.936751
60.8 0.936364
60.9 0.936269
61 0.936899
61.1 0.936104
61.2 0.936712
61.3 0.936495
61.4 0.937962
61.5 0.938362
61.6 0.937072
61.7 0.935855
61.8 0.937614
61.9 0.939151
62 0.935997
62.1 0.936377
62.2 0.934949
62.3 0.935695
62.4 0.932762
62.5 0.933996
62.6 0.93479
62.7 0.932986
62.8 0.935573
62.9 0.934922
63 0.935031
63.1 0.934528
63.2 0.936195
63.3 0.93552
63.4 0.93736
63.5 0.936504
63.6 0.937063
63.7 0.936788
63.8 0.937675
63.9 0.936706
64 0.937014
64.1 0.938085
64.2 0.935388
64.3 0.934548
64.4 0.935924
64.5 0.938053
64.6 0.938269
64.7 0.936062
64.8 0.936161
64.9 0.934522
65 0.933918
65.1 0.932874
65.2 0.934227
65.3 0.936077
65.4 0.936222
65.5 0.93603
65.6 0.935416
65.7 0.936988
65.8 0.937959
65.9 0.938679
66 0.939229
66.1 0.937619
66.2 0.937272
66.3 0.936416
66.4 0.935592
66.5 0.935861
66.6 0.936531
66.7 0.937457
66.8 0.938084
66.9 0.936809
67 0.936974
67.1 0.938325
67.2 0.937762
67.3 0.937146
67.4 0.935647
67.5 0.935116
67.6 0.935201
67.7 0.932844
67.8 0.933414
67.9 0.934059
68 0.932002
68.1 0.930279
68.2 0.932178
68.3 0.929712
68.4 0.930848
68.5 0.933392
68.6 0.934451
68.7 0.936122
68.8 0.935145
68.9 0.936504
69 0.937638
69.1 0.937097
69.2 0.939891
69.3 0.936937
69.4 0.937069
69.5 0.937258
69.6 0.929144
69.7 0.931288
69.8 0.93349
69.9 0.933791
70 0.934495
70.1 0.935179
70.2 0.935698
70.3 0.934722
70.4 0.934829
70.5 0.934195
70.6 0.935592
70.7 0.935035
70.8 0.936358
70.9 0.936895
71 0.934825
71.1 0.932869
71.2 0.931281
71.3 0.93067
71.4 0.93124
71.5 0.9314
71.6 0.932119
71.7 0.934344
71.8 0.934244
71.9 0.933519
72 0.933589
72.1 0.934807
72.2 0.936411
72.3 0.936849
72.4 0.936532
72.5 0.935842
72.6 0.934586
72.7 0.935423
72.8 0.937382
72.9 0.939684
73 0.9405
73.1 0.939096
73.2 0.938447
73.3 0.933844
73.4 0.934909
73.5 0.935638
73.6 0.934281
73.7 0.934787
73.8 0.937057
73.9 0.937067
74 0.937415
74.1 0.936
74.2 0.935767
74.3 0.934369
74.4 0.934801
74.5 0.936436
74.6 0.935584
74.7 0.93712
74.8 0.938679
74.9 0.937671
75 0.938591
75.1 0.938572
75.2 0.939805
75.3 0.938245
75.4 0.9394
75.5 0.937557
75.6 0.937731
75.7 0.937398
75.8 0.937977
75.9 0.939763
76 0.940962
76.1 0.941103
76.2 0.940763
76.3 0.939897
76.4 0.938565
76.5 0.939093
76.6 0.936208
76.7 0.936777
76.8 0.936729
76.9 0.93606
77 0.936689
77.1 0.93671
77.2 0.936861
77.3 0.935343
77.4 0.935155
77.5 0.935932
77.6 0.937527
77.7 0.937298
77.8 0.937601
77.9 0.936927
78 0.937121
78.1 0.938922
78.2 0.939284
78.3 0.938345
78.4 0.93793
78.5 0.937827
78.6 0.937214
78.7 0.937746
78.8 0.938518
78.9 0.938314
79 0.939015
79.1 0.937651
79.2 0.938287
79.3 0.93978
79.4 0.939196
79.5 0.938534
79.6 0.937211
79.7 0.936586
79.8 0.93614
79.9 0.935595
80 0.936362
80.1 0.93659
80.2 0.937992
80.3 0.938234
80.4 0.939331
80.5 0.938003
80.6 0.933262
80.7 0.931176
80.8 0.93222
80.9 0.932154
81 0.935161
81.1 0.935337
81.2 0.938377
81.3 0.937887
81.4 0.938651
81.5 0.938571
81.6 0.939347
81.7 0.939798
81.8 0.940826
81.9 0.937875
82 0.93828
82.1 0.938826
82.2 0.937331
82.3 0.938571
82.4 0.935978
82.5 0.934791
82.6 0.933722
82.7 0.933366
82.8 0.934585
82.9 0.935326
83 0.936207
83.1 0.935021
83.2 0.934053
83.3 0.934621
83.4 0.933954
83.5 0.935635
83.6 0.937262
83.7 0.937322
83.8 0.936148
83.9 0.937844
84 0.937508
84.1 0.936249
84.2 0.937661
84.3 0.935334
84.4 0.934968
84.5 0.935818
84.6 0.935681
84.7 0.936214
84.8 0.9362
84.9 0.936347
85 0.934628
85.1 0.934878
85.2 0.937125
85.3 0.935057
85.4 0.935348
85.5 0.93463
85.6 0.935588
85.7 0.935454
85.8 0.935408
85.9 0.934418
86 0.936759
86.1 0.93635
86.2 0.936947
86.3 0.936463
86.4 0.935253
86.5 0.935182
86.6 0.934662
86.7 0.935534
86.8 0.937297
86.9 0.937483
87 0.938604
87.1 0.938374
87.2 0.937617
87.3 0.938242
87.4 0.936315
87.5 0.934547
87.6 0.935675
87.7 0.936406
87.8 0.936647
87.9 0.936192
88 0.936384
88.1 0.937004
88.2 0.936824
88.3 0.934258
88.4 0.936439
88.5 0.934412
88.6 0.934968
88.7 0.933767
88.8 0.932837
88.9 0.934812
89 0.936897
89.1 0.938222
89.2 0.936618
89.3 0.937251
89.4 0.938783
89.5 0.938266
89.6 0.939597
89.7 0.938754
89.8 0.939814
89.9 0.940832
90 0.941029
90.1 0.939439
90.2 0.937916
90.3 0.93776
90.4 0.938937
90.5 0.938395
90.6 0.937961
90.7 0.93647
90.8 0.937131
90.9 0.937019
91 0.93795
91.1 0.93501
91.2 0.937213
91.3 0.935439
91.4 0.936108
91.5 0.935721
91.6 0.936264
91.7 0.935411
91.8 0.935917
91.9 0.936847
92 0.938114
92.1 0.939027
92.2 0.94085
92.3 0.939779
92.4 0.939486
92.5 0.940298
92.6 0.940367
92.7 0.9413
92.8 0.941124
92.9 0.94035
93 0.938894
93.1 0.94198
93.2 0.942966
93.3 0.941353
93.4 0.937482
93.5 0.936284
93.6 0.93589
93.7 0.937091
93.8 0.937408
93.9 0.936781
94 0.936922
94.1 0.937139
94.2 0.938297
94.3 0.938544
94.4 0.939577
94.5 0.938305
94.6 0.937212
94.7 0.937205
94.8 0.934431
94.9 0.933957
95 0.936023
95.1 0.938297
95.2 0.938931
95.3 0.939669
95.4 0.9384
95.5 0.937099
95.6 0.935772
95.7 0.935173
95.8 0.934015
95.9 0.933895
96 0.936841
96.1 0.937355
96.2 0.938045
96.3 0.939774
96.4 0.937211
96.5 0.935497
96.6 0.935687
96.7 0.936287
96.8 0.936169
96.9 0.936208
97 0.933928
97.1 0.935949
97.2 0.932994
97.3 0.93377
97.4 0.935642
97.5 0.936011
97.6 0.936846
97.7 0.937676
97.8 0.938621
97.9 0.938757
98 0.938092
98.1 0.939833
98.2 0.938917
98.3 0.938279
98.4 0.936799
98.5 0.934932
98.6 0.935251
98.7 0.936326
98.8 0.937357
98.9 0.936465
99 0.936799
99.1 0.937883
99.2 0.939058
99.3 0.940163
99.4 0.940687
99.5 0.939683
99.6 0.937783
99.7 0.938264
99.8 0.935833
99.9 0.936295
100 0.936469
100.1 0.937212
100.2 0.939132
100.3 0.939604
100.4 0.939832
100.5 0.939936
100.6 0.940487
100.7 0.94013
100.8 0.938735
100.9 0.940308
101 0.940747
101.1 0.942947
101.2 0.941884
101.3 0.941586
101.4 0.939736
101.5 0.941329
101.6 0.941408
101.7 0.937491
101.8 0.937732
101.9 0.93676
102 0.932858
102.1 0.932843
102.2 0.931713
102.3 0.932762
102.4 0.933825
102.5 0.935778
102.6 0.935384
102.7 0.935671
102.8 0.936485
102.9 0.937342
103 0.939312
103.1 0.939804
103.2 0.938762
103.3 0.938943
103.4 0.939814
103.5 0.938582
103.6 0.939177
103.7 0.938715
103.8 0.938314
103.9 0.941038
104 0.941716
104.1 0.940047
104.2 0.940617
104.3 0.94052
104.4 0.93862
104.5 0.937288
104.6 0.938277
104.7 0.93778
104.8 0.939885
104.9 0.938445
105 0.9349
105.1 0.936303
105.2 0.937361
105.3 0.939286
105.4 0.942215
105.5 0.941746
105.6 0.940001
105.7 0.940843
105.8 0.940611
105.9 0.940239
106 0.941265
106.1 0.939278
106.2 0.940961
106.3 0.93915
106.4 0.940464
106.5 0.940563
106.6 0.937766
106.7 0.936949
106.8 0.935889
106.9 0.937215
107 0.937414
107.1 0.937393
107.2 0.93767
107.3 0.937657
107.4 0.938301
107.5 0.93709
107.6 0.933207
107.7 0.934911
107.8 0.937459
107.9 0.936939
108 0.936997
108.1 0.933827
108.2 0.93404
108.3 0.93393
108.4 0.935882
108.5 0.935893
108.6 0.934984
108.7 0.936386
108.8 0.937644
108.9 0.940242
109 0.940171
109.1 0.940732
109.2 0.940934
109.3 0.940367
109.4 0.939344
109.5 0.939348
109.6 0.937496
109.7 0.936495
109.8 0.936437
109.9 0.93359
110 0.933998
110.1 0.936809
110.2 0.93689
110.3 0.934698
110.4 0.935774
110.5 0.936051
110.6 0.937967
110.7 0.937468
110.8 0.937157
110.9 0.937387
111 0.938537
111.1 0.936992
111.2 0.937929
111.3 0.937905
111.4 0.937737
111.5 0.938993
111.6 0.93758
111.7 0.937357
111.8 0.938192
111.9 0.937921
112 0.938749
112.1 0.937157
112.2 0.937542
112.3 0.937824
112.4 0.937417
112.5 0.937848
112.6 0.936959
112.7 0.934312
112.8 0.933276
112.9 0.93532
113 0.936817
113.1 0.93689
113.2 0.937275
113.3 0.937085
113.4 0.936915
113.5 0.938507
113.6 0.937884
113.7 0.939561
113.8 0.940678
113.9 0.938104
114 0.93756
114.1 0.93851
114.2 0.938958
114.3 0.940927
114.4 0.941461
114.5 0.940771
114.6 0.941559
114.7 0.940934
114.8 0.939654
114.9 0.940052
115 0.94003
115.1 0.939576
115.2 0.938071
115.3 0.93762
115.4 0.935187
115.5 0.932633
115.6 0.930822
115.7 0.931423
115.8 0.931598
115.9 0.932704
116 0.93189
116.1 0.933648
116.2 0.93377
116.3 0.935249
116.4 0.935149
116.5 0.936572
116.6 0.936326
116.7 0.934436
116.8 0.933639
116.9 0.934829
117 0.934518
117.1 0.934389
117.2 0.934104
117.3 0.933166
117.4 0.934975
117.5 0.938162
117.6 0.937007
117.7 0.935867
117.8 0.936343
117.9 0.937518
118 0.935015
118.1 0.935749
118.2 0.937004
118.3 0.937019
118.4 0.934254
118.5 0.933907
118.6 0.93523
118.7 0.93562
118.8 0.937837
118.9 0.938465
119 0.939358
119.1 0.940396
119.2 0.93694
119.3 0.933533
119.4 0.935315
119.5 0.936333
119.6 0.936908
119.7 0.936558
119.8 0.939133
119.9 0.937462
120 0.935476
120.1 0.936451
120.2 0.934156
120.3 0.93613
120.4 0.938146
120.5 0.938869
120.6 0.937044
120.7 0.934169
120.8 0.934662
120.9 0.934624
121 0.936431
121.1 0.935596
121.2 0.936212
121.3 0.935126
121.4 0.935801
121.5 0.938333
121.6 0.939072
121.7 0.938575
121.8 0.93939
121.9 0.939686
122 0.938989
122.1 0.937799
122.2 0.939544
122.3 0.939349
122.4 0.938772
122.5 0.938613
122.6 0.938559
122.7 0.93749
122.8 0.938309
122.9 0.938279
123 0.936942
123.1 0.937841
123.2 0.936495
123.3 0.937038
123.4 0.937363
123.5 0.937788
123.6 0.936021
123.7 0.935061
123.8 0.936259
123.9 0.934999
124 0.935186
124.1 0.935447
124.2 0.935449
124.3 0.937391
124.4 0.934932
124.5 0.936983
124.6 0.936884
124.7 0.937931
124.8 0.939151
124.9 0.939262
125 0.93863
125.1 0.938316
125.2 0.93929
125.3 0.938627
125.4 0.938272
125.5 0.935181
125.6 0.931472
125.7 0.933494
125.8 0.935648
125.9 0.937148
126 0.93656
126.1 0.936561
126.2 0.935601
126.3 0.934643
126.4 0.93614
126.5 0.937217
126.6 0.938675
126.7 0.936015
126.8 0.935865
126.9 0.934896
127 0.936101
127.1 0.938233
127.2 0.937872
127.3 0.935572
127.4 0.934868
127.5 0.936926
127.6 0.936879
127.7 0.936408
127.8 0.936833
127.9 0.935504
128 0.936703
128.1 0.938443
128.2 0.936849
128.3 0.936868
128.4 0.937092
128.5 0.936846
128.6 0.936664
128.7 0.937771
128.8 0.937617
128.9 0.937577
129 0.936861
129.1 0.937021
129.2 0.937316
129.3 0.936878
129.4 0.93884
129.5 0.937583
129.6 0.939333
129.7 0.938538
129.8 0.938901
129.9 0.937962
130 0.936183
130.1 0.935999
130.2 0.935924
130.3 0.937354
130.4 0.93695
130.5 0.934918
130.6 0.935877
130.7 0.933656
130.8 0.933178
130.9 0.933987
131 0.933235
131.1 0.935297
131.2 0.935654
131.3 0.934255
131.4 0.93616
131.5 0.936128
131.6 0.937938
131.7 0.936632
131.8 0.938738
131.9 0.93902
132 0.939865
132.1 0.936627
132.2 0.937849
132.3 0.935381
132.4 0.934417
132.5 0.933683
132.6 0.935388
132.7 0.933643
132.8 0.932116
132.9 0.931962
133 0.933118
133.1 0.933762
133.2 0.93626
133.3 0.937444
133.4 0.937779
133.5 0.938236
133.6 0.938373
133.7 0.938271
133.8 0.939312
133.9 0.938807
134 0.938914
134.1 0.937554
134.2 0.937919
134.3 0.938436
134.4 0.938334
134.5 0.939073
134.6 0.937148
134.7 0.937074
134.8 0.936392
134.9 0.93515
135 0.933992
135.1 0.935877
135.2 0.933424
135.3 0.93524
135.4 0.934868
135.5 0.936672
135.6 0.934143
135.7 0.936955
135.8 0.93892
135.9 0.938255
136 0.936625
136.1 0.938789
136.2 0.938494
136.3 0.938193
136.4 0.938706
136.5 0.941371
136.6 0.940666
136.7 0.942597
136.8 0.943608
136.9 0.944381
137 0.944337
137.1 0.943638
137.2 0.943806
137.3 0.941617
137.4 0.940054
137.5 0.939205
137.6 0.940154
137.7 0.941264
137.8 0.940701
137.9 0.940838
138 0.943356
138.1 0.942163
138.2 0.943573
138.3 0.941727
138.4 0.94108
138.5 0.9426
138.6 0.942684
138.7 0.942044
138.8 0.939931
138.9 0.940182
139 0.940648
139.1 0.936524
139.2 0.934774
139.3 0.934986
139.4 0.936279
139.5 0.936487
139.6 0.936639
139.7 0.937556
139.8 0.937812
139.9 0.937772
140 0.936906
140.1 0.937368
140.2 0.939624
140.3 0.937786
140.4 0.938162
140.5 0.936829
140.6 0.934766
140.7 0.933495
140.8 0.934319
140.9 0.935675
141 0.93864
141.1 0.938297
141.2 0.940065
141.3 0.94054
141.4 0.938507
141.5 0.935851
141.6 0.936439
141.7 0.934659
141.8 0.934361
141.9 0.936519
142 0.934404
142.1 0.935794
142.2 0.936585
142.3 0.937409
142.4 0.938878
142.5 0.938211
142.6 0.935819
142.7 0.933607
142.8 0.934305
142.9 0.934422
143 0.93261
143.1 0.934279
143.2 0.934804
143.3 0.93736
143.4 0.940031
143.5 0.940172
143.6 0.940226
143.7 0.938464
143.8 0.937883
143.9 0.937591
144 0.937269
144.1 0.937477
144.2 0.941331
144.3 0.939117
144.4 0.941329
144.5 0.940855
144.6 0.938384
144.7 0.935887
144.8 0.937708
144.9 0.937768
145 0.93891
145.1 0.937113
145.2 0.937672
145.3 0.937773
145.4 0.938022
145.5 0.939289
145.6 0.939189
145.7 0.940464
145.8 0.940323
145.9 0.941494
146 0.939483
146.1 0.940262
146.2 0.939525
146.3 0.939967
146.4 0.940093
146.5 0.940026
146.6 0.939078
146.7 0.939953
146.8 0.937294
146.9 0.937246
147 0.939483
147.1 0.939721
147.2 0.93872
147.3 0.938839
147.4 0.938883
147.5 0.938027
147.6 0.934306
147.7 0.935008
147.8 0.937009
147.9 0.939313
148 0.93828
148.1 0.940655
148.2 0.939735
148.3 0.941089
148.4 0.943105
148.5 0.941613
148.6 0.942045
148.7 0.942605
148.8 0.94272
148.9 0.941159
149 0.940782
149.1 0.938953
149.2 0.937206
149.3 0.936114
149.4 0.93611
149.5 0.938142
149.6 0.935865
149.7 0.934879
149.8 0.935528
149.9 0.935768
150 0.935905
150.1 0.935218
150.2 0.934529
150.3 0.935572
150.4 0.935001
150.5 0.936508
150.6 0.936864
150.7 0.937784
150.8 0.937482
150.9 0.937657
151 0.938207
151.1 0.938286
151.2 0.93792
151.3 0.937572
151.4 0.936265
151.5 0.938671
151.6 0.937343
151.7 0.937875
151.8 0.939675
151.9 0.939163
152 0.941213
152.1 0.94108
152.2 0.9416
152.3 0.939598
152.4 0.938428
152.5 0.939319
152.6 0.938381
152.7 0.938103
152.8 0.937077
152.9 0.937166
153 0.937605
153.1 0.936487
153.2 0.938886
153.3 0.940192
153.4 0.93999
153.5 0.939431
153.6 0.938918
153.7 0.938017
153.8 0.93756
153.9 0.937633
154 0.938484
154.1 0.937574
154.2 0.936935
154.3 0.934833
154.4 0.936681
154.5 0.93635
154.6 0.936694
154.7 0.936922
154.8 0.935599
154.9 0.936546
155 0.937667
155.1 0.937447
155.2 0.938772
155.3 0.939061
155.4 0.938899
155.5 0.939106
155.6 0.939404
155.7 0.93967
155.8 0.938029
155.9 0.93864
156 0.937482
156.1 0.93787
156.2 0.936486
156.3 0.936987
156.4 0.938364
156.5 0.937291
156.6 0.937259
156.7 0.937523
156.8 0.938949
156.9 0.938924
157 0.940661
157.1 0.939056
157.2 0.936847
157.3 0.937175
157.4 0.93534
157.5 0.935244
157.6 0.936799
157.7 0.937204
157.8 0.937896
157.9 0.940204
158 0.936027
158.1 0.93689
158.2 0.937783
158.3 0.937472
158.4 0.937343
158.5 0.93633
158.6 0.93659
158.7 0.937346
158.8 0.93746
158.9 0.936289
159 0.93873
159.1 0.938577
159.2 0.939912
159.3 0.938947
159.4 0.939646
159.5 0.938207
159.6 0.938195
159.7 0.936261
159.8 0.937337
159.9 0.938682
160 0.939403
160.1 0.939845
160.2 0.940702
160.3 0.939716
160.4 0.939958
160.5 0.939392
160.6 0.939342
160.7 0.939135
160.8 0.939105
160.9 0.938712
161 0.936396
161.1 0.936588
161.2 0.938963
161.3 0.939667
161.4 0.939558
161.5 0.94041
161.6 0.938078
161.7 0.937456
161.8 0.936744
161.9 0.937596
162 0.937737
162.1 0.937228
162.2 0.935476
162.3 0.933546
162.4 0.935205
162.5 0.934995
162.6 0.936587
162.7 0.937255
162.8 0.93922
162.9 0.937829
163 0.936855
163.1 0.935644
163.2 0.93711
163.3 0.939038
163.4 0.939325
163.5 0.93857
163.6 0.939043
163.7 0.938066
163.8 0.937295
163.9 0.937694
164 0.936937
164.1 0.938009
164.2 0.938939
164.3 0.938728
164.4 0.936748
164.5 0.936847
164.6 0.937527
164.7 0.9364
164.8 0.938645
164.9 0.939051
165 0.93999
165.1 0.939584
165.2 0.938291
165.3 0.93445
165.4 0.935134
165.5 0.936206
165.6 0.938375
165.7 0.936401
165.8 0.934867
165.9 0.935552
166 0.934814
166.1 0.936014
166.2 0.935022
166.3 0.93623
166.4 0.933176
166.5 0.931318
166.6 0.932199
166.7 0.934722
166.8 0.936832
166.9 0.937052
167 0.938197
167.1 0.93801
167.2 0.938479
167.3 0.938705
167.4 0.939103
167.5 0.940211
167.6 0.93977
167.7 0.939964
167.8 0.940314
167.9 0.939956
168 0.939569
168.1 0.938898
168.2 0.938438
168.3 0.937655
168.4 0.937596
168.5 0.937255
168.6 0.935875
168.7 0.934279
168.8 0.932899
168.9 0.92898
169 0.930983
169.1 0.932582
169.2 0.933433
169.3 0.934605
169.4 0.934871
169.5 0.934883
169.6 0.9357
169.7 0.935141
169.8 0.938375
169.9 0.937852
170 0.936588
170.1 0.935822
170.2 0.935513
170.3 0.935437
170.4 0.937112
170.5 0.939559
170.6 0.940933
170.7 0.937578
170.8 0.934835
170.9 0.935996
171 0.936457
171.1 0.935594
171.2 0.936758
171.3 0.934683
171.4 0.936369
171.5 0.937903
171.6 0.939231
171.7 0.939865
171.8 0.938058
171.9 0.936928
172 0.936044
172.1 0.934925
172.2 0.9357
172.3 0.936795
172.4 0.934745
172.5 0.932732
172.6 0.932854
172.7 0.933602
172.8 0.930083
172.9 0.932341
173 0.933423
173.1 0.934338
173.2 0.934772
173.3 0.933737
173.4 0.93574
173.5 0.935195
173.6 0.937244
173.7 0.936143
173.8 0.934523
173.9 0.937258
174 0.935975
174.1 0.936955
174.2 0.936287
174.3 0.935333
174.4 0.936763
174.5 0.937089
174.6 0.935787
174.7 0.935933
174.8 0.935355
174.9 0.936637
175 0.936392
175.1 0.937141
175.2 0.935938
175.3 0.934973
175.4 0.936118
175.5 0.936525
175.6 0.935663
175.7 0.9369
175.8 0.935744
175.9 0.935574
176 0.936223
176.1 0.937048
176.2 0.935628
176.3 0.9373
176.4 0.937893
176.5 0.93673
176.6 0.937592
176.7 0.938281
176.8 0.938926
176.9 0.938275
177 0.939379
177.1 0.937954
177.2 0.936955
177.3 0.937007
177.4 0.93641
177.5 0.937322
177.6 0.937867
177.7 0.937164
177.8 0.936152
177.9 0.934734
178 0.937127
178.1 0.937455
178.2 0.938285
178.3 0.938808
178.4 0.938195
178.5 0.937558
178.6 0.936489
178.7 0.934807
178.8 0.935898
178.9 0.934358
179 0.934671
179.1 0.935592
179.2 0.938488
179.3 0.937077
179.4 0.935635
179.5 0.936726
179.6 0.938343
179.7 0.939411
179.8 0.940435
179.9 0.940061
180 0.938266
180.1 0.937881
180.2 0.93746
180.3 0.936464
180.4 0.937296
180.5 0.938545
180.6 0.940585
180.7 0.940385
180.8 0.939887
180.9 0.940868
181 0.939413
181.1 0.941023
181.2 0.938956
181.3 0.939069
181.4 0.939449
181.5 0.940033
181.6 0.939329
181.7 0.939927
181.8 0.938673
181.9 0.937603
182 0.93601
182.1 0.934943
182.2 0.936656
182.3 0.938181
182.4 0.939218
182.5 0.93917
182.6 0.938989
182.7 0.937683
182.8 0.939576
182.9 0.940791
183 0.939041
183.1 0.939503
183.2 0.939539
183.3 0.93882
183.4 0.937986
183.5 0.938361
183.6 0.938754
183.7 0.939757
183.8 0.93845
183.9 0.938402
184 0.937772
184.1 0.937243
184.2 0.938572
184.3 0.939954
184.4 0.939366
184.5 0.938072
184.6 0.938416
184.7 0.937897
184.8 0.93899
184.9 0.939988
185 0.938883
185.1 0.939851
185.2 0.938902
185.3 0.937045
185.4 0.938153
185.5 0.93862
185.6 0.938199
185.7 0.939124
185.8 0.938277
185.9 0.939213
186 0.938478
186.1 0.938595
186.2 0.938666
186.3 0.938966
186.4 0.940805
186.5 0.940149
186.6 0.941409
186.7 0.938558
186.8 0.939933
186.9 0.939755
187 0.936708
187.1 0.937425
187.2 0.935725
187.3 0.936572
187.4 0.936866
187.5 0.939341
187.6 0.941386
187.7 0.940375
187.8 0.93887
187.9 0.938622
188 0.93694
188.1 0.936966
188.2 0.937752
188.3 0.936827
188.4 0.937407
188.5 0.939322
188.6 0.938213
188.7 0.936847
188.8 0.936372
188.9 0.940101
189 0.939433
189.1 0.942412
189.2 0.94246
189.3 0.940698
189.4 0.938864
189.5 0.938484
189.6 0.935762
189.7 0.936916
189.8 0.937325
189.9 0.935408
190 0.937089
190.1 0.937106
190.2 0.937736
190.3 0.937469
190.4 0.936229
190.5 0.935782
190.6 0.937119
190.7 0.936464
190.8 0.936266
190.9 0.937352
191 0.935846
191.1 0.936812
191.2 0.937582
191.3 0.937949
191.4 0.938847
191.5 0.938503
191.6 0.940332
191.7 0.940252
191.8 0.939055
191.9 0.939266
192 0.938903
192.1 0.940278
192.2 0.939717
192.3 0.940171
192.4 0.941338
192.5 0.941108
192.6 0.9387
192.7 0.937898
192.8 0.93735
192.9 0.937028
193 0.937293
193.1 0.938324
193.2 0.938766
193.3 0.93794
193.4 0.936196
193.5 0.93861
193.6 0.936854
193.7 0.93889
193.8 0.938542
193.9 0.937281
194 0.935773
194.1 0.937279
194.2 0.937882
194.3 0.937101
194.4 0.937508
194.5 0.93866
194.6 0.939486
194.7 0.937228
194.8 0.938465
194.9 0.938006
195 0.93377
195.1 0.930609
195.2 0.930771
195.3 0.931638
195.4 0.931573
195.5 0.931902
195.6 0.932745
195.7 0.933303
195.8 0.934777
195.9 0.934333
196 0.93346
196.1 0.935669
196.2 0.935065
196.3 0.935611
196.4 0.936238
196.5 0.937542
196.6 0.938578
196.7 0.938608
196.8 0.939475
196.9 0.938934
197 0.93981
197.1 0.940189
197.2 0.940564
197.3 0.941642
197.4 0.939646
197.5 0.938951
197.6 0.93807
197.7 0.937726
197.8 0.938864
197.9 0.939143
198 0.937432
198.1 0.936826
198.2 0.935658
198.3 0.935858
198.4 0.936136
198.5 0.934859
198.6 0.937273
198.7 0.938381
198.8 0.937899
198.9 0.937396
199 0.937451
199.1 0.937644
199.2 0.937765
199.3 0.935472
199.4 0.93552
199.5 0.93423
199.6 0.932636
199.7 0.935784
199.8 0.93559
199.9 0.936308
200 0.937103
200.1 0.935588
200.2 0.93584
200.3 0.934352
200.4 0.935647
200.5 0.936425
200.6 0.936105
200.7 0.935345
200.8 0.936144
200.9 0.936633
201 0.934186
201.1 0.93456
201.2 0.935484
201.3 0.937145
201.4 0.937722
201.5 0.937854
201.6 0.938237
201.7 0.937367
201.8 0.935871
201.9 0.936333
202 0.935685
202.1 0.934821
202.2 0.936912
202.3 0.937639
202.4 0.939793
202.5 0.940564
202.6 0.93813
202.7 0.935604
202.8 0.936535
202.9 0.937745
203 0.940375
203.1 0.93867
203.2 0.937444
203.3 0.938296
203.4 0.937671
203.5 0.937734
203.6 0.938519
203.7 0.940869
203.8 0.940919
203.9 0.939226
204 0.938606
204.1 0.93886
204.2 0.936885
204.3 0.937486
204.4 0.937574
204.5 0.935428
204.6 0.935778
204.7 0.936636
204.8 0.936624
204.9 0.935758
205 0.93406
205.1 0.933585
205.2 0.93436
205.3 0.934565
205.4 0.934565
205.5 0.935314
205.6 0.937505
205.7 0.9387
205.8 0.939091
205.9 0.937179
206 0.937106
206.1 0.937373
206.2 0.93821
206.3 0.939294
206.4 0.940883
206.5 0.94003
206.6 0.942103
206.7 0.94015
206.8 0.939433
206.9 0.938237
207 0.938194
207.1 0.938491
207.2 0.940196
207.3 0.939385
207.4 0.939918
207.5 0.940368
207.6 0.940178
207.7 0.939933
207.8 0.940946
207.9 0.941247
208 0.941604
208.1 0.940417
208.2 0.940846
208.3 0.941395
208.4 0.942087
208.5 0.937535
208.6 0.93785
208.7 0.934886
208.8 0.935371
208.9 0.937196
209 0.936864
209.1 0.936492
209.2 0.937236
209.3 0.939788
209.4 0.939103
209.5 0.940094
209.6 0.94154
209.7 0.938405
209.8 0.938611
209.9 0.938683
210 0.937599
210.1 0.938628
210.2 0.938675
210.3 0.938701
210.4 0.938079
210.5 0.939165
210.6 0.939321
210.7 0.939347
210.8 0.936494
210.9 0.937463
211 0.936962
211.1 0.938731
211.2 0.939617
211.3 0.93947
211.4 0.938605
211.5 0.936284
211.6 0.936912
211.7 0.937771
211.8 0.938515
211.9 0.938124
212 0.939316
212.1 0.935942
212.2 0.935791
212.3 0.93653
212.4 0.936166
212.5 0.934647
212.6 0.933406
212.7 0.933655
212.8 0.934324
212.9 0.935001
213 0.934634
213.1 0.93542
213.2 0.937169
213.3 0.938393
213.4 0.938543
213.5 0.938453
213.6 0.940329
213.7 0.940037
213.8 0.940151
213.9 0.938984
214 0.940672
214.1 0.942314
214.2 0.942584
214.3 0.941589
214.4 0.940912
214.5 0.939714
214.6 0.939917
214.7 0.93938
214.8 0.937427
214.9 0.935523
215 0.937011
215.1 0.936392
215.2 0.935104
215.3 0.935862
215.4 0.936983
215.5 0.936471
215.6 0.938299
215.7 0.938545
215.8 0.938657
215.9 0.938738
216 0.938185
216.1 0.937385
216.2 0.937108
216.3 0.938262
216.4 0.934859
216.5 0.936642
216.6 0.936945
216.7 0.934086
216.8 0.93446
216.9 0.935483
217 0.936061
217.1 0.934641
217.2 0.936735
217.3 0.93724
217.4 0.937246
217.5 0.936919
217.6 0.937305
217.7 0.936258
217.8 0.936103
217.9 0.937592
218 0.939185
218.1 0.937717
218.2 0.937974
218.3 0.939238
218.4 0.939954
218.5 0.938972
218.6 0.940286
218.7 0.94156
218.8 0.943572
218.9 0.943986
219 0.943353
219.1 0.941764
219.2 0.940533
219.3 0.937195
219.4 0.937457
219.5 0.937509
219.6 0.937328
219.7 0.938266
219.8 0.939279
219.9 0.939646
220 0.938989
220.1 0.938946
220.2 0.939291
220.3 0.939498
220.4 0.936643
220.5 0.93822
220.6 0.939779
220.7 0.940956
220.8 0.940119
220.9 0.939419
221 0.938079
221.1 0.939433
221.2 0.938477
221.3 0.940474
221.4 0.939644
221.5 0.938844
221.6 0.940249
221.7 0.939691
221.8 0.93834
221.9 0.937135
222 0.93626
222.1 0.939292
222.2 0.940062
222.3 0.939182
222.4 0.939843
222.5 0.939448
222.6 0.938893
222.7 0.939995
222.8 0.9388
222.9 0.941122
223 0.941016
223.1 0.938469
223.2 0.938149
223.3 0.935799
223.4 0.935458
223.5 0.934602
223.6 0.936776
223.7 0.935924
223.8 0.93765
223.9 0.936916
224 0.934754
224.1 0.936711
224.2 0.938658
224.3 0.937833
224.4 0.936891
224.5 0.936282
224.6 0.93526
224.7 0.935716
224.8 0.93752
224.9 0.937467
225 0.935123
225.1 0.935471
225.2 0.935491
225.3 0.934928
225.4 0.935287
225.5 0.936989
225.6 0.937893
225.7 0.93713
225.8 0.935465
225.9 0.937124
226 0.935687
226.1 0.935719
226.2 0.932915
226.3 0.933023
226.4 0.935866
226.5 0.936763
226.6 0.939465
226.7 0.934664
226.8 0.935474
226.9 0.936919
227 0.936825
227.1 0.934448
227.2 0.936398
227.3 0.938168
227.4 0.939755
227.5 0.941365
227.6 0.940614
227.7 0.938888
227.8 0.938029
227.9 0.93759
228 0.938123
228.1 0.938738
228.2 0.939617
228.3 0.94056
228.4 0.939889
228.5 0.940259
228.6 0.939473
228.7 0.939623
228.8 0.939269
228.9 0.940639
229 0.939394
229.1 0.939503
229.2 0.939942
229.3 0.938708
229.4 0.935602
229.5 0.9357
229.6 0.934772
229.7 0.935023
229.8 0.935247
229.9 0.935855
230 0.937701
230.1 0.93913
230.2 0.938729
230.3 0.938383
230.4 0.937574
230.5 0.939582
230.6 0.939071
230.7 0.938439
230.8 0.940135
230.9 0.93517
231 0.935546
231.1 0.935248
231.2 0.936276
231.3 0.936804
231.4 0.938136
231.5 0.937578
231.6 0.938858
231.7 0.937852
231.8 0.937778
231.9 0.936802
232 0.936166
232.1 0.936085
232.2 0.93641
232.3 0.936576
232.4 0.93466
232.5 0.937027
232.6 0.937339
232.7 0.936899
232.8 0.938014
232.9 0.93841
233 0.938581
233.1 0.938485
233.2 0.938471
233.3 0.938154
233.4 0.937836
233.5 0.938808
233.6 0.938883
233.7 0.938225
233.8 0.936116
233.9 0.935627
234 0.936513
234.1 0.936047
234.2 0.936252
234.3 0.935928
234.4 0.936023
234.5 0.934879
234.6 0.935845
234.7 0.938025
234.8 0.938625
234.9 0.939867
235 0.939511
235.1 0.939041
235.2 0.939524
235.3 0.941692
235.4 0.941269
235.5 0.939786
235.6 0.94243
235.7 0.941449
235.8 0.942244
235.9 0.940883
236 0.940295
236.1 0.940826
236.2 0.940666
236.3 0.940887
236.4 0.939445
236.5 0.940303
236.6 0.939629
236.7 0.940124
236.8 0.939022
236.9 0.938488
237 0.938395
237.1 0.938657
237.2 0.936794
237.3 0.937304
237.4 0.938271
237.5 0.939893
237.6 0.937401
237.7 0.937049
237.8 0.931131
237.9 0.933575
238 0.932641
238.1 0.932171
238.2 0.93335
238.3 0.93564
238.4 0.934942
238.5 0.934562
238.6 0.937177
238.7 0.937296
238.8 0.936664
238.9 0.936608
239 0.936709
239.1 0.935728
239.2 0.935405
239.3 0.934206
239.4 0.933942
239.5 0.935196
239.6 0.93286
239.7 0.933873
239.8 0.93428
239.9 0.93548
240 0.934308
240.1 0.934084
240.2 0.93552
240.3 0.936235
240.4 0.936119
240.5 0.937243
240.6 0.935334
240.7 0.936701
240.8 0.937515
240.9 0.9366
241 0.935592
241.1 0.936006
241.2 0.934876
241.3 0.936659
241.4 0.940824
241.5 0.939752
241.6 0.938517
241.7 0.938176
241.8 0.937546
241.9 0.938308
242 0.938391
242.1 0.93749
242.2 0.937764
242.3 0.937704
242.4 0.939735
242.5 0.940492
242.6 0.940722
242.7 0.940769
242.8 0.941547
242.9 0.938917
243 0.93838
243.1 0.936869
243.2 0.938601
243.3 0.937372
243.4 0.938327
243.5 0.938275
243.6 0.937953
243.7 0.939026
243.8 0.940423
243.9 0.941726
244 0.943443
244.1 0.943156
244.2 0.942333
244.3 0.941838
244.4 0.939757
244.5 0.938563
244.6 0.939745
244.7 0.939801
244.8 0.93934
244.9 0.941472
245 0.94234
245.1 0.941354
245.2 0.940172
245.3 0.940185
245.4 0.94092
245.5 0.939158
245.6 0.939929
245.7 0.940385
245.8 0.942655
245.9 0.939265
246 0.940839
246.1 0.939957
246.2 0.94027
246.3 0.938775
246.4 0.937758
246.5 0.938799
246.6 0.938416
246.7 0.939735
246.8 0.94038
246.9 0.939253
247 0.938686
247.1 0.939463
247.2 0.93895
247.3 0.938499
247.4 0.937493
247.5 0.939527
247.6 0.940809
247.7 0.941206
247.8 0.940375
247.9 0.939074
248 0.93639
248.1 0.934053
248.2 0.93295
248.3 0.933873
248.4 0.935858
248.5 0.935935
248.6 0.932772
248.7 0.934063
248.8 0.933747
248.9 0.933784
249 0.934537
249.1 0.93555
249.2 0.93724
249.3 0.937893
249.4 0.93969
249.5 0.940937
249.6 0.940838
249.7 0.9409
249.8 0.94266
249.9 0.942447
250 0.942265
250.1 0.942434
250.2 0.942048
250.3 0.940937
250.4 0.939573
250.5 0.940153
250.6 0.939888
250.7 0.9413
250.8 0.939281
250.9 0.936849
251 0.936348
251.1 0.936588
251.2 0.936165
251.3 0.936559
251.4 0.935913
251.5 0.934041
251.6 0.936161
251.7 0.936398
251.8 0.934169
251.9 0.933944
252 0.934054
252.1 0.935215
252.2 0.936155
252.3 0.937241
252.4 0.938252
252.5 0.940886
252.6 0.939076
252.7 0.939176
252.8 0.94018
252.9 0.940497
253 0.940067
253.1 0.937684
253.2 0.938658
253.3 0.937594
253.4 0.939224
253.5 0.93962
253.6 0.9389
253.7 0.935975
253.8 0.935902
253.9 0.937159
254 0.937888
254.1 0.936957
254.2 0.937242
254.3 0.93749
254.4 0.937272
254.5 0.938661
254.6 0.936865
254.7 0.937275
254.8 0.938942
254.9 0.938552
255 0.93737
255.1 0.937288
255.2 0.937333
255.3 0.938031
255.4 0.938416
255.5 0.938848
255.6 0.938239
255.7 0.937397
255.8 0.937355
255.9 0.935906
256 0.937393
256.1 0.938119
256.2 0.936813
256.3 0.93541
256.4 0.934003
256.5 0.934058
256.6 0.934403
256.7 0.933411
256.8 0.936384
256.9 0.936662
257 0.93847
257.1 0.93749
257.2 0.939383
257.3 0.940108
257.4 0.940946
257.5 0.941017
257.6 0.941957
257.7 0.938984
257.8 0.939171
257.9 0.939955
258 0.940013
258.1 0.939058
258.2 0.938347
258.3 0.93815
258.4 0.937905
258.5 0.933524
258.6 0.933019
258.7 0.933722
258.8 0.933984
258.9 0.933808
259 0.934082
259.1 0.935734
259.2 0.934551
259.3 0.934788
259.4 0.933722
259.5 0.93293
259.6 0.932446
259.7 0.932124
259.8 0.933841
259.9 0.933554
260 0.934832
260.1 0.933228
260.2 0.936553
260.3 0.938276
260.4 0.93616
260.5 0.937618
260.6 0.937597
260.7 0.939152
260.8 0.937406
260.9 0.938255
261 0.937447
261.1 0.937966
261.2 0.937911
261.3 0.938492
261.4 0.935657
261.5 0.933598
261.6 0.934922
261.7 0.93775
261.8 0.937546
261.9 0.937511
262 0.936184
262.1 0.936264
262.2 0.935847
262.3 0.936313
262.4 0.935672
262.5 0.935524
262.6 0.936931
262.7 0.938757
262.8 0.938936
262.9 0.939537
263 0.937047
263.1 0.938557
263.2 0.938352
263.3 0.937729
263.4 0.936724
263.5 0.934699
263.6 0.932215
263.7 0.932851
263.8 0.933567
263.9 0.932236
264 0.930482
264.1 0.932138
264.2 0.935811
264.3 0.936048
264.4 0.93571
264.5 0.934222
264.6 0.935436
264.7 0.933607
264.8 0.93555
264.9 0.936138
265 0.937571
265.1 0.935799
265.2 0.935055
265.3 0.933148
265.4 0.933944
265.5 0.933926
265.6 0.933554
265.7 0.934367
265.8 0.935491
265.9 0.936891
266 0.936982
266.1 0.940387
266.2 0.938196
266.3 0.939604
266.4 0.938603
266.5 0.93825
266.6 0.937082
266.7 0.939201
266.8 0.938457
266.9 0.93876
267 0.937088
267.1 0.93593
267.2 0.936878
267.3 0.936905
267.4 0.937401
267.5 0.937133
267.6 0.938353
267.7 0.937263
267.8 0.936221
267.9 0.935794
268 0.936362
268.1 0.934315
268.2 0.935454
268.3 0.936352
268.4 0.938277
268.5 0.938633
268.6 0.938931
268.7 0.937477
268.8 0.937387
268.9 0.937542
269 0.939651
269.1 0.941677
269.2 0.937344
269.3 0.934542
269.4 0.93515
269.5 0.932769
269.6 0.931891
269.7 0.935423
269.8 0.936042
269.9 0.937148
270 0.937947
270.1 0.937258
270.2 0.937243
270.3 0.939291
270.4 0.940234
270.5 0.940423
270.6 0.940023
270.7 0.940086
270.8 0.939878
270.9 0.939729
271 0.939672
271.1 0.940537
271.2 0.940582
271.3 0.939691
271.4 0.940805
271.5 0.93987
271.6 0.940765
271.7 0.941153
271.8 0.940348
271.9 0.941554
272 0.940431
272.1 0.940875
272.2 0.938834
272.3 0.938918
272.4 0.939306
272.5 0.939892
272.6 0.941114
272.7 0.938893
272.8 0.937855
272.9 0.936783
273 0.938409
273.1 0.937211
273.2 0.937197
273.3 0.936363
273.4 0.934571
273.5 0.933657
273.6 0.933224
273.7 0.934504
273.8 0.936286
273.9 0.93624
274 0.936762
274.1 0.937129
274.2 0.93835
274.3 0.938335
274.4 0.937667
274.5 0.940135
274.6 0.938589
274.7 0.938871
274.8 0.938066
274.9 0.938011
275 0.937155
275.1 0.936763
275.2 0.936579
275.3 0.93793
275.4 0.938601
275.5 0.939003
275.6 0.935607
275.7 0.935279
275.8 0.936548
275.9 0.93805
276 0.934809
276.1 0.935345
276.2 0.936029
276.3 0.935711
276.4 0.935849
276.5 0.936095
276.6 0.937176
276.7 0.936108
276.8 0.934716
276.9 0.934179
277 0.93406
277.1 0.932645
277.2 0.935269
277.3 0.934302
277.4 0.934033
277.5 0.934282
277.6 0.93278
277.7 0.932307
277.8 0.931959
277.9 0.932022
278 0.931223
278.1 0.932226
278.2 0.934824
278.3 0.934815
278.4 0.934354
278.5 0.933436
278.6 0.932803
278.7 0.934051
278.8 0.935484
278.9 0.936378
279 0.937079
279.1 0.938032
279.2 0.939797
279.3 0.940409
279.4 0.939977
279.5 0.937079
279.6 0.936137
279.7 0.936133
279.8 0.93719
279.9 0.940113
280 0.939292
280.1 0.937881
280.2 0.937128
280.3 0.932169
280.4 0.93302
280.5 0.933885
280.6 0.935403
280.7 0.935052
280.8 0.937512
280.9 0.937564
281 0.939027
281.1 0.938103
281.2 0.939839
281.3 0.93977
281.4 0.941053
281.5 0.938549
281.6 0.936648
281.7 0.935519
281.8 0.935844
281.9 0.93737
282 0.939502
282.1 0.939211
282.2 0.939904
282.3 0.94105
282.4 0.941352
282.5 0.941233
282.6 0.941101
282.7 0.939682
282.8 0.938517
282.9 0.938377
283 0.940895
283.1 0.939876
283.2 0.939453
283.3 0.939109
283.4 0.938226
283.5 0.93942
283.6 0.938773
283.7 0.940372
283.8 0.940574
283.9 0.939894
284 0.938964
284.1 0.938469
284.2 0.940037
284.3 0.939559
284.4 0.938849
284.5 0.939156
284.6 0.941318
284.7 0.940506
284.8 0.940491
284.9 0.940982
285 0.937847
285.1 0.936781
285.2 0.937591
285.3 0.933702
285.4 0.934985
285.5 0.935755
285.6 0.934861
285.7 0.936212
285.8 0.936206
285.9 0.93803
286 0.935427
286.1 0.937335
286.2 0.937441
286.3 0.936748
286.4 0.938393
286.5 0.938551
286.6 0.936953
286.7 0.93729
286.8 0.936928
286.9 0.937556
287 0.937133
287.1 0.938043
287.2 0.937679
287.3 0.937118
287.4 0.939152
287.5 0.938677
287.6 0.938243
287.7 0.935442
287.8 0.93579
287.9 0.936747
288 0.937769
288.1 0.93861
288.2 0.939395
288.3 0.938938
288.4 0.938801
288.5 0.939589
288.6 0.94087
288.7 0.93947
288.8 0.940013
288.9 0.940015
289 0.937549
289.1 0.938712
289.2 0.9376
289.3 0.935122
289.4 0.935993
289.5 0.936045
289.6 0.938284
289.7 0.937205
289.8 0.935297
289.9 0.93444
290 0.933758
290.1 0.93317
290.2 0.932064
290.3 0.932603
290.4 0.931589
290.5 0.929855
290.6 0.931164
290.7 0.931796
290.8 0.93286
290.9 0.930054
291 0.931013
291.1 0.933015
291.2 0.933253
291.3 0.934854
291.4 0.93426
291.5 0.934887
291.6 0.93473
291.7 0.934715
291.8 0.935988
291.9 0.936696
292 0.936596
292.1 0.936829
292.2 0.936965
292.3 0.937844
292.4 0.940659
292.5 0.940091
292.6 0.93938
292.7 0.938228
292.8 0.936393
292.9 0.933392
293 0.933845
293.1 0.93542
293.2 0.934467
293.3 0.934248
293.4 0.935948
293.5 0.937165
293.6 0.936881
293.7 0.93811
293.8 0.937957
293.9 0.937773
294 0.938746
294.1 0.939827
294.2 0.940341
294.3 0.937799
294.4 0.93721
294.5 0.934704
294.6 0.935358
294.7 0.935449
294.8 0.936557
294.9 0.936059
295 0.936428
295.1 0.936538
295.2 0.936695
295.3 0.937153
295.4 0.936812
295.5 0.937612
295.6 0.937844
295.7 0.938911
295.8 0.937395
295.9 0.936592
296 0.936999
296.1 0.93674
296.2 0.937857
296.3 0.937829
296.4 0.93731
296.5 0.93695
296.6 0.935628
296.7 0.938541
296.8 0.939088
296.9 0.939966
297 0.938115
297.1 0.934964
297.2 0.9364
297.3 0.938355
297.4 0.9375
297.5 0.936369
297.6 0.936835
297.7 0.938158
297.8 0.9379
297.9 0.938692
298 0.936977
298.1 0.937869
298.2 0.937579
298.3 0.939631
298.4 0.939448
298.5 0.939388
298.6 0.939949
298.7 0.940451
298.8 0.93892
298.9 0.937818
299 0.938184
299.1 0.939059
299.2 0.93583
299.3 0.936147
299.4 0.935418
299.5 0.935644
299.6 0.935743
299.7 0.9362
299.8 0.937609
299.9 0.938793
300 0.939217
300.1 0.941812
300.2 0.94258
300.3 0.942569
300.4 0.940478
300.5 0.938883
300.6 0.939755
300.7 0.939773
300.8 0.938566
300.9 0.938988
301 0.938497
301.1 0.939839
301.2 0.93855
301.3 0.938923
301.4 0.9386
301.5 0.939381
301.6 0.940633
301.7 0.94091
301.8 0.939278
301.9 0.93815
302 0.939005
302.1 0.93893
302.2 0.937401
302.3 0.937635
302.4 0.938852
302.5 0.939311
302.6 0.938985
302.7 0.941568
302.8 0.941397
302.9 0.940857
303 0.938759
303.1 0.938089
303.2 0.939247
303.3 0.936533
303.4 0.939394
303.5 0.940413
303.6 0.940916
303.7 0.9415
303.8 0.942158
303.9 0.939732
304 0.940541
304.1 0.94009
304.2 0.941169
304.3 0.941043
304.4 0.941294
304.5 0.9404
304.6 0.938139
304.7 0.937282
304.8 0.937515
304.9 0.937848
305 0.937973
305.1 0.937309
305.2 0.938711
305.3 0.937575
305.4 0.937159
305.5 0.93553
305.6 0.936061
305.7 0.937674
305.8 0.936971
305.9 0.937916
306 0.938565
306.1 0.937307
306.2 0.935264
306.3 0.935926
306.4 0.935094
306.5 0.933158
306.6 0.934345
306.7 0.935699
306.8 0.936859
306.9 0.937762
307 0.937152
307.1 0.936337
307.2 0.936758
307.3 0.937011
307.4 0.937683
307.5 0.937376
307.6 0.936479
307.7 0.937727
307.8 0.937458
307.9 0.936243
308 0.936904
308.1 0.936763
308.2 0.936561
308.3 0.938403
308.4 0.939021
308.5 0.937993
308.6 0.935547
308.7 0.938279
308.8 0.939083
308.9 0.937416
309 0.938348
309.1 0.938842
309.2 0.94018
309.3 0.937918
309.4 0.938124
309.5 0.938795
309.6 0.940271
309.7 0.939815
309.8 0.939785
309.9 0.938066
310 0.937445
310.1 0.937257
310.2 0.937219
310.3 0.93897
310.4 0.93884
310.5 0.938641
310.6 0.939053
310.7 0.939216
310.8 0.939235
310.9 0.941468
311 0.942076
311.1 0.940403
311.2 0.939209
311.3 0.938983
311.4 0.940055
311.5 0.939374
311.6 0.940737
311.7 0.940429
311.8 0.939029
311.9 0.937158
312 0.934637
312.1 0.934267
312.2 0.933375
312.3 0.934325
312.4 0.935788
312.5 0.93355
312.6 0.935203
312.7 0.935608
312.8 0.935143
312.9 0.935535
313 0.935217
313.1 0.936038
313.2 0.934949
313.3 0.937881
313.4 0.93734
313.5 0.93745
313.6 0.937742
313.7 0.938954
313.8 0.939059
313.9 0.939126
314 0.939392
314.1 0.941769
314.2 0.941876
314.3 0.941478
314.4 0.940779
314.5 0.940573
314.6 0.939678
314.7 0.939005
314.8 0.939093
314.9 0.93882
315 0.93704
315.1 0.937458
315.2 0.936626
315.3 0.937623
315.4 0.938975
315.5 0.941312
315.6 0.943149
315.7 0.938451
315.8 0.938303
315.9 0.937744
316 0.935363
316.1 0.934723
316.2 0.935123
316.3 0.9359
316.4 0.937101
316.5 0.938032
316.6 0.93807
316.7 0.938595
316.8 0.939638
316.9 0.94031
317 0.939875
317.1 0.940667
317.2 0.939214
317.3 0.939974
317.4 0.941401
317.5 0.941615
317.6 0.941493
317.7 0.941421
317.8 0.941084
317.9 0.938294
318 0.939416
318.1 0.938567
318.2 0.938571
318.3 0.939196
318.4 0.938289
318.5 0.940045
318.6 0.942165
318.7 0.943368
318.8 0.943736
318.9 0.943282
319 0.941637
319.1 0.941006
319.2 0.942267
319.3 0.944197
319.4 0.943376
319.5 0.942894
319.6 0.941593
319.7 0.942696
319.8 0.940607
319.9 0.94064
320 0.937957
320.1 0.936774
320.2 0.936254
320.3 0.937664
320.4 0.938179
320.5 0.938425
320.6 0.939295
320.7 0.940186
320.8 0.941008
320.9 0.940076
321 0.941841
321.1 0.937713
321.2 0.938882
321.3 0.939574
321.4 0.938374
321.5 0.937287
321.6 0.937579
321.7 0.936401
321.8 0.936773
321.9 0.935089
322 0.933665
322.1 0.936762
322.2 0.936294
322.3 0.937526
322.4 0.938843
322.5 0.938028
322.6 0.938002
322.7 0.938296
322.8 0.938899
322.9 0.937116
323 0.938841
323.1 0.938814
323.2 0.938633
323.3 0.937756
323.4 0.939252
323.5 0.936573
323.6 0.936917
323.7 0.937164
323.8 0.935134
323.9 0.936176
324 0.936341
324.1 0.934058
324.2 0.934276
324.3 0.936625
324.4 0.936086
324.5 0.935273
324.6 0.937257
324.7 0.940415
324.8 0.938129
324.9 0.937796
325 0.938641
325.1 0.938092
325.2 0.937774
325.3 0.934116
325.4 0.935405
325.5 0.933277
325.6 0.93091
325.7 0.92888
325.8 0.930539
325.9 0.927942
326 0.928522
326.1 0.930729
326.2 0.9327
326.3 0.93393
326.4 0.933038
326.5 0.931179
326.6 0.933004
326.7 0.932506
326.8 0.933569
326.9 0.931864
327 0.931852
327.1 0.932485
327.2 0.933313
327.3 0.933681
327.4 0.933744
327.5 0.931868
327.6 0.931382
327.7 0.928434
327.8 0.930828
327.9 0.931404
328 0.931521
328.1 0.932591
328.2 0.936531
328.3 0.937951
328.4 0.938932
328.5 0.939047
328.6 0.937944
328.7 0.938029
328.8 0.938855
328.9 0.940178
329 0.939275
329.1 0.93916
329.2 0.940459
329.3 0.940475
329.4 0.937539
329.5 0.936539
329.6 0.934841
329.7 0.936566
329.8 0.934412
329.9 0.93625
330 0.937241
330.1 0.936355
330.2 0.937603
330.3 0.936817
330.4 0.936061
330.5 0.937209
330.6 0.938512
330.7 0.936097
330.8 0.93262
330.9 0.935587
331 0.933753
331.1 0.933742
331.2 0.933385
331.3 0.933381
331.4 0.934985
331.5 0.9284
331.6 0.932447
331.7 0.932421
331.8 0.929548
331.9 0.93032
332 0.932455
332.1 0.931877
332.2 0.934309
332.3 0.933972
332.4 0.933581
332.5 0.934529
332.6 0.937121
332.7 0.937904
332.8 0.939084
332.9 0.937668
333 0.937236
333.1 0.9361
333.2 0.935997
333.3 0.934759
333.4 0.935833
333.5 0.935661
333.6 0.937086
333.7 0.937104
333.8 0.93732
333.9 0.937804
334 0.938375
334.1 0.939557
334.2 0.939002
334.3 0.938982
334.4 0.940715
334.5 0.937682
334.6 0.938158
334.7 0.939596
334.8 0.939413
334.9 0.939799
335 0.93877
335.1 0.939999
335.2 0.939831
335.3 0.940387
335.4 0.939784
335.5 0.938368
335.6 0.937713
335.7 0.937477
335.8 0.937233
335.9 0.937433
336 0.93926
336.1 0.939589
336.2 0.939988
336.3 0.939056
336.4 0.939071
336.5 0.938227
336.6 0.936336
336.7 0.935235
336.8 0.934839
336.9 0.936802
337 0.936332
337.1 0.936128
337.2 0.936456
337.3 0.936027
337.4 0.936576
337.5 0.937708
337.6 0.937578
337.7 0.938321
337.8 0.936748
337.9 0.938039
338 0.939407
338.1 0.940599
338.2 0.938997
338.3 0.93957
338.4 0.939871
338.5 0.941179
338.6 0.940597
338.7 0.940098
338.8 0.938061
338.9 0.939127
339 0.937034
339.1 0.937566
339.2 0.938646
339.3 0.935094
339.4 0.936153
339.5 0.934932
339.6 0.934361
339.7 0.934304
339.8 0.9365
339.9 0.937015
340 0.935805
340.1 0.936384
340.2 0.938
340.3 0.937184
340.4 0.937497
340.5 0.937588
340.6 0.937938
340.7 0.934606
340.8 0.935737
340.9 0.934811
341 0.936481
341.1 0.938366
341.2 0.935142
341.3 0.936401
341.4 0.937039
341.5 0.936492
341.6 0.935724
341.7 0.936699
341.8 0.936087
341.9 0.937459
342 0.936181
342.1 0.9362
342.2 0.935473
342.3 0.935843
342.4 0.936196
342.5 0.93583
342.6 0.938136
342.7 0.93899
342.8 0.937305
342.9 0.937454
343 0.935731
343.1 0.935387
343.2 0.937047
343.3 0.937855
343.4 0.937022
343.5 0.938657
343.6 0.937506
343.7 0.938597
343.8 0.93782
343.9 0.935118
344 0.933589
344.1 0.933618
344.2 0.93262
344.3 0.933016
344.4 0.934541
344.5 0.932951
344.6 0.934204
344.7 0.934682
344.8 0.935297
344.9 0.93544
345 0.936765
345.1 0.935741
345.2 0.936796
345.3 0.93493
345.4 0.935011
345.5 0.937049
345.6 0.93443
345.7 0.936056
345.8 0.935197
345.9 0.936513
346 0.938804
346.1 0.938626
346.2 0.933949
346.3 0.934855
346.4 0.936927
346.5 0.938054
346.6 0.93899
346.7 0.939649
346.8 0.940958
346.9 0.939627
347 0.939805
347.1 0.940636
347.2 0.94102
347.3 0.940272
347.4 0.939252
347.5 0.939637
347.6 0.941357
347.7 0.941332
347.8 0.940385
347.9 0.94165
348 0.940965
348.1 0.942704
348.2 0.941579
348.3 0.939373
348.4 0.937751
348.5 0.938202
348.6 0.937838
348.7 0.937898
348.8 0.937884
348.9 0.939332
349 0.938373
349.1 0.93696
349.2 0.936105
349.3 0.935617
349.4 0.937661
349.5 0.937154
349.6 0.938357
349.7 0.938268
349.8 0.937455
349.9 0.937117
350 0.937327
350.1 0.937438
350.2 0.938652
350.3 0.941001
350.4 0.94021
350.5 0.941806
350.6 0.94097
350.7 0.939731
350.8 0.939183
350.9 0.938394
351 0.938077
351.1 0.936437
351.2 0.934367
351.3 0.935294
351.4 0.934058
351.5 0.932678
351.6 0.93513
351.7 0.93621
351.8 0.935995
351.9 0.936996
352 0.938597
352.1 0.937906
352.2 0.937762
352.3 0.936772
352.4 0.935215
352.5 0.935806
352.6 0.935872
352.7 0.935143
352.8 0.934171
352.9 0.934797
353 0.935692
353.1 0.936906
353.2 0.938618
353.3 0.938321
353.4 0.936932
353.5 0.937866
353.6 0.938703
353.7 0.938011
353.8 0.937317
353.9 0.935862
354 0.934141
354.1 0.933161
354.2 0.933818
354.3 0.936674
354.4 0.93663
354.5 0.937104
354.6 0.937495
354.7 0.937735
354.8 0.935618
354.9 0.935043
355 0.934114
355.1 0.934768
355.2 0.936644
355.3 0.936638
355.4 0.936575
355.5 0.938122
355.6 0.938032
355.7 0.936762
355.8 0.9377
355.9 0.937794
356 0.938424
356.1 0.938425
356.2 0.938168
356.3 0.934852
356.4 0.936984
356.5 0.939849
356.6 0.939347
356.7 0.939746
356.8 0.939875
356.9 0.940756
357 0.940367
357.1 0.940957
357.2 0.941018
357.3 0.941083
357.4 0.940469
357.5 0.941623
357.6 0.941717
357.7 0.94189
357.8 0.94105
357.9 0.939
358 0.94043
358.1 0.940258
358.2 0.940768
358.3 0.939669
358.4 0.940289
358.5 0.940114
358.6 0.940392
358.7 0.937444
358.8 0.937636
358.9 0.938531
359 0.939055
359.1 0.939532
359.2 0.938928
359.3 0.939767
359.4 0.939622
359.5 0.936208
359.6 0.935306
359.7 0.938163
359.8 0.937927
359.9 0.938773
360 0.938157
360.1 0.938178
360.2 0.936651
360.3 0.938108
360.4 0.938074
360.5 0.937734
360.6 0.938221
360.7 0.938323
360.8 0.939158
360.9 0.937683
361 0.938065
361.1 0.938451
361.2 0.939372
361.3 0.936732
361.4 0.939321
361.5 0.936889
361.6 0.937598
361.7 0.938625
361.8 0.938336
361.9 0.939263
362 0.938317
362.1 0.937368
362.2 0.939458
362.3 0.940064
362.4 0.940498
362.5 0.942392
362.6 0.943285
362.7 0.941804
362.8 0.940475
362.9 0.939337
363 0.93831
363.1 0.939369
363.2 0.940125
363.3 0.942037
363.4 0.941657
363.5 0.940347
363.6 0.94065
363.7 0.940001
363.8 0.941288
363.9 0.942183
364 0.94324
364.1 0.942198
364.2 0.940786
364.3 0.942624
364.4 0.943168
364.5 0.942827
364.6 0.940056
364.7 0.939354
364.8 0.931513
364.9 0.930567
365 0.931692
365.1 0.930462
365.2 0.933259
365.3 0.93485
365.4 0.934891
365.5 0.934628
365.6 0.93506
365.7 0.932794
365.8 0.935344
365.9 0.937703
366 0.93669
366.1 0.937481
366.2 0.938068
366.3 0.93823
366.4 0.939614
366.5 0.937725
366.6 0.937242
366.7 0.938464
366.8 0.938429
366.9 0.937977
367 0.939656
367.1 0.937812
367.2 0.935821
367.3 0.934279
367.4 0.936116
367.5 0.936626
367.6 0.936124
367.7 0.937346
367.8 0.938899
367.9 0.93829
368 0.937331
368.1 0.93531
368.2 0.936388
368.3 0.936255
368.4 0.937983
368.5 0.939062
368.6 0.93954
368.7 0.937654
368.8 0.939994
368.9 0.93715
369 0.938703
369.1 0.938974
369.2 0.937475
369.3 0.936841
369.4 0.93651
369.5 0.93847
369.6 0.936957
369.7 0.936794
369.8 0.937307
369.9 0.9389
370 0.938718
370.1 0.937488
370.2 0.936276
370.3 0.937945
370.4 0.938257
370.5 0.936663
370.6 0.93647
370.7 0.937214
370.8 0.938446
370.9 0.938068
371 0.938897
371.1 0.93964
371.2 0.94011
371.3 0.939549
371.4 0.94102
371.5 0.939973
371.6 0.940242
371.7 0.939789
371.8 0.938736
371.9 0.937375
372 0.93536
372.1 0.935838
372.2 0.936945
372.3 0.938698
372.4 0.940101
372.5 0.939186
372.6 0.939625
372.7 0.939723
372.8 0.937777
372.9 0.936325
373 0.93716
373.1 0.938164
373.2 0.936675
373.3 0.935013
373.4 0.937441
373.5 0.938463
373.6 0.939835
373.7 0.939371
373.8 0.939017
373.9 0.939535
374 0.937169
374.1 0.936928
374.2 0.936805
374.3 0.938864
374.4 0.937861
374.5 0.939164
374.6 0.938875
374.7 0.938134
374.8 0.936976
374.9 0.936403
375 0.935425
375.1 0.935289
375.2 0.936339
375.3 0.938013
375.4 0.937577
375.5 0.93922
375.6 0.938928
375.7 0.937073
375.8 0.937799
375.9 0.939692
376 0.939574
376.1 0.941389
376.2 0.942221
376.3 0.941152
376.4 0.940012
376.5 0.938433
376.6 0.938168
376.7 0.937636
376.8 0.938681
376.9 0.938686
377 0.939026
377.1 0.938826
377.2 0.938018
377.3 0.938724
377.4 0.938087
377.5 0.936809
377.6 0.9355
377.7 0.930113
377.8 0.930983
377.9 0.932457
378 0.934891
378.1 0.935564
378.2 0.934998
378.3 0.936267
378.4 0.933956
378.5 0.932234
378.6 0.931802
378.7 0.930637
378.8 0.931376
378.9 0.932369
379 0.933935
379.1 0.934771
379.2 0.932097
379.3 0.930892
379.4 0.93327
379.5 0.935168
379.6 0.935912
379.7 0.935888
379.8 0.937004
379.9 0.937633
380 0.938461
380.1 0.937901
380.2 0.936617
380.3 0.937278
380.4 0.936418
380.5 0.93673
380.6 0.93526
380.7 0.937399
380.8 0.93756
380.9 0.938712
381 0.938005
381.1 0.938979
381.2 0.937529
381.3 0.938261
381.4 0.938371
381.5 0.939594
381.6 0.939458
381.7 0.938321
381.8 0.939236
381.9 0.939768
382 0.939219
382.1 0.940162
382.2 0.939308
382.3 0.938224
382.4 0.937972
382.5 0.93582
382.6 0.934775
382.7 0.936915
382.8 0.935931
382.9 0.937735
383 0.938769
383.1 0.936591
383.2 0.935364
383.3 0.935714
383.4 0.937017
383.5 0.937531
383.6 0.935213
383.7 0.937027
383.8 0.935606
383.9 0.935602
384 0.936065
384.1 0.938003
384.2 0.938105
384.3 0.939601
384.4 0.94131
384.5 0.940206
384.6 0.940427
384.7 0.942007
384.8 0.941279
384.9 0.9418
385 0.94227
385.1 0.940929
385.2 0.940688
385.3 0.939069
385.4 0.938866
385.5 0.938326
385.6 0.938501
385.7 0.939308
385.8 0.938879
385.9 0.940507
386 0.941006
386.1 0.940689
386.2 0.942183
386.3 0.941626
386.4 0.940448
386.5 0.938708
386.6 0.938757
386.7 0.939824
386.8 0.941572
386.9 0.941778
387 0.941777
387.1 0.941458
387.2 0.942215
387.3 0.94125
387.4 0.937866
387.5 0.937943
387.6 0.935774
387.7 0.937458
387.8 0.937845
387.9 0.936927
388 0.934546
388.1 0.936204
388.2 0.936859
388.3 0.936906
388.4 0.938655
388.5 0.938832
388.6 0.938571
388.7 0.937485
388.8 0.939904
388.9 0.939651
389 0.939806
389.1 0.93882
389.2 0.939095
389.3 0.941196
389.4 0.940475
389.5 0.938823
389.6 0.936427
389.7 0.934357
389.8 0.933536
389.9 0.93546
390 0.933562
390.1 0.934085
390.2 0.933154
390.3 0.931527
390.4 0.932721
390.5 0.934618
390.6 0.932349
390.7 0.933211
390.8 0.935139
390.9 0.934413
391 0.934536
391.1 0.933294
391.2 0.936772
391.3 0.938125
391.4 0.937818
391.5 0.937862
391.6 0.938376
391.7 0.937295
391.8 0.937874
391.9 0.936741
392 0.934787
392.1 0.935697
392.2 0.937754
392.3 0.936358
392.4 0.935546
392.5 0.935637
392.6 0.935964
392.7 0.936164
392.8 0.936684
392.9 0.938924
393 0.939255
393.1 0.93819
393.2 0.93928
393.3 0.93925
393.4 0.940013
393.5 0.93978
393.6 0.939583
393.7 0.937845
393.8 0.935698
393.9 0.937951
394 0.936941
394.1 0.938229
394.2 0.938602
394.3 0.936583
394.4 0.935579
394.5 0.936485
394.6 0.935325
394.7 0.935878
394.8 0.93401
394.9 0.933713
395 0.933075
395.1 0.936072
395.2 0.937484
395.3 0.939984
395.4 0.939655
395.5 0.939126
395.6 0.936773
395.7 0.939712
395.8 0.942294
395.9 0.94195
396 0.942062
396.1 0.941941
396.2 0.940591
396.3 0.940124
396.4 0.938696
396.5 0.938387
396.6 0.938205
396.7 0.939858
396.8 0.940656
396.9 0.938914
397 0.939454
397.1 0.938487
397.2 0.938561
397.3 0.938699
397.4 0.938342
397.5 0.941265
397.6 0.942699
397.7 0.94176
397.8 0.941321
397.9 0.941515
398 0.938702
398.1 0.940104
398.2 0.940373
398.3 0.939748
398.4 0.938971
398.5 0.935698
398.6 0.936035
398.7 0.935172
398.8 0.936105
398.9 0.938367
399 0.937788
399.1 0.936773
399.2 0.937922
399.3 0.93779
399.4 0.940202
399.5 0.941448
399.6 0.939558
399.7 0.940368
399.8 0.941481
399.9 0.940585
400 0.94126
400.1 0.940843
400.2 0.941702
400.3 0.942054
400.4 0.942064
400.5 0.941332
400.6 0.941676
400.7 0.942181
400.8 0.939853
400.9 0.940497
401 0.941133
401.1 0.937841
401.2 0.936354
401.3 0.935769
401.4 0.932783
401.5 0.932658
401.6 0.933892
401.7 0.934098
401.8 0.934764
401.9 0.934618
402 0.934547
402.1 0.935039
402.2 0.935702
402.3 0.934368
402.4 0.93612
402.5 0.932826
402.6 0.933566
402.7 0.932477
402.8 0.932352
402.9 0.933793
403 0.93546
403.1 0.932997
403.2 0.934632
403.3 0.935491
403.4 0.936091
403.5 0.935579
403.6 0.936244
403.7 0.934519
403.8 0.936751
403.9 0.93865
404 0.939549
404.1 0.939189
404.2 0.936663
404.3 0.936973
404.4 0.937604
404.5 0.938084
404.6 0.933891
404.7 0.933747
404.8 0.933802
404.9 0.933592
405 0.932152
405.1 0.934038
405.2 0.934902
405.3 0.935065
405.4 0.936898
405.5 0.936411
405.6 0.937724
405.7 0.938902
405.8 0.941339
405.9 0.940077
406 0.93822
406.1 0.937841
406.2 0.936259
406.3 0.93638
406.4 0.936144
406.5 0.935854
406.6 0.93479
406.7 0.932554
406.8 0.933697
406.9 0.934702
407 0.936848
407.1 0.934867
407.2 0.935864
407.3 0.936735
407.4 0.937428
407.5 0.940439
407.6 0.939772
407.7 0.937566
407.8 0.939593
407.9 0.938565
408 0.936395
408.1 0.938932
408.2 0.938656
408.3 0.939139
408.4 0.940683
408.5 0.941253
408.6 0.940537
408.7 0.938141
408.8 0.936732
408.9 0.937393
409 0.938511
409.1 0.938429
409.2 0.938181
409.3 0.940995
409.4 0.939524
409.5 0.940846
409.6 0.940503
409.7 0.940352
409.8 0.939013
409.9 0.938951
410 0.940804
410.1 0.940258
410.2 0.941227
410.3 0.941693
410.4 0.939827
410.5 0.940926
410.6 0.940338
410.7 0.940777
410.8 0.939832
410.9 0.938025
411 0.940162
411.1 0.941526
411.2 0.941404
411.3 0.939998
411.4 0.940254
411.5 0.941165
411.6 0.940609
411.7 0.940158
411.8 0.940758
411.9 0.939472
412 0.939781
412.1 0.939448
412.2 0.936234
412.3 0.935478
412.4 0.936599
412.5 0.936763
412.6 0.936333
412.7 0.931077
412.8 0.929972
412.9 0.931904
413 0.933003
413.1 0.933706
413.2 0.934533
413.3 0.93386
413.4 0.93094
413.5 0.930577
413.6 0.929366
413.7 0.930008
413.8 0.932411
413.9 0.932194
414 0.933396
414.1 0.933466
414.2 0.934931
414.3 0.936784
414.4 0.935132
414.5 0.937777
414.6 0.938024
414.7 0.937012
414.8 0.938401
414.9 0.937875
415 0.937657
415.1 0.935816
415.2 0.936323
415.3 0.937248
415.4 0.938416
415.5 0.936193
415.6 0.93416
415.7 0.934088
415.8 0.934261
415.9 0.935712
416 0.93918
416.1 0.93923
416.2 0.939107
416.3 0.939983
416.4 0.938801
416.5 0.939449
416.6 0.940229
416.7 0.940629
416.8 0.939642
416.9 0.937899
417 0.936294
417.1 0.935512
417.2 0.937362
417.3 0.936934
417.4 0.936468
417.5 0.937997
417.6 0.937301
417.7 0.936938
417.8 0.937593
417.9 0.935179
418 0.936808
418.1 0.936789
418.2 0.935976
418.3 0.937298
418.4 0.935566
418.5 0.934885
418.6 0.93699
418.7 0.936991
418.8 0.935106
418.9 0.934997
419 0.936145
419.1 0.936048
419.2 0.936955
419.3 0.938395
419.4 0.935053
419.5 0.935394
419.6 0.936938
419.7 0.935343
419.8 0.937244
419.9 0.940099
420 0.941533
420.1 0.941052
420.2 0.941297
420.3 0.94171
420.4 0.941329
420.5 0.938637
420.6 0.937339
420.7 0.938384
420.8 0.937242
420.9 0.936925
421 0.936814
421.1 0.937025
421.2 0.935594
421.3 0.934187
421.4 0.934991
421.5 0.935938
421.6 0.936738
421.7 0.939099
421.8 0.937108
421.9 0.934638
422 0.93294
422.1 0.932875
422.2 0.933428
422.3 0.933705
422.4 0.935935
422.5 0.93639
422.6 0.936142
422.7 0.937159
422.8 0.938309
422.9 0.940864
423 0.939448
423.1 0.940633
423.2 0.942079
423.3 0.940232
423.4 0.94111
423.5 0.941149
423.6 0.942206
423.7 0.940891
423.8 0.939111
423.9 0.93791
424 0.937992
424.1 0.939078
424.2 0.938208
424.3 0.938419
424.4 0.939801
424.5 0.940853
424.6 0.941225
424.7 0.939104
424.8 0.940447
424.9 0.940083
425 0.938353
425.1 0.938026
425.2 0.936577
425.3 0.934785
425.4 0.934433
425.5 0.934332
425.6 0.936334
425.7 0.934744
425.8 0.935895
425.9 0.936722
426 0.937711
426.1 0.936733
426.2 0.939379
426.3 0.938586
426.4 0.937518
426.5 0.936406
426.6 0.935884
426.7 0.936825
426.8 0.936611
426.9 0.936539
427 0.935175
427.1 0.934398
427.2 0.934961
427.3 0.935211
427.4 0.935118
427.5 0.934003
427.6 0.933137
427.7 0.933406
427.8 0.931085
427.9 0.931949
428 0.932476
428.1 0.933267
428.2 0.934715
428.3 0.935013
428.4 0.933548
428.5 0.935092
428.6 0.936457
428.7 0.936032
428.8 0.936176
428.9 0.936975
429 0.93361
429.1 0.934785
429.2 0.935472
429.3 0.935835
429.4 0.935914
429.5 0.935527
429.6 0.933717
429.7 0.932012
429.8 0.933753
429.9 0.934154
430 0.934795
430.1 0.934098
430.2 0.933447
430.3 0.934687
430.4 0.935398
430.5 0.939942
430.6 0.938785
430.7 0.940626
430.8 0.940463
430.9 0.941774
431 0.940207
431.1 0.93933
431.2 0.939469
431.3 0.939437
431.4 0.940284
431.5 0.94024
431.6 0.937446
431.7 0.938782
431.8 0.937698
431.9 0.938872
432 0.937909
432.1 0.935327
432.2 0.938245
432.3 0.937926
432.4 0.936551
432.5 0.937466
432.6 0.936509
432.7 0.936584
432.8 0.936559
432.9 0.936694
433 0.937475
433.1 0.936584
433.2 0.934985
433.3 0.936591
433.4 0.937338
433.5 0.937496
433.6 0.938596
433.7 0.938095
433.8 0.939267
433.9 0.938707
434 0.940385
434.1 0.941748
434.2 0.940397
434.3 0.939701
434.4 0.941477
434.5 0.939441
434.6 0.937257
434.7 0.937386
434.8 0.938321
434.9 0.938904
435 0.938608
435.1 0.939426
435.2 0.940186
435.3 0.939708
435.4 0.939593
435.5 0.940246
435.6 0.940519
435.7 0.941157
435.8 0.93967
435.9 0.940375
436 0.940928
436.1 0.939378
436.2 0.938676
436.3 0.937608
436.4 0.936772
436.5 0.935786
436.6 0.937678
436.7 0.938488
436.8 0.936109
436.9 0.937551
437 0.937482
437.1 0.936807
437.2 0.939307
437.3 0.939199
437.4 0.937995
437.5 0.937642
437.6 0.936757
437.7 0.938823
437.8 0.937719
437.9 0.939238
438 0.939022
438.1 0.939075
438.2 0.939603
438.3 0.937044
438.4 0.93797
438.5 0.938147
438.6 0.936815
438.7 0.936996
438.8 0.940382
438.9 0.940657
439 0.938416
439.1 0.937598
439.2 0.936894
439.3 0.937646
439.4 0.936518
439.5 0.93657
439.6 0.935432
439.7 0.93545
439.8 0.936682
439.9 0.938579
440 0.939547
440.1 0.938992
440.2 0.938384
440.3 0.93782
440.4 0.938749
440.5 0.935605
440.6 0.936455
440.7 0.934157
440.8 0.936618
440.9 0.93813
441 0.936884
441.1 0.937043
441.2 0.939468
441.3 0.938666
441.4 0.938854
441.5 0.940094
441.6 0.94227
441.7 0.94115
441.8 0.939848
441.9 0.940472
442 0.939999
442.1 0.941134
442.2 0.941782
442.3 0.940881
442.4 0.939082
442.5 0.938805
442.6 0.937656
442.7 0.935689
442.8 0.936035
442.9 0.936264
443 0.935556
443.1 0.937963
443.2 0.939146
443.3 0.93813
443.4 0.936297
443.5 0.939031
443.6 0.937635
443.7 0.936847
443.8 0.939668
443.9 0.938822
444 0.939195
444.1 0.939112
444.2 0.935218
444.3 0.934025
444.4 0.935882
444.5 0.935685
444.6 0.93579
444.7 0.936932
444.8 0.931993
444.9 0.932922
445 0.93453
445.1 0.936754
445.2 0.935394
445.3 0.936874
445.4 0.937687
445.5 0.93819
445.6 0.937459
445.7 0.934924
445.8 0.935691
445.9 0.936991
446 0.937741
446.1 0.936886
446.2 0.936261
446.3 0.937904
446.4 0.937426
446.5 0.93762
446.6 0.936294
446.7 0.937682
446.8 0.937636
446.9 0.936126
447 0.935443
447.1 0.935059
447.2 0.931098
447.3 0.929781
447.4 0.930215
447.5 0.931374
447.6 0.93122
447.7 0.933676
447.8 0.934466
447.9 0.934875
448 0.933334
448.1 0.933683
448.2 0.934491
448.3 0.937106
448.4 0.938834
448.5 0.939327
448.6 0.939452
448.7 0.939763
448.8 0.940207
448.9 0.940429
449 0.94087
449.1 0.941733
449.2 0.941878
449.3 0.942586
449.4 0.943276
449.5 0.942291
449.6 0.94179
449.7 0.941786
449.8 0.943098
449.9 0.94256
450 0.942626
450.1 0.940668
450.2 0.941021
450.3 0.94168
450.4 0.941753
450.5 0.942428
450.6 0.941829
450.7 0.939286
450.8 0.939679
450.9 0.940664
451 0.94073
451.1 0.940386
451.2 0.940406
451.3 0.938239
451.4 0.94064
451.5 0.941621
451.6 0.941736
451.7 0.940872
451.8 0.936088
451.9 0.938479
452 0.93864
452.1 0.938693
452.2 0.937726
452.3 0.939111
452.4 0.937322
452.5 0.937839
452.6 0.938572
452.7 0.939723
452.8 0.939745
452.9 0.939473
453 0.939774
453.1 0.938689
453.2 0.938314
453.3 0.93481
453.4 0.937448
453.5 0.935003
453.6 0.933869
453.7 0.933717
453.8 0.933832
453.9 0.936787
454 0.937058
454.1 0.936928
454.2 0.936612
454.3 0.938013
454.4 0.936692
454.5 0.936831
454.6 0.93449
454.7 0.933003
454.8 0.935374
454.9 0.934564
455 0.937093
455.1 0.937248
455.2 0.938338
455.3 0.940449
455.4 0.943017
455.5 0.942014
455.6 0.940463
455.7 0.939853
455.8 0.939149
455.9 0.939336
456 0.93967
456.1 0.938412
456.2 0.937891
456.3 0.938574
456.4 0.93712
456.5 0.93742
456.6 0.936243
456.7 0.935111
456.8 0.936666
456.9 0.937062
457 0.93655
457.1 0.937957
457.2 0.937808
457.3 0.938232
457.4 0.939076
457.5 0.939772
457.6 0.939877
457.7 0.93745
457.8 0.936707
457.9 0.938014
458 0.938577
458.1 0.938863
458.2 0.940094
458.3 0.939849
458.4 0.938477
458.5 0.938484
458.6 0.939419
458.7 0.938661
458.8 0.938589
458.9 0.936553
459 0.936875
459.1 0.936361
459.2 0.933177
459.3 0.935951
459.4 0.936944
459.5 0.936528
459.6 0.93668
459.7 0.935571
459.8 0.937287
459.9 0.938451
460 0.937649
460.1 0.939022
460.2 0.938214
460.3 0.937244
460.4 0.93834
460.5 0.94002
460.6 0.941159
460.7 0.939355
460.8 0.939779
460.9 0.937834
461 0.937706
461.1 0.937532
461.2 0.934202
461.3 0.935744
461.4 0.937025
461.5 0.935892
461.6 0.936327
461.7 0.936877
461.8 0.936056
461.9 0.935
462 0.934687
462.1 0.935645
462.2 0.937826
462.3 0.936068
462.4 0.935944
462.5 0.93649
462.6 0.935674
462.7 0.935756
462.8 0.936139
462.9 0.933796
463 0.934354
463.1 0.935803
463.2 0.938662
463.3 0.937258
463.4 0.939166
463.5 0.939107
463.6 0.937909
463.7 0.937421
463.8 0.937881
463.9 0.934727
464 0.933738
464.1 0.933194
464.2 0.934726
464.3 0.936252
464.4 0.938838
464.5 0.937984
464.6 0.935847
464.7 0.937203
464.8 0.936139
464.9 0.936881
465 0.938553
465.1 0.939039
465.2 0.939376
465.3 0.938078
465.4 0.937323
465.5 0.937966
465.6 0.938561
465.7 0.936134
465.8 0.937049
465.9 0.93745
466 0.938414
466.1 0.93831
466.2 0.935059
466.3 0.934932
466.4 0.934497
466.5 0.933759
466.6 0.932716
466.7 0.934128
466.8 0.937936
466.9 0.938453
467 0.938603
467.1 0.939147
467.2 0.938461
467.3 0.939332
467.4 0.939522
467.5 0.938034
467.6 0.938776
467.7 0.938292
467.8 0.938542
467.9 0.938113
468 0.937846
468.1 0.939157
468.2 0.939017
468.3 0.939494
468.4 0.940391
468.5 0.940726
468.6 0.94099
468.7 0.940165
468.8 0.938988
468.9 0.937936
469 0.93838
469.1 0.938103
469.2 0.938143
469.3 0.937182
469.4 0.936208
469.5 0.936641
469.6 0.935101
469.7 0.935955
469.8 0.937596
469.9 0.938453
470 0.940045
470.1 0.93895
470.2 0.939965
470.3 0.938866
470.4 0.938406
470.5 0.937446
470.6 0.939019
470.7 0.938136
470.8 0.939801
470.9 0.937844
471 0.937015
471.1 0.937628
471.2 0.93629
471.3 0.937431
471.4 0.938569
471.5 0.936964
471.6 0.935564
471.7 0.935245
471.8 0.936064
471.9 0.93617
472 0.934056
472.1 0.934481
472.2 0.935314
472.3 0.932352
472.4 0.934889
472.5 0.934847
472.6 0.935714
472.7 0.936488
472.8 0.937388
472.9 0.938807
473 0.937048
473.1 0.93679
473.2 0.935089
473.3 0.935391
473.4 0.935889
473.5 0.936881
473.6 0.935496
473.7 0.935336
473.8 0.936696
473.9 0.934353
474 0.935329
474.1 0.934023
474.2 0.930828
474.3 0.932498
474.4 0.933201
474.5 0.934089
474.6 0.936664
474.7 0.935194
474.8 0.934131
474.9 0.934724
475 0.933477
475.1 0.933521
475.2 0.934291
475.3 0.935952
475.4 0.936833
475.5 0.938682
475.6 0.938394
475.7 0.940511
475.8 0.942014
475.9 0.942686
476 0.942854
476.1 0.943123
476.2 0.941716
476.3 0.940511
476.4 0.940549
476.5 0.939478
476.6 0.938214
476.7 0.938405
476.8 0.938361
476.9 0.937832
477 0.938007
477.1 0.939838
477.2 0.94194
477.3 0.940927
477.4 0.94207
477.5 0.943394
477.6 0.94218
477.7 0.942583
477.8 0.941338
477.9 0.941019
478 0.940585
478.1 0.937493
478.2 0.937543
478.3 0.935517
478.4 0.938981
478.5 0.937436
478.6 0.937397
478.7 0.939802
478.8 0.940622
478.9 0.934428
479 0.93423
479.1 0.935366
479.2 0.935631
479.3 0.936065
479.4 0.933492
479.5 0.933319
479.6 0.93498
479.7 0.934452
479.8 0.935311
479.9 0.933836
480 0.933897
480.1 0.935482
480.2 0.935639
480.3 0.935326
480.4 0.93815
480.5 0.938794
480.6 0.938125
480.7 0.939768
480.8 0.937885
480.9 0.937335
481 0.9368
481.1 0.936808
481.2 0.937073
481.3 0.936311
481.4 0.938709
481.5 0.936601
481.6 0.93707
481.7 0.936112
481.8 0.936792
481.9 0.937251
482 0.937457
482.1 0.937072
482.2 0.937506
482.3 0.939292
482.4 0.939605
482.5 0.9405
482.6 0.940282
482.7 0.941116
482.8 0.938352
482.9 0.938017
483 0.937407
483.1 0.935943
483.2 0.932572
483.3 0.934126
483.4 0.93271
483.5 0.934785
483.6 0.934485
483.7 0.936145
483.8 0.937116
483.9 0.938425
484 0.939044
484.1 0.939633
484.2 0.940657
484.3 0.941425
484.4 0.941799
484.5 0.942185
484.6 0.941391
484.7 0.940597
484.8 0.940701
484.9 0.940626
485 0.940661
485.1 0.940398
485.2 0.939804
485.3 0.940789
485.4 0.938773
485.5 0.939748
485.6 0.940651
485.7 0.94067
485.8 0.942884
485.9 0.943174
486 0.943489
486.1 0.944091
486.2 0.941839
486.3 0.942276
486.4 0.940861
486.5 0.939973
486.6 0.940138
486.7 0.939845
486.8 0.941019
486.9 0.942674
487 0.942918
487.1 0.941641
487.2 0.941865
487.3 0.941479
487.4 0.942726
487.5 0.941623
487.6 0.941734
487.7 0.941783
487.8 0.940641
487.9 0.938988
488 0.938033
488.1 0.939072
488.2 0.93973
488.3 0.94106
488.4 0.940604
488.5 0.938866
488.6 0.939359
488.7 0.937275
488.8 0.936647
488.9 0.936595
489 0.935855
489.1 0.9371
489.2 0.934654
489.3 0.932448
489.4 0.932456
489.5 0.932556
489.6 0.93324
489.7 0.934252
489.8 0.934072
489.9 0.933689
490 0.932896
490.1 0.932873
490.2 0.934757
490.3 0.935787
490.4 0.93461
490.5 0.933855
490.6 0.936662
490.7 0.937802
490.8 0.940488
490.9 0.93991
491 0.939464
491.1 0.93935
491.2 0.93923
491.3 0.940999
491.4 0.939892
491.5 0.941206
491.6 0.940289
491.7 0.937867
491.8 0.93689
491.9 0.938557
492 0.940707
492.1 0.939822
492.2 0.938263
492.3 0.939263
492.4 0.938721
492.5 0.941282
492.6 0.942539
492.7 0.942695
492.8 0.9404
492.9 0.939649
493 0.940006
493.1 0.93963
493.2 0.939517
493.3 0.940719
493.4 0.94027
493.5 0.941057
493.6 0.939107
493.7 0.939704
493.8 0.940109
493.9 0.940813
494 0.940162
494.1 0.940532
494.2 0.939166
494.3 0.939777
494.4 0.93984
494.5 0.94072
494.6 0.940083
494.7 0.940489
494.8 0.940075
494.9 0.940151
495 0.938629
495.1 0.938661
495.2 0.938271
495.3 0.937931
495.4 0.940674
495.5 0.940125
495.6 0.93871
495.7 0.939483
495.8 0.93522
495.9 0.936474
496 0.937484
496.1 0.93833
496.2 0.940289
496.3 0.936751
496.4 0.937584
496.5 0.935836
496.6 0.933267
496.7 0.934197
496.8 0.934701
496.9 0.93406
497 0.934378
497.1 0.934188
497.2 0.933656
497.3 0.932792
497.4 0.93639
497.5 0.937259
497.6 0.938984
497.7 0.938961
497.8 0.938487
497.9 0.937538
498 0.938668
498.1 0.939695
498.2 0.940732
498.3 0.939311
498.4 0.941339
498.5 0.942135
498.6 0.94176
498.7 0.938034
498.8 0.940045
498.9 0.940914
499 0.938992
499.1 0.93652
499.2 0.936202
499.3 0.934347
499.4 0.933069
499.5 0.934431
499.6 0.934442
499.7 0.932647
499.8 0.933289
499.9 0.93236
