0 0.00252218
0.1 0.00253693
0.2 0.00146974
0.3 0.00212561
0.4 0.000429444
0.5 0.00119969
0.6 0.0034265
0.7 0.00376392
0.8 0.00366416
0.9 0.00344003
1 0.00382283
1.1 0.00513719
1.2 0.00554041
1.3 0.00651149
1.4 0.00760497
1.5 0.00925645
1.6 0.00990546
1.7 0.0104104
1.8 0.00961475
1.9 0.0108185
2 0.0120048
2.1 0.0138939
2.2 0.0154863
2.3 0.0150628
2.4 0.0157681
2.5 0.0171272
2.6 0.0182595
2.7 0.0182333
2.8 0.0183821
2.9 0.0182069
3 0.0169661
3.1 0.0174852
3.2 0.0179601
3.3 0.0193017
3.4 0.0207115
3.5 0.0206901
3.6 0.0198583
3.7 0.0207175
3.8 0.0199781
3.9 0.0206014
4 0.0196186
4.1 0.0196387
4.2 0.0189007
4.3 0.0197006
4.4 0.0191255
4.5 0.0212922
4.6 0.0212819
4.7 0.0222301
4.8 0.0216479
4.9 0.0212371
5 0.0213126
5.1 0.0208094
5.2 0.020711
5.3 0.0221644
5.4 0.0211781
5.5 0.0208013
5.6 0.0203735
5.7 0.0203418
5.8 0.0219052
5.9 0.021265
6 0.0226042
6.1 0.0222495
6.2 0.0222241
6.3 0.0214127
6.4 0.0228029
6.5 0.0240691
6.6 0.0243418
6.7 0.0254027
6.8 0.0256065
6.9 0.0256156
7 0.0258884
7.1 0.0259832
7.2 0.0258875
7.3 0.0270048
7.4 0.0263786
7.5 0.0271372
7.6 0.0268076
7.7 0.0275448
7.8 0.0275008
7.9 0.0287963
8 0.029151
8.1 0.0273696
8.2 0.0282716
8.3 0.0280923
8.4 0.0284932
8.5 0.0268687
8.6 0.0274607
8.7 0.0253044
8.8 0.0245468
8.9 0.0234785
9 0.0234603
9.1 0.0230491
9.2 0.0233847
9.3 0.0250161
9.4 0.0250933
9.5 0.0244699
9.6 0.0234363
9.7 0.0250949
9.8 0.0250304
9.9 0.0273235
10 0.0260802
10.1 0.0261234
10.2 0.0279719
10.3 0.0279161
10.4 0.028823
10.5 0.0297682
10.6 0.0291517
10.7 0.0287931
10.8 0.0292767
10.9 0.0286642
11 0.0290717
11.1 0.0298194
11.2 0.0298051
11.3 0.0310122
11.4 0.0309962
11.5 0.0320207
11.6 0.0318963
11.7 0.0311441
11.8 0.0322562
11.9 0.0331154
12 0.0345547
12.1 0.0354812
12.2 0.0347998
12.3 0.0340045
12.4 0.0348349
12.5 0.0371038
12.6 0.0371306
12.7 0.0377541
12.8 0.0391353
12.9 0.0380742
13 0.0368598
13.1 0.0386346
13.2 0.0375016
13.3 0.0379403
13.4 0.0377186
13.5 0.0399962
13.6 0.0410854
13.7 0.0414376
13.8 0.0427033
13.9 0.0441048
14 0.0458796
14.1 0.0455117
14.2 0.0467714
14.3 0.0480963
14.4 0.0491142
14.5 0.0503164
14.6 0.0536606
14.7 0.0560739
14.8 0.0552979
14.9 0.0547944
15 0.0560518
15.1 0.0556852
15.2 0.0546327
15.3 0.0538213
15.4 0.0542999
15.5 0.054904
15.6 0.0561783
15.7 0.0542465
15.8 0.0530005
15.9 0.0535224
16 0.0535429
16.1 0.0540062
16.2 0.0539084
16.3 0.0562201
16.4 0.0578451
16.5 0.0585512
16.6 0.0567289
16.7 0.056739
16.8 0.0573354
16.9 0.0585403
17 0.0597732
17.1 0.0599703
17.2 0.0616728
17.3 0.0627494
17.4 0.0625714
17.5 0.0640206
17.6 0.0654559
17.7 0.0658504
17.8 0.0654978
17.9 0.0639688
18 0.0627795
18.1 0.064023
18.2 0.0642387
18.3 0.0653267
18.4 0.0667989
18.5 0.0676046
18.6 0.0673103
18.7 0.0686165
18.8 0.0686065
18.9 0.0700573
19 0.0705466
19.1 0.070271
19.2 0.0698989
19.3 0.0705831
19.4 0.0708246
19.5 0.0711447
19.6 0.072875
19.7 0.0735932
19.8 0.0743476
19.9 0.0764148
20 0.0777524
20.1 0.0766822
20.2 0.0767464
20.3 0.0756172
20.4 0.0755584
20.5 0.0756615
20.6 0.075773
20.7 0.0748058
20.8 0.0761682
20.9 0.0772763
21 0.0766741
21.1 0.0770321
21.2 0.0787285
21.3 0.0782586
21.4 0.0787516
21.5 0.0791662
21.6 0.0794914
21.7 0.0798066
21.8 0.0787683
21.9 0.0798418
22 0.0796108
22.1 0.0787636
22.2 0.0816711
22.3 0.0828783
22.4 0.0832702
22.5 0.0835749
22.6 0.0839448
22.7 0.0855475
22.8 0.086319
22.9 0.0893718
23 0.0902925
23.1 0.0913768
23.2 0.0918367
23.3 0.09176
23.4 0.0930243
23.5 0.0930836
23.6 0.0934665
23.7 0.093647
23.8 0.092914
23.9 0.0928372
24 0.0923001
24.1 0.0922857
24.2 0.0919525
24.3 0.092698
24.4 0.0933017
24.5 0.0927087
24.6 0.0910183
24.7 0.0904169
24.8 0.090305
24.9 0.09186
25 0.0901161
25.1 0.0918265
25.2 0.0922457
25.3 0.0922631
25.4 0.0917174
25.5 0.0919521
25.6 0.0923647
25.7 0.0926257
25.8 0.0934149
25.9 0.0955683
26 0.0982833
26.1 0.0996348
26.2 0.102442
26.3 0.103228
26.4 0.103631
26.5 0.104896
26.6 0.106325
26.7 0.105771
26.8 0.105655
26.9 0.107415
27 0.107446
27.1 0.111716
27.2 0.114406
27.3 0.113198
27.4 0.112241
27.5 0.111911
27.6 0.114781
27.7 0.116674
27.8 0.11595
27.9 0.116079
28 0.115622
28.1 0.114744
28.2 0.113841
28.3 0.116094
28.4 0.115782
28.5 0.1181
28.6 0.120094
28.7 0.120288
28.8 0.120291
28.9 0.119977
29 0.121566
29.1 0.121373
29.2 0.121849
29.3 0.122021
29.4 0.122613
29.5 0.123885
29.6 0.125004
29.7 0.126101
29.8 0.12796
29.9 0.129186
30 0.130271
30.1 0.130807
30.2 0.133206
30.3 0.13271
30.4 0.133302
30.5 0.132208
30.6 0.131414
30.7 0.130319
30.8 0.131117
30.9 0.13031
31 0.128116
31.1 0.129751
31.2 0.131465
31.3 0.13104
31.4 0.132897
31.5 0.133836
31.6 0.133381
31.7 0.133646
31.8 0.133119
31.9 0.134624
32 0.133967
32.1 0.134412
32.2 0.135304
32.3 0.136203
32.4 0.136624
32.5 0.135819
32.6 0.136525
32.7 0.137513
32.8 0.137789
32.9 0.136113
33 0.135679
33.1 0.136624
33.2 0.135378
33.3 0.137711
33.4 0.137933
33.5 0.138929
33.6 0.138953
33.7 0.137499
33.8 0.136287
33.9 0.138355
34 0.137609
34.1 0.138714
34.2 0.139537
34.3 0.14092
34.4 0.143186
34.5 0.146514
34.6 0.147647
34.7 0.14841
34.8 0.149633
34.9 0.148558
35 0.149304
35.1 0.148932
35.2 0.148432
35.3 0.148773
35.4 0.147915
35.5 0.149316
35.6 0.149266
35.7 0.14891
35.8 0.149392
35.9 0.150793
36 0.152791
36.1 0.152664
36.2 0.152492
36.3 0.153635
36.4 0.153538
36.5 0.154839
36.6 0.156034
36.7 0.157907
36.8 0.158858
36.9 0.160246
37 0.162444
37.1 0.162566
37.2 0.165228
37.3 0.166776
37.4 0.170103
37.5 0.171667
37.6 0.173603
37.7 0.174901
37.8 0.175585
37.9 0.175296
38 0.174858
38.1 0.17363
38.2 0.173131
38.3 0.172781
38.4 0.173222
38.5 0.173982
38.6 0.176159
38.7 0.176478
38.8 0.177636
38.9 0.177392
39 0.176362
39.1 0.179025
39.2 0.180456
39.3 0.183411
39.4 0.183776
39.5 0.184851
39.6 0.182008
39.7 0.183034
39.8 0.184717
39.9 0.1838
40 0.18409
40.1 0.183572
40.2 0.185159
40.3 0.183118
40.4 0.18296
40.5 0.183181
40.6 0.184235
40.7 0.18449
40.8 0.184974
40.9 0.186129
41 0.184233
41.1 0.185223
41.2 0.185579
41.3 0.185376
41.4 0.186485
41.5 0.18509
41.6 0.186016
41.7 0.185911
41.8 0.185945
41.9 0.187308
42 0.188648
42.1 0.189513
42.2 0.188423
42.3 0.190426
42.4 0.191228
42.5 0.190752
42.6 0.19082
42.7 0.18966
42.8 0.1906
42.9 0.191669
43 0.18994
43.1 0.190112
43.2 0.190225
43.3 0.190821
43.4 0.191707
43.5 0.191071
43.6 0.191934
43.7 0.192568
43.8 0.192248
43.9 0.191514
44 0.192719
44.1 0.193501
44.2 0.192862
44.3 0.191796
44.4 0.19083
44.5 0.192367
44.6 0.192652
44.7 0.192706
44.8 0.192927
44.9 0.19456
45 0.195049
45.1 0.197014
45.2 0.197175
45.3 0.195569
45.4 0.196592
45.5 0.197636
45.6 0.197811
45.7 0.19723
45.8 0.197901
45.9 0.198238
46 0.1971
46.1 0.197661
46.2 0.198425
46.3 0.196658
46.4 0.197662
46.5 0.197774
46.6 0.196588
46.7 0.197752
46.8 0.196311
46.9 0.1968
47 0.196683
47.1 0.196774
47.2 0.196528
47.3 0.19633
47.4 0.197985
47.5 0.1975
47.6 0.197353
47.7 0.197468
47.8 0.197145
47.9 0.197867
48 0.198262
48.1 0.198704
48.2 0.197911
48.3 0.199022
48.4 0.199788
48.5 0.200214
48.6 0.200845
48.7 0.200064
48.8 0.199218
48.9 0.198569
49 0.197232
49.1 0.196268
49.2 0.193734
49.3 0.194505
49.4 0.194857
49.5 0.194637
49.6 0.195352
49.7 0.195747
49.8 0.196468
49.9 0.196237
