1.17405 16.4588 1.74756
17.9883 9.31884 3.64636
11.2967 7.68309 3.83263
10.4317 13.6152 1.67281
13.1786 7.93488 3.01338
12.4663 6.94889 2.3493
18.8704 4.56866 2.97462
7.79439 10.0224 1.21272
17.9324 9.06579 3.90888
7.96688 14.6175 3.81378
5.47406 5.11551 3.92797
1.68237 18.4019 5.4962
1.54517 9.66542 1.67479
18.7254 10.4576 3.60012
12.2963 11.7338 5.48758
16.1147 12.3074 2.7055
11.9431 1.24757 4.837
18.0844 5.15282 2.06222
12.9499 12.5853 0.0354702
4.02841 17.1907 3.34922
16.08 2.24818 2.54662
8.06919 11.4075 5.38203
1.27485 9.62695 1.88948
19.0004 6.37929 5.66215
12.4426 18.8189 0.275541
16.9208 2.28591 1.27159
8.94604 8.79616 2.19552
7.93828 10.4144 4.61837
17.1134 10.8606 2.55928
4.81647 9.34344 0.621313
16.4189 9.1722 0.130134
15.1092 14.7785 1.29077
3.1923 0.614363 3.80164
12.047 1.99959 1.1596
1.40882 13.0832 2.19417
6.91333 19.5146 5.54431
14.0006 9.86347 5.21215
9.39936 9.62288 1.66129
7.78425 10.2646 4.15148
0.472318 10.8652 4.4022
8.76681 3.93513 4.87395
12.3945 17.3087 5.88136
12.5991 11.9221 2.6418
18.7776 0.0446847 2.57594
19.2836 17.9633 0.41106
6.32249 8.46755 4.44262
18.5584 15.611 2.37958
8.72575 11.0243 0.274764
11.2151 5.73325 1.81399
16.3886 5.6953 5.85972
13.7606 7.30683 0.73323
5.4773 2.32876 2.86032
18.8649 6.96723 1.31422
1.74456 2.69483 0.739072
15.1723 5.01194 5.6165
17.1691 7.46918 0.470929
2.42271 18.4182 0.723841
10.2405 17.2994 5.2814
11.5005 7.93575 2.72461
1.89608 19.663 6.16817
18.6136 11.1392 2.16047
9.92811 9.38924 0.255593
7.12599 14.5326 4.84112
3.66421 2.28919 5.39883
11.2904 18.9977 4.04997
10.8683 2.67007 5.36749
8.58775 2.74479 1.25828
0.571702 14.5207 2.64771
6.73987 4.64701 3.00116
17.8165 10.0283 4.9219
6.66435 7.83689 0.375601
1.56174 15.9278 5.52208
7.85986 5.95675 0.470192
8.86208 0.790302 5.96102
16.8724 11.3382 0.0261444
19.9597 0.870012 2.27817
14.6625 6.45648 4.15852
13.5925 18.0152 2.39992
6.08615 19.14 3.10355
2.18666 0.931474 2.4128
12.91 6.50279 4.0492
8.50134 3.11801 3.57664
3.24742 17.3744 6.11247
9.32225 0.624465 4.39495
7.40939 3.22966 0.101723
17.058 7.48268 1.51164
8.91422 4.76604 0.143684
6.54147 11.8017 6.20308
11.7373 3.53145 3.44672
4.14856 13.0717 3.37843
2.30639 3.92147 2.92548
16.7858 14.7388 3.2773
16.99 2.49482 5.08585
4.86135 15.618 2.37406
15.5724 16.6348 6.18883
4.61872 16.6684 5.94816
13.9818 15.162 3.6309
3.59068 10.5668 5.09641
4.37766 19.7438 2.86219
5.38566 15.7915 1.61585
14.2658 1.32704 2.81797
12.7826 1.82702 4.16252
3.18228 10.1054 3.43762
4.29059 16.9321 2.89312
3.71236 6.96977 4.00469
3.39598 9.61331 3.314
9.46287 4.42468 2.26541
11.4533 17.4964 1.99727
10.9282 3.82935 3.40452
3.72745 6.37836 4.04347
18.5641 19.125 2.88871
9.85983 14.7453 5.08207
18.3524 18.9552 2.30257
13.2545 15.3422 2.47425
9.96305 6.44948 2.70644
8.17053 8.85753 3.70033
10.0733 11.8343 5.22395
16.0636 14.5194 1.37537
14.627 19.4078 2.73827
2.74689 8.99975 4.63498
14.6614 11.4965 1.91145
15.6114 14.3892 0.862751
16.4304 17.8303 1.69696
6.2717 11.8122 0.595295
12.0407 6.52362 2.09055
10.1094 5.87677 2.84648
0.934269 7.07875 4.37149
12.314 2.16102 4.78977
10.5169 18.0958 2.3401
13.1146 8.21015 5.96114
4.86379 6.44746 5.38267
13.1717 3.67326 2.85462
14.2318 19.5641 2.58256
5.06939 2.37361 3.85236
0.288134 2.21681 1.94154
4.51595 13.5707 2.91813
16.0409 2.03587 4.06227
5.11176 15.0591 3.09387
6.24959 1.30209 4.21735
2.63867 1.6456 4.91749
13.3397 7.10373 1.65595
18.8756 19.4427 2.32824
5.01273 9.17837 3.95875
10.9054 5.09818 2.48535
4.93208 5.41608 0.918578
19.5369 9.19236 1.99756
16.2205 3.49558 3.40896
5.50354 17.6379 2.6668
3.20815 9.84374 3.3059
5.26859 3.68451 6.13021
19.4892 2.58135 5.10184
17.9829 7.47571 2.21534
19.7887 16.697 1.26925
2.6224 11.6374 1.68501
3.75378 1.37765 6.14494
17.1842 17.0214 1.4935
11.0967 3.08796 0.708635
5.10605 12.0428 3.13997
6.81708 14.4542 3.43235
9.76394 3.79304 1.73126
14.6154 19.8085 2.37754
18.2325 14.2165 1.06883
3.11128 7.22626 3.64528
9.57478 14.9129 5.56144
4.14679 14.1426 3.72917
18.1578 3.28873 1.355
11.8167 11.9314 1.4807
13.1224 0.323313 1.81123
17.4967 2.44999 3.02813
16.1496 0.87317 5.1294
16.1821 9.42246 0.48681
9.33931 13.7443 1.09284
14.0639 11.9664 1.97214
16.5115 15.0394 0.374135
17.7458 19.0788 2.44565
14.4053 8.6792 1.75815
17.3447 8.59871 1.7852
10.2578 6.16199 2.87759
1.43017 11.0884 4.33007
17.459 9.24883 2.05054
5.33545 1.73876 4.42538
10.5887 14.4904 4.96942
12.354 18.7606 0.813709
4.20026 12.7128 4.67709
9.33128 8.34439 2.51227
13.6913 15.8954 1.98858
14.0467 11.9936 1.54837
9.04634 15.6679 3.39705
3.87458 7.46161 3.9479
16.9036 17.7189 2.30433
17.7129 11.8907 3.02922
7.7245 13.4526 3.85516
17.7716 13.7657 4.12332
9.91313 2.67727 0.985644
4.50979 19.0534 1.23019
5.84755 9.21203 4.17983
5.06637 17.5418 2.62362
6.24862 1.2872 4.2565
14.7319 19.5529 2.51904
11.9235 2.29705 0.295835
9.57172 9.35761 1.96885
4.19045 17.8173 2.99411
14.0311 8.29627 2.49981
15.4642 15.1917 3.2289
16.265 1.42122 3.27549
13.8345 8.94954 2.64659
3.16851 11.4222 2.55409
4.20438 3.07892 2.95149
1.79311 7.16563 2.70992
16.7423 19.6332 3.62282
10.2543 4.22147 2.23337
8.35504 5.47637 3.42269
9.87973 3.89539 2.59734
5.05193 14.1481 3.47276
2.09395 12.033 2.63839
4.06506 0.392555 4.85939
14.698 3.16039 5.29745
2.7181 1.31542 0.720941
8.61803 5.84894 3.06991
4.72732 19.5204 4.87054
7.33415 13.193 3.55107
4.53898 14.7658 5.85179
8.63263 1.88172 2.94177
3.84636 0.477119 1.68678
3.92055 11.4114 2.3039
2.31867 11.2146 2.77158
13.4759 2.18 3.69596
6.58258 14.6409 3.78997
5.70264 5.95459 1.26397
2.74144 7.65303 5.89181
10.0195 9.14834 1.95726
6.16091 9.96907 2.44232
7.029 6.24888 2.07333
16.3573 17.9047 3.62211
0.836318 11.6074 2.25576
16.5254 17.2011 2.93533
9.67804 2.53029 2.64802
17.8768 0.866592 2.17712
8.82646 12.1904 5.29603
4.85324 13.1529 5.78457
15.1152 16.1691 2.37513
12.426 6.38789 2.23775
0.84365 13.2301 1.49735
3.33872 10.8748 2.80431
13.0191 8.50196 0.564417
19.1386 18.5572 2.40007
9.9694 9.05952 2.19691
17.7707 3.51998 1.98104
14.2795 11.5213 2.34105
10.7041 9.13384 1.84413
18.1789 13.1601 4.38284
17.3657 16.7932 1.59876
2.13207 6.16411 1.83178
0.840149 1.23942 2.11109
13.1201 19.4339 5.85993
15.6328 6.51276 1.43314
14.9413 11.7501 1.80232
16.2045 10.7294 1.94993
19.0464 10.2129 2.89066
3.83611 11.1122 2.28976
14.4419 9.18911 1.96132
17.4194 3.87168 2.11115
16.8631 19.9897 3.87552
16.1466 11.0609 1.2163
17.0332 19.1411 2.95006
1.06997 12.5418 1.36628
12.6655 1.00329 0.508109
10.2831 9.14307 2.20423
13.0024 10.1239 1.41402
11.3067 15.4335 3.17689
17.8633 18.4874 2.33349
17.164 19.4035 0.802423
5.84653 16.5865 3.45771
16.5779 3.47626 2.2012
9.27375 3.00576 2.73366
6.84859 12.5877 3.55021
17.681 17.9727 2.19689
2.39181 12.011 2.19479
14.015 10.2683 2.37487
11.9863 17.1912 1.895
7.05868 12.8366 4.28569
6.08358 8.77293 2.52889
10.5131 7.53079 1.58828
0.797312 3.70409 4.05566
19.9749 10.6795 2.68883
5.73021 19.8693 3.12493
8.22704 19.2702 2.77344
0.597178 11.6108 2.93039
17.4793 0.250715 3.46248
8.389 2.23405 2.32527
8.32339 9.9969 3.65462
19.4312 10.8992 2.76524
14.7606 9.87244 2.12814
5.32699 8.65755 2.81908
6.52577 14.7958 3.5654
18.8502 3.51162 2.75424
19.0843 5.18526 2.39432
1.97722 13.0346 4.7798
15.168 8.48561 1.9243
0.573561 19.6373 5.76065
6.90078 18.7563 1.99943
14.9477 0.723954 2.68074
5.82148 13.6425 2.27082
8.00121 0.981669 2.24537
11.0583 8.2626 1.87491
7.57767 15.0672 1.14441
16.5679 17.8546 2.1681
14.9973 1.14042 2.70723
13.9316 12.2522 3.11226
9.72992 5.23279 1.87936
5.84671 12.4653 1.5723
0.719209 9.62019 2.62779
7.44346 12.4282 0.912676
17.3151 17.9095 2.13575
12.5465 13.391 3.27903
5.21298 13.0685 2.98552
14.2878 18.2232 1.59345
3.54342 9.68173 2.31164
0.554633 10.4351 2.64685
6.53846 10.104 5.53234
19.4953 9.33799 2.93827
12.4121 10.6268 0.596818
0.505586 17.7863 3.45634
6.89831 9.70458 0.797991
17.4328 18.8673 2.12337
16.8418 18.1617 2.23007
4.93535 2.55974 2.75215
18.0609 11.9103 2.62477
7.75139 14.9959 1.38087
4.5538 0.363544 3.96797
10.0609 18.7361 1.65686
17.3415 11.2697 3.19955
0.0609214 11.5369 2.49794
7.09437 18.4716 2.23293
17.723 0.655737 1.76216
11.6475 5.31942 1.67662
1.84329 7.21643 2.72737
10.5547 7.43391 2.50305
10.7456 18.6143 1.94129
19.9087 10.2573 2.28004
6.58698 0.748249 2.93264
5.41045 6.54596 4.26015
18.2998 1.8523 1.43081
13.9994 13.7467 3.11789
9.36179 16.5732 2.16704
13.4814 6.35429 2.12038
10.4936 18.4605 0.825592
10.3958 8.81802 3.17114
8.99967 19.5877 1.70431
9.8981 18.3307 1.09115
11.8729 6.43406 3.06134
13.06 4.49425 3.0468
16.8736 13.5893 1.71494
13.8945 7.69187 1.5177
12.6557 12.0786 3.88295
16.5161 15.268 2.25436
11.2172 19.1309 2.57397
15.5114 0.120255 2.15696
12.6498 4.83141 3.35708
17.7193 18.7155 2.88924
15.3931 18.0046 0.826034
10.7518 10.6506 3.10756
9.80624 5.1574 1.86434
15.4435 19.5724 2.62019
11.7462 5.9105 1.52695
7.7612 19.2784 0.0506325
17.4062 9.29335 0.656261
6.30379 17.8836 2.4176
9.76549 18.7722 1.89731
5.66397 8.32568 4.24682
12.7681 6.6374 2.11629
13.7998 7.24118 1.7081
1.9891 10.6364 5.13979
9.16773 9.69196 2.9463
2.5589 9.85993 2.50376
17.5315 10.6211 3.45314
9.75615 3.80834 2.45094
18.0466 0.591451 2.0257
10.9459 19.1418 1.52089
3.88993 1.37592 2.82384
19.7681 9.57276 2.75456
6.243 17.9113 2.01695
9.50301 16.6487 1.54026
14.9351 8.4119 1.63119
15.1425 19.1573 2.01495
4.11855 11.0097 4.2757
18.4406 19.9554 3.24696
15.7881 19.7773 2.57326
15.1795 8.58763 1.57022
6.38917 9.40469 1.54745
0.135884 10.9844 2.37429
15.4809 19.4401 2.02377
16.2021 17.6652 0.929185
16.2847 10.8232 3.27091
17.8556 11.6988 2.6237
9.8342 6.71479 2.62249
11.5847 7.91994 2.63539
13.3582 11.8617 3.03896
13.9747 17.7203 1.44175
16.845 15.5522 2.42079
0.711207 5.9103 2.61522
8.48505 7.85497 2.50215
2.81786 1.73895 1.17641
2.69705 8.57233 3.35595
3.70923 12.5168 3.44525
14.5059 1.51182 0.472871
15.4184 7.3037 1.65787
17.2565 9.9006 1.14337
6.74048 16.908 1.91161
2.04429 8.94823 3.0783
8.20104 0.889263 1.48007
17.8957 18.7582 1.81718
11.7975 0.379217 1.88092
11.4235 5.45536 1.74485
3.16729 11.9704 3.35515
17.6921 18.2186 1.57562
10.3868 7.02321 2.1324
16.7613 16.1246 1.47062
16.9997 18.832 1.64132
15.8718 8.0552 0.210165
14.4533 16.2147 2.08615
17.4374 18.3578 1.55422
12.1463 1.81529 2.14885
11.8568 18.2323 1.31255
11.8843 6.57789 2.36008
12.7488 7.10309 2.38111
1.87926 10.3378 1.44949
15.3452 19.5364 2.60035
14.6226 0.347122 1.14824
4.23076 11.5051 3.66818
7.38808 7.86275 2.34881
11.4026 17.3248 1.95595
18.4407 0.489359 0.970043
6.52728 8.06673 1.98661
16.3799 10.2503 1.43097
9.70333 14.7859 1.11015
16.2389 0.515547 4.33662
1.06515 7.13526 2.98376
7.70792 7.9358 2.0632
12.6132 16.5548 2.21255
0.533514 7.19953 3.08544
18.7248 0.525659 2.80029
2.68402 10.3512 1.14312
4.195 12.392 3.33227
1.19354 1.4457 2.38134
13.694 14.9847 0.541988
6.44406 7.27533 1.99401
0.740092 6.92664 3.02099
8.9183 9.07148 1.99368
8.96735 7.38403 2.48849
8.50124 15.1516 2.33861
3.978 1.46693 2.71561
8.24393 15.8509 2.8268
11.7006 17.1267 2.51642
3.33309 11.927 3.78128
10.9505 1.01586 1.18764
8.23818 8.51122 1.53774
9.33737 7.3265 2.16875
4.30561 5.4155 2.47437
14.5918 7.41951 1.58307
14.5133 7.07044 1.32598
3.47709 5.10031 3.75774
1.81859 6.53439 3.26239
7.61328 4.84992 2.67072
10.9005 15.5482 1.61055
12.3736 0.703764 1.907
13.9434 17.2948 2.13028
18.0217 1.96876 3.23879
7.75049 8.3416 1.36697
0.918545 0.788465 3.82912
11.0361 15.9793 1.84601
11.6681 16.7676 1.9642
0.973285 1.31437 4.38346
0.057747 9.70646 3.98327
16.9175 16.8775 1.68338
11.3803 16.5625 1.66212
3.60735 10.6835 2.92629
17.0222 9.91245 0.842471
8.06742 7.99603 2.20491
16.45 0.775746 4.34776
16.6358 18.7077 1.93671
18.0114 2.04072 3.03674
0.665298 0.128211 3.0583
11.6849 17.5977 1.63403
8.1189 5.57 2.7808
17.8662 4.73691 3.37351
10.9132 4.27718 2.46206
8.11749 5.6653 2.89815
10.3175 16.4145 2.07944
3.81322 15.4653 2.99456
15.5438 19.2802 2.59144
9.2071 6.01318 2.36544
12.3025 5.59185 2.80104
10.326 17.2262 2.24454
10.0115 17.3117 2.0721
3.02558 11.6852 1.47406
5.17613 10.2003 5.28579
3.77705 12.0988 3.75876
12.2947 7.05238 2.24537
14.6344 3.99382 1.60017
11.4799 6.09494 2.58001
2.32702 15.4447 1.70365
0.734603 9.78848 3.23234
14.6234 13.3866 1.89357
14.3951 14.6607 2.70275
18.2295 10.4923 1.18093
13.6426 16.9472 1.67202
2.89826 17.4908 1.71212
5.09131 5.2512 2.57265
14.62 13.8956 2.06454
4.3458 9.3348 2.48786
18.3466 8.57018 1.35741
8.68987 9.50319 1.926
7.76879 14.6009 1.60929
13.954 14.6603 2.9468
17.9004 8.02551 1.32291
5.79171 14.7794 2.79303
15.4038 5.69687 2.0855
18.3621 8.50868 1.07947
11.1564 6.74835 2.72251
6.49717 1.74756 2.59208
18.7345 7.98815 1.6594
9.73093 10.9537 1.40279
5.55549 4.7561 2.51276
3.54106 11.4103 2.97471
6.41332 14.4979 2.6777
5.67647 18.4234 1.18896
12.4746 8.58143 1.62519
14.5303 9.74295 2.2108
15.4977 8.99436 2.53818
4.5596 17.0039 1.92335
5.50097 4.8171 2.65786
0.332026 7.93113 2.69196
19.6181 13.9811 1.71897
2.52443 17.6479 1.08793
18.52 17.5311 0.883029
12.0342 11.9602 4.12018
11.4599 6.69554 2.97499
4.24164 17.0592 1.88313
5.54631 2.99397 2.47733
11.3513 10.0511 2.3993
14.7676 9.20814 1.69237
14.5252 13.8676 2.0963
14.8336 9.46818 2.88029
13.1156 6.69171 3.18462
1.67364 12.5033 5.35223
19.8762 13.8801 1.93302
11.1506 8.99329 3.01471
8.55561 18.6931 1.95957
19.5462 8.78178 2.47728
1.19845 18.6719 3.92456
14.9152 5.05351 2.51989
19.6142 17.6654 2.36957
4.40492 3.62181 2.6048
15.2167 7.19022 3.43063
9.4662 10.0489 1.52017
5.02283 17.6916 1.88809
2.15005 13.9709 2.69829
15.3082 8.7049 3.2679
10.8826 16.4745 2.3223
12.3108 16.4779 2.33367
14.9402 5.38524 2.24006
15.0317 11.8906 2.06344
18.6076 8.53666 2.85439
4.99135 2.86079 2.35681
12.5371 10.3361 1.31292
8.58527 5.28718 2.36202
8.39448 0.0520435 3.35867
6.16034 17.0955 2.39281
12.325 16.7032 3.47095
5.97782 4.07895 2.37663
6.18933 4.8585 2.67714
11.7639 18.6849 3.40776
10.9979 8.38478 3.3289
14.6003 6.35213 2.04147
5.63199 4.31864 2.15462
14.1673 11.0579 2.60901
2.24106 17.4412 1.95555
5.20426 17.392 1.99954
8.21713 16.0905 3.41239
11.5007 6.02314 3.22514
8.65387 19.8897 3.40972
10.849 0.368397 2.49403
5.59876 4.60682 2.31928
18.9746 8.69301 2.70975
8.3971 1.94511 3.49437
3.66303 10.6978 2.35228
18.3771 6.11057 3.49937
2.10146 18.1926 3.69085
15.7728 0.783888 2.57571
9.19468 6.01061 3.43023
0.0417632 8.86495 2.90457
6.03856 12.9184 2.49536
1.35666 19.9877 3.40761
1.94421 18.4975 4.2226
14.8876 15.6768 3.58857
19.9452 8.58035 2.02546
15.1557 14.1966 2.67986
7.82491 15.1645 2.47009
10.2964 12.6321 2.49951
8.38418 13.9463 0.616979
7.11027 3.82407 1.50677
14.4679 16.5913 1.51774
10.0724 2.0035 1.87254
5.10666 17.9866 2.58591
17.2668 15.7413 3.25102
6.9487 1.00279 3.60795
1.56442 7.05531 1.75817
3.74426 13.754 1.01976
7.36235 0.332949 2.60863
17.5757 4.41166 3.35437
13.2469 16.7711 1.96182
4.44847 17.5176 2.93521
6.41392 3.40313 0.872837
5.71655 19.4612 2.15581
14.1121 16.6072 2.23512
16.2098 15.5285 3.21239
9.12147 12.9868 2.07684
15.1054 17.5905 2.06898
1.96073 9.98641 2.58226
19.7337 8.41205 1.75037
13.5085 16.245 2.19728
9.93739 0.221672 2.00219
16.8617 8.00353 3.14653
14.4128 8.43045 3.31186
16.8473 16.0602 2.60878
2.11311 7.32361 1.64143
14.1098 18.0522 1.942
14.3466 19.2924 1.75665
12.0964 17.9672 1.55069
17.3709 2.41783 3.18858
16.8496 9.19097 2.74692
15.7663 15.7853 2.43989
13.3445 0.651576 1.84229
19.1657 5.63605 2.77936
2.43005 5.89481 1.91797
6.4603 3.98457 4.09012
4.50611 12.9403 1.55113
17.4022 1.89986 3.28767
16.6425 5.43944 3.14938
11.7427 18.4713 1.72495
14.4069 18.6791 1.71914
5.7609 17.6071 3.08876
11.7822 18.2561 1.94405
16.7019 19.9556 5.97603
17.4268 4.69339 4.02134
4.04421 1.98758 1.60881
2.42426 10.9453 3.44978
19.7931 2.76177 2.86644
12.2058 11.0009 4.02548
13.3185 1.01045 2.11961
6.53311 9.45279 3.28371
2.60911 5.78103 1.47665
16.5 7.89137 3.43435
7.04079 12.1433 2.35281
9.70749 19.8168 1.96567
0.216495 6.27147 2.04845
2.46098 2.69507 1.3321
5.46777 8.19028 3.42827
1.91699 17.8065 3.23854
2.98466 16.473 3.90458
6.11382 8.77334 3.36486
12.8394 0.672307 1.66325
10.3029 13.1043 3.13652
16.0136 6.44053 2.91343
14.3773 19.3204 2.18193
19.8371 6.35823 1.73328
19.2414 2.28201 3.24854
0.255235 4.15733 2.90956
2.59327 16.865 3.41699
18.1839 9.61777 3.1462
17.5024 8.90966 2.83388
2.2007 19.6077 3.48453
1.96722 10.5361 2.53805
6.18992 10.745 2.49622
17.8512 9.89784 2.38271
11.7562 19.9906 0.908278
14.3946 2.89287 2.24883
3.02549 6.97805 1.96652
0.712595 1.38773 2.34341
2.28807 9.23145 3.16935
19.7215 3.49344 2.86105
2.22691 19.9231 3.64912
16.604 8.55748 2.91177
13.3763 16.3902 2.5767
0.485879 4.89265 2.9247
14.9638 8.85197 3.89343
9.30429 3.19511 4.19809
13.5201 17.7928 1.94951
10.5878 6.48854 3.7182
0.32194 6.76638 2.53728
13.4679 15.9092 2.08564
16.719 15.988 2.75118
12.1821 3.04508 2.60759
14.091 0.026768 1.58545
7.70824 1.26194 2.52236
14.3236 16.4974 1.42284
9.8841 2.29724 2.16592
19.4802 0.205125 2.77323
2.30473 17.6808 3.48247
9.27097 1.78005 2.48936
8.05556 13.3568 2.14662
7.87395 2.99097 3.00921
4.40622 9.87309 2.29401
16.3799 17.6608 3.59927
9.00951 0.584268 2.61802
17.8726 2.15902 1.95122
16.8979 15.2819 2.35146
1.5064 1.99797 3.00604
18.8994 16.2802 4.01559
9.12538 7.66169 2.37699
4.3932 0.62354 3.12538
14.6806 17.19 3.29731
6.35984 12.5679 2.47975
16.7362 1.88553 2.86952
8.19865 3.84833 3.26476
7.21755 14.3425 4.11385
1.86519 16.0237 3.99139
14.7194 6.4014 0.847893
15.0374 16.559 2.75005
11.8409 12.5056 3.20687
5.27403 1.57472 2.66935
12.6389 7.62417 1.59998
7.62845 5.40557 3.14825
6.23906 5.14697 2.90024
9.80747 2.07293 2.67632
16.6675 15.194 1.96988
13.222 7.69921 1.87001
8.48132 5.37152 3.15609
12.8275 7.69405 1.45418
8.31884 2.10308 3.25951
8.60723 12.3929 3.09627
6.93368 19.922 2.75072
6.91556 7.0239 2.66303
16.3434 12.7837 2.57532
3.18476 15.3202 0.940189
19.1777 17.776 3.23207
3.97341 2.71438 1.63901
9.70674 18.1098 2.90259
6.84719 4.86109 3.46313
3.91283 3.50911 2.34156
13.4473 8.28728 1.31135
17.7893 2.58336 3.07908
5.04986 4.65481 1.14433
0.449971 11.3144 4.59073
9.16929 4.62201 2.93527
6.03343 10.8054 2.14333
12.9929 13.0858 2.97413
10.4017 3.78457 2.43875
7.01995 3.90261 3.40758
6.00166 5.71702 3.14055
0.510438 2.6167 4.55668
4.49847 15.3426 1.5916
8.04054 3.72037 3.72473
17.3528 12.6663 3.79379
5.39989 8.47872 2.5399
16.4504 15.3967 2.0299
6.48007 11.5961 1.25729
17.1304 3.19928 4.15869
12.9389 16.4649 3.30132
14.8551 15.8103 3.05531
1.25634 1.36907 3.31758
5.88592 5.57686 3.33082
5.61324 1.2762 2.11844
6.77957 6.24561 3.10654
13.056 8.78726 1.62391
13.462 13.1683 2.53078
9.84207 3.168 2.45859
12.4326 8.8628 1.89857
13.1376 16.876 2.94707
10.6172 13.7078 2.28104
8.52936 12.4887 2.45214
19.8322 12.0531 4.28295
12.5356 12.2903 3.0867
16.4814 11.6399 2.79732
8.99653 11.9642 3.12431
13.4053 8.60319 2.27924
5.48071 6.70366 3.19109
16.1709 13.7597 2.2651
11.3631 2.21075 3.33968
14.0092 12.6764 2.83195
12.4173 8.23046 1.62552
13.6187 16.6323 2.91832
8.19165 4.91788 3.6159
5.47865 2.28323 2.73595
16.316 10.659 0.521629
5.84779 6.80935 3.76468
0.556292 1.25545 3.27711
13.7377 7.67421 1.65207
3.42512 6.69861 2.68826
13.2908 12.875 2.90652
6.71267 3.00115 1.92728
9.26053 1.84977 2.39327
3.42884 7.22546 2.50542
7.90997 5.703 3.38607
18.8976 5.40071 2.68143
9.0483 4.32329 2.30147
4.29275 10.1022 2.01729
10.1069 3.18989 2.74616
13.6517 13.459 3.80298
5.03777 9.67024 1.73459
19.7094 17.9557 2.42441
18.208 2.40032 3.2443
16.7386 15.1469 3.02161
7.18615 15.7265 2.4392
5.13756 9.27025 2.0322
9.27993 2.49964 3.42425
11.5578 3.46873 2.66752
12.0417 3.19727 2.59698
10.3511 14.5536 2.57427
0.713704 11.9638 2.66072
16.3291 4.21004 1.62132
6.0657 17.591 2.16343
16.9243 15.0428 3.25523
7.03694 1.85726 2.76351
18.6573 2.81152 2.95278
19.5449 12.882 2.74668
14.8783 11.1346 2.25379
0.277646 12.3851 2.19312
7.58315 1.78219 2.90982
3.22946 16.5677 2.91866
17.6694 7.49707 2.09538
9.33051 16.7394 1.42822
18.5555 2.99017 3.47889
17.1497 8.87682 2.79637
2.15761 8.26457 2.7598
13.4158 4.32759 1.76679
8.97402 16.349 1.94142
2.81193 12.068 1.46884
10.4372 16.8818 1.59662
19.044 2.86059 2.9771
19.4162 9.26018 3.10346
17.9008 18.7281 3.61577
4.98536 13.1814 1.09656
7.42625 16.6773 2.39944
0.722689 3.60849 2.6574
13.6269 10.606 4.33488
5.82041 11.9755 1.29414
2.91569 15.1998 5.00915
19.8339 19.0127 4.25387
14.6492 4.59075 2.98278
11.1079 17.3302 1.28247
10.657 17.0779 3.14932
19.5695 12.4498 2.66137
18.349 3.26357 3.10014
0.857095 8.95178 2.45558
0.3883 17.8488 2.66544
3.58268 12.793 2.79983
4.88771 10.9876 1.82404
19.1931 8.99768 2.0552
0.671388 12.0008 1.1173
12.8819 2.18923 2.34444
19.3447 1.49657 3.69165
18.5852 2.74852 3.47006
9.55074 7.42971 3.02688
15.8243 7.55553 2.89723
12.2783 4.15589 1.91914
14.0088 16.2772 0.780477
7.94203 0.482086 3.58836
3.25167 17.1934 2.66899
7.18037 16.1567 2.49436
12.8225 17.0871 3.77302
16.5857 8.09201 3.20734
18.3349 7.65119 2.33148
17.8094 9.46725 2.88741
12.3804 18.5775 1.5787
4.60712 17.1775 3.14008
7.23446 12.231 1.32296
7.38844 16.5894 2.17815
3.32282 17.3068 2.83858
1.72339 13.4306 3.78423
0.210955 17.47 2.79283
6.66213 9.89764 0.479391
3.69618 15.8551 2.85529
9.66711 18.4201 2.25503
19.5294 12.7125 2.58597
7.53264 16.3508 2.21276
15.7616 7.89499 2.96326
13.0716 2.60717 1.77597
3.89039 17.7584 4.45215
5.84925 17.4937 2.70557
7.34038 16.1823 2.25259
6.59661 2.82352 2.21704
18.6295 4.94323 2.94051
18.4131 8.77325 1.76998
0.645463 17.9451 1.91877
19.0719 12.7371 2.57714
11.3971 18.6848 2.96581
10.3103 16.6349 2.04885
14.1256 4.12566 3.18159
5.07334 17.9576 2.61641
0.173268 9.2292 2.09157
4.03625 9.80857 1.50782
19.5191 15.9039 1.82538
18.7773 5.64385 2.75722
9.50853 8.0276 3.10303
0.757552 9.09329 2.50488
17.0823 15.5485 3.12886
4.72019 10.3628 1.34632
4.45568 15.7153 3.58727
5.19972 19.4781 1.18397
10.5498 1.20618 2.75581
8.63153 0.171967 3.24299
8.2765 13.3792 2.23902
18.9095 0.0519629 2.17642
3.45222 18.7713 1.63736
0.493978 19.7702 3.7156
5.50294 10.705 1.87639
5.8641 10.5732 1.96189
3.27579 19.4378 2.12238
11.6995 14.8387 3.26967
11.7742 12.129 1.56266
18.0337 2.89932 2.6674
8.77435 18.9546 1.78551
18.2435 6.06266 2.37013
9.18374 0.86288 3.45276
11.0742 16.9795 1.96395
8.10794 17.6766 2.37475
11.4719 16.5615 2.64791
0.933737 8.50704 2.23077
13.537 17.3263 2.28407
15.2995 16.0188 2.3379
3.5108 4.42284 2.40422
10.8073 7.23045 2.20244
9.60216 15.0438 1.8585
13.0278 7.17877 3.71896
8.21512 12.663 2.40068
3.01979 4.04911 1.98998
19.6908 0.613833 1.68183
3.33905 3.61204 2.17219
11.9776 8.94338 1.46977
11.9181 14.8247 2.60009
9.95026 0.0458003 1.37975
10.6944 0.194693 2.23254
19.3853 2.20955 2.54443
15.9328 11.1394 3.07715
10.6 1.85417 3.00654
13.3371 17.1444 0.616329
16.2813 11.0412 3.19376
14.9776 11.1091 3.78695
9.6325 12.2574 1.68977
10.974 6.64417 1.73988
4.12507 4.1581 2.50528
11.6605 17.3888 2.41078
8.82655 4.54673 3.18717
15.2261 16.8668 2.64839
10.9266 19.9592 2.94741
15.3637 17.5724 2.29348
5.16767 0.615103 1.10759
15.0688 17.9357 2.29235
15.9307 19.6617 2.39935
12.1095 10.6837 1.71014
10.4373 19.4077 2.68024
9.21304 1.74418 2.98757
0.749894 10.4382 2.34276
7.3245 12.3908 2.28218
6.6861 10.7151 3.1306
16.588 3.35578 1.78935
19.3155 2.64496 2.20225
13.9262 18.1408 1.94707
19.2524 1.7781 1.99508
4.24164 13.99 4.07833
8.45207 13.0316 2.50762
10.3045 12.9413 2.21578
10.5172 15.0034 1.71602
11.2982 7.71301 2.05246
15.8725 19.8661 2.2766
5.4146 0.817567 2.36425
19.676 2.26838 2.14845
16.8394 3.27073 1.61774
12.5795 11.0011 2.74328
10.9772 19.534 2.69015
16.0423 8.57158 5.54113
14.4438 18.6397 2.25919
0.292664 0.416917 2.95203
10.3436 15.9515 3.07787
3.7657 5.0475 2.07858
6.82938 11.144 2.96917
13.4273 12.2802 1.28368
15.2368 17.3291 2.38175
18.8696 3.64609 1.98149
0.130165 2.76073 2.08638
1.99874 10.4173 2.95867
11.7324 11.5474 2.1703
15.4158 18.1144 1.98481
14.3385 5.33887 2.07206
10.5467 16.8713 1.73651
3.87273 4.45461 1.58896
3.91667 3.7835 1.94694
9.82502 11.9627 1.72005
15.9049 0.86239 3.07604
3.80719 16.9881 0.671891
4.26757 19.4624 2.13729
11.6848 0.733104 3.11572
12.4219 12.1248 2.15073
0.0362274 6.86259 2.50986
14.8248 16.784 2.39907
11.2202 2.59759 2.49773
3.95656 19.8153 2.18242
16.2063 11.5865 3.05445
