0 0.0318525
0.1 0.0304521
0.2 0.0253229
0.3 0.0202221
0.4 0.0173724
0.5 0.0193214
0.6 0.0190432
0.7 0.0121979
0.8 0.0100904
0.9 0.0039347
1 0.0037602
1.1 0.0216231
1.2 0.0207675
1.3 0.0184306
1.4 0.02548
1.5 0.0413705
1.6 0.0555798
1.7 0.057856
1.8 0.0682121
1.9 0.0638855
2 0.0634912
2.1 0.0775183
2.2 0.0918056
2.3 0.0897141
2.4 0.090557
2.5 0.108891
2.6 0.105363
2.7 0.11574
2.8 0.117511
2.9 0.114689
3 0.110674
3.1 0.109558
3.2 0.114832
3.3 0.126005
3.4 0.11589
3.5 0.121699
3.6 0.11493
3.7 0.098029
3.8 0.0991816
3.9 0.0983765
4 0.112153
4.1 0.124966
4.2 0.121739
4.3 0.120616
4.4 0.129894
4.5 0.11892
4.6 0.131159
4.7 0.120326
4.8 0.132137
4.9 0.130043
5 0.134617
5.1 0.151277
5.2 0.166928
5.3 0.17368
5.4 0.1765
5.5 0.186814
5.6 0.180976
5.7 0.185029
5.8 0.180011
5.9 0.178319
6 0.189245
6.1 0.200479
6.2 0.213918
6.3 0.231641
6.4 0.240773
6.5 0.253591
6.6 0.241084
6.7 0.239581
6.8 0.236547
6.9 0.237746
7 0.232165
7.1 0.244158
7.2 0.240388
7.3 0.255646
7.4 0.27463
7.5 0.279282
7.6 0.288529
7.7 0.287229
7.8 0.2876
7.9 0.29215
8 0.300986
8.1 0.305544
8.2 0.308968
8.3 0.307081
8.4 0.303705
8.5 0.300203
8.6 0.305439
8.7 0.324638
8.8 0.326798
8.9 0.320126
9 0.320115
9.1 0.326721
9.2 0.323509
9.3 0.329876
9.4 0.329592
9.5 0.327213
9.6 0.328215
9.7 0.32734
9.8 0.32627
9.9 0.331943
10 0.338258
10.1 0.33477
10.2 0.338624
10.3 0.328997
10.4 0.32934
10.5 0.34382
10.6 0.336968
10.7 0.340495
10.8 0.349421
10.9 0.345408
11 0.34857
11.1 0.345152
11.2 0.340238
11.3 0.343306
11.4 0.349321
11.5 0.33599
11.6 0.328387
11.7 0.32999
11.8 0.315302
11.9 0.30665
12 0.315734
12.1 0.32968
12.2 0.347681
12.3 0.351067
12.4 0.358395
12.5 0.366337
12.6 0.366729
12.7 0.384338
12.8 0.370237
12.9 0.377369
13 0.377296
13.1 0.386515
13.2 0.391983
13.3 0.409353
13.4 0.412891
13.5 0.394474
13.6 0.385961
13.7 0.385861
13.8 0.375053
13.9 0.364971
14 0.368626
14.1 0.377008
14.2 0.370221
14.3 0.365563
14.4 0.380768
14.5 0.389084
14.6 0.384139
14.7 0.390231
14.8 0.378779
14.9 0.371887
15 0.368956
15.1 0.376634
15.2 0.364218
15.3 0.367796
15.4 0.364938
15.5 0.369276
15.6 0.377677
15.7 0.38672
15.8 0.401092
15.9 0.407208
16 0.410914
16.1 0.404657
16.2 0.412462
16.3 0.416446
16.4 0.411787
16.5 0.411792
16.6 0.41999
16.7 0.434839
16.8 0.435847
16.9 0.446567
17 0.457175
17.1 0.468904
17.2 0.468276
17.3 0.467009
17.4 0.459202
17.5 0.458039
17.6 0.455473
17.7 0.464023
17.8 0.465491
17.9 0.462544
18 0.459476
18.1 0.453151
18.2 0.459572
18.3 0.469479
18.4 0.483451
18.5 0.486315
18.6 0.485262
18.7 0.491019
18.8 0.497069
18.9 0.497188
19 0.495183
19.1 0.512585
19.2 0.538427
19.3 0.546091
19.4 0.543747
19.5 0.549533
19.6 0.553602
19.7 0.541632
19.8 0.551023
19.9 0.557514
20 0.563228
20.1 0.560358
20.2 0.55518
20.3 0.556664
20.4 0.563713
20.5 0.550189
20.6 0.565
20.7 0.56783
20.8 0.579577
20.9 0.580968
21 0.573467
21.1 0.581352
21.2 0.571154
21.3 0.57047
21.4 0.564403
21.5 0.571589
21.6 0.570028
21.7 0.56454
21.8 0.567462
21.9 0.564248
22 0.568199
22.1 0.564382
22.2 0.557393
22.3 0.555266
22.4 0.564849
22.5 0.566517
22.6 0.561171
22.7 0.563712
22.8 0.565274
22.9 0.564412
23 0.570669
23.1 0.583897
23.2 0.580209
23.3 0.593339
23.4 0.591688
23.5 0.594302
23.6 0.603289
23.7 0.606298
23.8 0.608578
23.9 0.618378
24 0.623323
24.1 0.629812
24.2 0.627053
24.3 0.626151
24.4 0.618663
24.5 0.6173
24.6 0.609742
24.7 0.611198
24.8 0.623816
24.9 0.624102
25 0.623201
25.1 0.622553
25.2 0.633457
25.3 0.646497
25.4 0.653092
25.5 0.653417
25.6 0.648249
25.7 0.654351
25.8 0.649663
25.9 0.641395
26 0.633816
26.1 0.626815
26.2 0.622452
26.3 0.624991
26.4 0.62232
26.5 0.617808
26.6 0.613355
26.7 0.61771
26.8 0.607989
26.9 0.60871
27 0.603636
27.1 0.615373
27.2 0.607905
27.3 0.603506
27.4 0.604245
27.5 0.597931
27.6 0.605199
27.7 0.605157
27.8 0.60799
27.9 0.614848
28 0.615905
28.1 0.631472
28.2 0.634318
28.3 0.646222
28.4 0.655448
28.5 0.672333
28.6 0.675083
28.7 0.665246
28.8 0.672382
28.9 0.671842
29 0.668433
29.1 0.672719
29.2 0.672728
29.3 0.672096
29.4 0.664304
29.5 0.653658
29.6 0.653411
29.7 0.664147
29.8 0.662642
29.9 0.672758
30 0.675847
30.1 0.674386
30.2 0.676559
30.3 0.670634
30.4 0.669588
30.5 0.680607
30.6 0.67426
30.7 0.671366
30.8 0.669476
30.9 0.671886
31 0.65868
31.1 0.669008
31.2 0.669624
31.3 0.684218
31.4 0.678587
31.5 0.674749
31.6 0.66848
31.7 0.668892
31.8 0.666833
31.9 0.65998
32 0.663571
32.1 0.669029
32.2 0.667788
32.3 0.65894
32.4 0.66299
32.5 0.64815
32.6 0.645151
32.7 0.647103
32.8 0.635183
32.9 0.642781
33 0.649229
33.1 0.641845
33.2 0.643715
33.3 0.6433
33.4 0.644061
33.5 0.654741
33.6 0.656993
33.7 0.662174
33.8 0.666139
33.9 0.671235
34 0.686256
34.1 0.691344
34.2 0.695119
34.3 0.703836
34.4 0.701649
34.5 0.692673
34.6 0.689542
34.7 0.695676
34.8 0.691118
34.9 0.692654
35 0.693021
35.1 0.699616
35.2 0.700912
35.3 0.700312
35.4 0.698029
35.5 0.703584
35.6 0.690851
35.7 0.681025
35.8 0.685567
35.9 0.699452
36 0.688211
36.1 0.70531
36.2 0.706244
36.3 0.712515
36.4 0.705642
36.5 0.70512
36.6 0.695777
36.7 0.690446
36.8 0.67828
36.9 0.672101
37 0.663816
37.1 0.676322
37.2 0.675223
37.3 0.670133
37.4 0.67886
37.5 0.677835
37.6 0.674867
37.7 0.672286
37.8 0.661275
37.9 0.663561
38 0.66487
38.1 0.650653
38.2 0.648079
38.3 0.651644
38.4 0.657021
38.5 0.6543
38.6 0.646466
38.7 0.654743
38.8 0.645657
38.9 0.65037
39 0.641553
39.1 0.63544
39.2 0.63665
39.3 0.634322
39.4 0.621128
39.5 0.622248
39.6 0.629846
39.7 0.632389
39.8 0.647119
39.9 0.651352
40 0.660069
40.1 0.658919
40.2 0.6595
40.3 0.653487
40.4 0.660701
40.5 0.654949
40.6 0.652986
40.7 0.662632
40.8 0.65204
40.9 0.658539
41 0.66761
41.1 0.677457
41.2 0.671029
41.3 0.666645
41.4 0.682647
41.5 0.691745
41.6 0.685766
41.7 0.690651
41.8 0.689903
41.9 0.699309
42 0.693394
42.1 0.686991
42.2 0.693592
42.3 0.687129
42.4 0.665202
42.5 0.664025
42.6 0.658055
42.7 0.659326
42.8 0.66711
42.9 0.667656
43 0.662349
43.1 0.658131
43.2 0.659275
43.3 0.660453
43.4 0.659509
43.5 0.663301
43.6 0.655383
43.7 0.651705
43.8 0.654069
43.9 0.667271
44 0.677896
44.1 0.675933
44.2 0.681281
44.3 0.678607
44.4 0.684301
44.5 0.696805
44.6 0.69547
44.7 0.700653
44.8 0.697186
44.9 0.694857
45 0.702137
45.1 0.696308
45.2 0.699895
45.3 0.708479
45.4 0.715523
45.5 0.718291
45.6 0.727399
45.7 0.736792
45.8 0.729909
45.9 0.731907
46 0.748038
46.1 0.751514
46.2 0.750869
46.3 0.754926
46.4 0.751203
46.5 0.757713
46.6 0.746706
46.7 0.736111
46.8 0.743219
46.9 0.736623
47 0.737424
47.1 0.735212
47.2 0.74347
47.3 0.743736
47.4 0.73183
47.5 0.734319
47.6 0.735216
47.7 0.735419
47.8 0.737895
47.9 0.736128
48 0.736227
48.1 0.739616
48.2 0.75295
48.3 0.752138
48.4 0.757626
48.5 0.762941
48.6 0.761083
48.7 0.763828
48.8 0.758025
48.9 0.761407
49 0.762983
49.1 0.746994
49.2 0.749054
49.3 0.753599
49.4 0.748714
49.5 0.754544
49.6 0.76684
49.7 0.767275
49.8 0.764811
49.9 0.760996
50 0.757391
50.1 0.763089
50.2 0.763549
50.3 0.756734
50.4 0.763976
50.5 0.769004
50.6 0.772987
50.7 0.767811
50.8 0.773882
50.9 0.765431
51 0.766088
51.1 0.768789
51.2 0.776539
51.3 0.774263
51.4 0.777967
51.5 0.779296
51.6 0.783056
51.7 0.776389
51.8 0.77841
51.9 0.770912
52 0.772793
52.1 0.778867
52.2 0.777653
52.3 0.770191
52.4 0.778477
52.5 0.771519
52.6 0.77006
52.7 0.760507
52.8 0.755591
52.9 0.757871
53 0.757016
53.1 0.76195
53.2 0.768884
53.3 0.767716
53.4 0.754846
53.5 0.746024
53.6 0.740894
53.7 0.75148
53.8 0.741156
53.9 0.748186
54 0.742728
54.1 0.756077
54.2 0.756859
54.3 0.754243
54.4 0.747184
54.5 0.742798
54.6 0.733554
54.7 0.725741
54.8 0.720606
54.9 0.713856
55 0.715766
55.1 0.722058
55.2 0.720961
55.3 0.731867
55.4 0.735158
55.5 0.73454
55.6 0.738989
55.7 0.739881
55.8 0.742156
55.9 0.739657
56 0.744216
56.1 0.750081
56.2 0.750484
56.3 0.746784
56.4 0.739274
56.5 0.739451
56.6 0.741194
56.7 0.755922
56.8 0.747281
56.9 0.74466
57 0.741598
57.1 0.738026
57.2 0.738821
57.3 0.742231
57.4 0.745238
57.5 0.749115
57.6 0.75017
57.7 0.741116
57.8 0.740681
57.9 0.739769
58 0.746993
58.1 0.753928
58.2 0.758007
58.3 0.753677
58.4 0.75316
58.5 0.744666
58.6 0.746252
58.7 0.749942
58.8 0.739392
58.9 0.743155
59 0.742571
59.1 0.74105
59.2 0.733545
59.3 0.726458
59.4 0.722121
59.5 0.710963
59.6 0.707434
59.7 0.69957
59.8 0.69597
59.9 0.703112
60 0.702025
60.1 0.693794
60.2 0.701685
60.3 0.692153
60.4 0.67905
60.5 0.683586
60.6 0.685872
60.7 0.688893
60.8 0.68585
60.9 0.681378
61 0.673638
61.1 0.678737
61.2 0.683696
61.3 0.683264
61.4 0.679403
61.5 0.673493
61.6 0.658237
61.7 0.660371
61.8 0.65963
61.9 0.648029
62 0.637574
62.1 0.635887
62.2 0.647564
62.3 0.655735
62.4 0.652394
62.5 0.651711
62.6 0.651745
62.7 0.64013
62.8 0.656023
62.9 0.661876
63 0.667882
63.1 0.662127
63.2 0.653601
63.3 0.653861
63.4 0.642555
63.5 0.647536
63.6 0.637625
63.7 0.646232
63.8 0.65111
63.9 0.653114
64 0.645573
64.1 0.639876
64.2 0.643677
64.3 0.653808
64.4 0.669892
64.5 0.683694
64.6 0.682054
64.7 0.68551
64.8 0.690697
64.9 0.689694
65 0.690753
65.1 0.690823
65.2 0.698409
65.3 0.711871
65.4 0.720751
65.5 0.725374
65.6 0.725656
65.7 0.72661
65.8 0.72791
65.9 0.725544
66 0.722381
66.1 0.714257
66.2 0.714795
66.3 0.713429
66.4 0.711797
66.5 0.701038
66.6 0.710733
66.7 0.710849
66.8 0.724231
66.9 0.717118
67 0.714999
67.1 0.70816
67.2 0.713731
67.3 0.715059
67.4 0.723185
67.5 0.718756
67.6 0.726456
67.7 0.726654
67.8 0.731091
67.9 0.733847
68 0.735881
68.1 0.737063
68.2 0.736383
68.3 0.732815
68.4 0.745842
68.5 0.750111
68.6 0.762454
68.7 0.757943
68.8 0.748756
68.9 0.741505
69 0.741705
69.1 0.752855
69.2 0.742095
69.3 0.753425
69.4 0.747591
69.5 0.747923
69.6 0.749583
69.7 0.748395
69.8 0.736032
69.9 0.731066
70 0.729828
70.1 0.725553
70.2 0.719577
70.3 0.721059
70.4 0.713394
70.5 0.716709
70.6 0.711211
70.7 0.707247
70.8 0.706448
70.9 0.711437
71 0.718
71.1 0.722665
71.2 0.722694
71.3 0.711566
71.4 0.71961
71.5 0.714197
71.6 0.716669
71.7 0.712728
71.8 0.701135
71.9 0.687636
72 0.686003
72.1 0.678365
72.2 0.689318
72.3 0.68234
72.4 0.690779
72.5 0.699389
72.6 0.705726
72.7 0.697012
72.8 0.698105
72.9 0.690705
73 0.697124
73.1 0.698457
73.2 0.703594
73.3 0.707294
73.4 0.71724
73.5 0.730395
73.6 0.746828
73.7 0.747592
73.8 0.748372
73.9 0.758261
74 0.747835
74.1 0.75148
74.2 0.751815
74.3 0.752576
74.4 0.75369
74.5 0.751796
74.6 0.758174
74.7 0.757228
74.8 0.751887
74.9 0.75389
75 0.743992
75.1 0.757068
75.2 0.755577
75.3 0.753477
75.4 0.748842
75.5 0.739461
75.6 0.741231
75.7 0.730178
75.8 0.730573
75.9 0.736461
76 0.747013
76.1 0.746603
76.2 0.74016
76.3 0.737151
76.4 0.723094
76.5 0.724141
76.6 0.73152
76.7 0.736308
76.8 0.738737
76.9 0.746556
77 0.745151
77.1 0.74467
77.2 0.738138
77.3 0.739564
77.4 0.745348
77.5 0.736372
77.6 0.738521
77.7 0.739562
77.8 0.741715
77.9 0.735975
78 0.732837
78.1 0.736553
78.2 0.735047
78.3 0.730567
78.4 0.728061
78.5 0.724687
78.6 0.719162
78.7 0.707794
78.8 0.700153
78.9 0.708609
79 0.711248
79.1 0.718993
79.2 0.729517
79.3 0.726319
79.4 0.737302
79.5 0.739716
79.6 0.736648
79.7 0.726965
79.8 0.729991
79.9 0.733601
80 0.735526
80.1 0.733442
80.2 0.733674
80.3 0.72824
80.4 0.743077
80.5 0.736555
80.6 0.736252
80.7 0.736075
80.8 0.747431
80.9 0.74094
81 0.73955
81.1 0.736022
81.2 0.736362
81.3 0.731248
81.4 0.739917
81.5 0.734683
81.6 0.728303
81.7 0.722889
81.8 0.723872
81.9 0.728209
82 0.732729
82.1 0.739803
82.2 0.7426
82.3 0.732345
82.4 0.72504
82.5 0.726828
82.6 0.71803
82.7 0.71645
82.8 0.718988
82.9 0.716815
83 0.722341
83.1 0.715358
83.2 0.709845
83.3 0.715248
83.4 0.717589
83.5 0.722614
83.6 0.718129
83.7 0.716732
83.8 0.721697
83.9 0.725662
84 0.72671
84.1 0.723924
84.2 0.720422
84.3 0.721601
84.4 0.733996
84.5 0.731067
84.6 0.736757
84.7 0.738823
84.8 0.735495
84.9 0.746559
85 0.7478
85.1 0.757327
85.2 0.753773
85.3 0.751464
85.4 0.744268
85.5 0.741332
85.6 0.74564
85.7 0.743512
85.8 0.74193
85.9 0.740819
86 0.760427
86.1 0.775267
86.2 0.775915
86.3 0.774014
86.4 0.77689
86.5 0.786708
86.6 0.783466
86.7 0.787957
86.8 0.790852
86.9 0.795727
87 0.790669
87.1 0.780288
87.2 0.779649
87.3 0.782514
87.4 0.782238
87.5 0.78732
87.6 0.781934
87.7 0.779983
87.8 0.772118
87.9 0.766493
88 0.770216
88.1 0.76239
88.2 0.770509
88.3 0.780073
88.4 0.776496
88.5 0.776826
88.6 0.77756
88.7 0.770383
88.8 0.780829
88.9 0.785603
89 0.80563
89.1 0.8039
89.2 0.79269
89.3 0.799256
89.4 0.806975
89.5 0.801085
89.6 0.802111
89.7 0.802407
89.8 0.805705
89.9 0.803222
90 0.804724
90.1 0.798871
90.2 0.80358
90.3 0.807371
90.4 0.806022
90.5 0.803042
90.6 0.800275
90.7 0.80221
90.8 0.8028
90.9 0.804183
91 0.795254
91.1 0.795579
91.2 0.795056
91.3 0.797911
91.4 0.79703
91.5 0.796278
91.6 0.797305
91.7 0.791837
91.8 0.797788
91.9 0.790729
92 0.78184
92.1 0.788089
92.2 0.777925
92.3 0.781602
92.4 0.775182
92.5 0.762864
92.6 0.76025
92.7 0.763271
92.8 0.76322
92.9 0.758834
93 0.740402
93.1 0.740292
93.2 0.735979
93.3 0.735899
93.4 0.728432
93.5 0.736279
93.6 0.72937
93.7 0.724405
93.8 0.725746
93.9 0.718376
94 0.714531
94.1 0.712029
94.2 0.721195
94.3 0.734217
94.4 0.738707
94.5 0.735986
94.6 0.733173
94.7 0.73458
94.8 0.736973
94.9 0.736498
95 0.743371
95.1 0.740115
95.2 0.737976
95.3 0.746813
95.4 0.741561
95.5 0.735626
95.6 0.738658
95.7 0.739071
95.8 0.737038
95.9 0.736504
96 0.740741
96.1 0.725693
96.2 0.715635
96.3 0.711166
96.4 0.716437
96.5 0.719876
96.6 0.721832
96.7 0.720995
96.8 0.72027
96.9 0.72717
97 0.725581
97.1 0.731266
97.2 0.730207
97.3 0.737869
97.4 0.73329
97.5 0.727581
97.6 0.72784
97.7 0.725659
97.8 0.730338
97.9 0.723592
98 0.723683
98.1 0.722663
98.2 0.720291
98.3 0.712404
98.4 0.708873
98.5 0.71177
98.6 0.716001
98.7 0.703374
98.8 0.702385
98.9 0.704455
99 0.695488
99.1 0.704202
99.2 0.705532
99.3 0.706664
99.4 0.704021
99.5 0.702146
99.6 0.702183
99.7 0.700541
99.8 0.6965
99.9 0.702619
