0 0.0322775
0.1 0.0271436
0.2 0.034722
0.3 0.0196252
0.4 0.0323357
0.5 0.0138019
0.6 0.0386134
0.7 0.022923
0.8 0.0374326
0.9 0.0353727
1 0.0330008
1.1 0.0274937
1.2 0.0275303
1.3 0.0129954
1.4 0.0296143
1.5 0.0249193
1.6 0.0331454
1.7 0.0534604
1.8 0.0425467
1.9 0.0614666
2 0.0571457
2.1 0.0740238
2.2 0.0816903
2.3 0.0990931
2.4 0.0842368
2.5 0.0737405
2.6 0.0668812
2.7 0.0827751
2.8 0.0933716
2.9 0.109153
3 0.0964361
3.1 0.109873
3.2 0.0902838
3.3 0.0958328
3.4 0.0940963
3.5 0.107009
3.6 0.0970659
3.7 0.0908744
3.8 0.110619
3.9 0.128858
4 0.148172
4.1 0.157156
4.2 0.176514
4.3 0.187493
4.4 0.184977
4.5 0.209704
4.6 0.231073
4.7 0.232405
4.8 0.221375
4.9 0.203524
5 0.22058
5.1 0.236497
5.2 0.245863
5.3 0.240121
5.4 0.261178
5.5 0.262588
5.6 0.279261
5.7 0.302138
5.8 0.299375
5.9 0.318787
6 0.331434
6.1 0.325059
6.2 0.333069
6.3 0.356101
6.4 0.361809
6.5 0.388192
6.6 0.408505
6.7 0.430685
6.8 0.438638
6.9 0.462205
7 0.481315
7.1 0.5027
7.2 0.523894
7.3 0.540726
7.4 0.553211
7.5 0.564365
7.6 0.574866
7.7 0.594288
7.8 0.588696
7.9 0.608792
8 0.622369
8.1 0.619306
8.2 0.641627
8.3 0.658786
8.4 0.676106
8.5 0.688788
8.6 0.707461
8.7 0.721396
8.8 0.736817
8.9 0.752454
9 0.769028
9.1 0.781352
9.2 0.766162
9.3 0.782654
9.4 0.791048
9.5 0.80006
9.6 0.812237
9.7 0.822253
9.8 0.832796
9.9 0.839779
10 0.84831
10.1 0.852331
10.2 0.859317
10.3 0.866064
10.4 0.87245
10.5 0.877958
10.6 0.883601
10.7 0.888939
10.8 0.891782
10.9 0.896205
11 0.900915
11.1 0.906033
11.2 0.908029
11.3 0.911818
11.4 0.912491
11.5 0.915223
11.6 0.916707
11.7 0.91898
11.8 0.922017
11.9 0.923588
12 0.926605
12.1 0.926845
12.2 0.927608
12.3 0.929402
12.4 0.930608
12.5 0.932005
12.6 0.931025
12.7 0.931001
12.8 0.9328
12.9 0.933201
13 0.934291
13.1 0.935347
13.2 0.937151
13.3 0.93758
13.4 0.936487
13.5 0.937587
13.6 0.938975
13.7 0.940432
13.8 0.940863
13.9 0.941491
14 0.941312
14.1 0.941494
14.2 0.938847
14.3 0.936883
14.4 0.937698
14.5 0.937922
14.6 0.935213
14.7 0.934047
14.8 0.934671
14.9 0.935085
15 0.934455
15.1 0.934896
15.2 0.934305
15.3 0.933407
15.4 0.93453
15.5 0.932895
15.6 0.932631
15.7 0.935633
15.8 0.936475
15.9 0.936347
16 0.937226
16.1 0.936754
16.2 0.933069
16.3 0.9326
16.4 0.932167
16.5 0.933918
16.6 0.934201
16.7 0.934662
16.8 0.935258
16.9 0.938432
17 0.938691
17.1 0.937882
17.2 0.938676
17.3 0.938344
17.4 0.940443
17.5 0.939106
17.6 0.936577
17.7 0.934891
17.8 0.934245
17.9 0.929969
18 0.932388
18.1 0.93263
18.2 0.928622
18.3 0.929442
18.4 0.930255
18.5 0.933032
18.6 0.933073
18.7 0.932323
18.8 0.931722
18.9 0.932364
19 0.93462
19.1 0.935608
19.2 0.936069
19.3 0.935598
19.4 0.937157
19.5 0.93767
19.6 0.938832
19.7 0.939633
19.8 0.938556
19.9 0.939583
20 0.941361
20.1 0.941402
20.2 0.941093
20.3 0.942932
20.4 0.94261
20.5 0.941346
20.6 0.936634
20.7 0.937225
20.8 0.938044
20.9 0.936942
21 0.93446
21.1 0.93597
21.2 0.937306
21.3 0.936672
21.4 0.936124
21.5 0.933897
21.6 0.933952
21.7 0.934085
21.8 0.935011
21.9 0.933925
22 0.933293
22.1 0.93279
22.2 0.933379
22.3 0.93183
22.4 0.935542
22.5 0.936737
22.6 0.938509
22.7 0.938817
22.8 0.9355
22.9 0.936404
23 0.935523
23.1 0.93556
23.2 0.935126
23.3 0.934876
23.4 0.936714
23.5 0.937096
23.6 0.937069
23.7 0.935887
23.8 0.937109
23.9 0.936791
24 0.93683
24.1 0.937603
24.2 0.938342
24.3 0.935929
24.4 0.937043
24.5 0.937787
24.6 0.938954
24.7 0.936339
24.8 0.936788
24.9 0.936541
25 0.937564
25.1 0.937843
25.2 0.939822
25.3 0.938284
25.4 0.939034
25.5 0.940267
25.6 0.940439
25.7 0.94042
25.8 0.939979
25.9 0.939687
26 0.939626
26.1 0.939997
26.2 0.938851
26.3 0.939115
26.4 0.939277
26.5 0.938033
26.6 0.937428
26.7 0.93931
26.8 0.938959
26.9 0.939273
27 0.938793
27.1 0.937718
27.2 0.936937
27.3 0.936398
27.4 0.937268
27.5 0.937611
27.6 0.939016
27.7 0.936455
27.8 0.936653
27.9 0.937345
28 0.936789
28.1 0.936741
28.2 0.937086
28.3 0.938221
28.4 0.938426
28.5 0.937329
28.6 0.937343
28.7 0.935718
28.8 0.934929
28.9 0.930688
29 0.931528
29.1 0.935016
29.2 0.935037
29.3 0.936065
29.4 0.93622
29.5 0.936839
29.6 0.937671
29.7 0.937213
29.8 0.937984
29.9 0.937748
30 0.938368
30.1 0.937233
30.2 0.935711
30.3 0.937476
30.4 0.937482
30.5 0.938875
30.6 0.940125
30.7 0.939006
30.8 0.93885
30.9 0.936825
31 0.935148
31.1 0.935766
31.2 0.936144
31.3 0.936812
31.4 0.933103
31.5 0.932454
31.6 0.93183
31.7 0.93204
31.8 0.933759
31.9 0.935454
32 0.935953
32.1 0.936416
32.2 0.936449
32.3 0.934312
32.4 0.936391
32.5 0.936365
32.6 0.936368
32.7 0.937233
32.8 0.936105
32.9 0.937142
33 0.936285
33.1 0.935302
33.2 0.935116
33.3 0.934795
33.4 0.93322
33.5 0.933161
33.6 0.932714
33.7 0.932261
33.8 0.932736
33.9 0.931332
34 0.932606
34.1 0.928788
34.2 0.930508
34.3 0.931361
34.4 0.930958
34.5 0.932866
34.6 0.93349
34.7 0.934078
34.8 0.934551
34.9 0.93313
35 0.936051
35.1 0.938311
35.2 0.936359
35.3 0.937604
35.4 0.938333
35.5 0.937811
35.6 0.938503
35.7 0.937414
35.8 0.937557
35.9 0.938892
36 0.939203
36.1 0.938106
36.2 0.938876
36.3 0.938792
36.4 0.937111
36.5 0.936789
36.6 0.937667
36.7 0.937403
36.8 0.937991
36.9 0.937799
37 0.937346
37.1 0.936311
37.2 0.935
37.3 0.93511
37.4 0.934647
37.5 0.934069
37.6 0.935057
37.7 0.936029
37.8 0.935997
37.9 0.935906
38 0.937657
38.1 0.937204
38.2 0.939217
38.3 0.938683
38.4 0.93813
38.5 0.938709
38.6 0.940163
38.7 0.940913
38.8 0.938261
38.9 0.941041
39 0.9393
39.1 0.938543
39.2 0.938232
39.3 0.939111
39.4 0.937993
39.5 0.93753
39.6 0.936962
39.7 0.935871
39.8 0.936439
39.9 0.937282
40 0.936853
40.1 0.936387
40.2 0.93638
40.3 0.93701
40.4 0.937148
40.5 0.934032
40.6 0.935649
40.7 0.936695
40.8 0.936002
40.9 0.93712
41 0.937977
41.1 0.93951
41.2 0.936776
41.3 0.934129
41.4 0.936018
41.5 0.935829
41.6 0.935788
41.7 0.935634
41.8 0.936303
41.9 0.935621
42 0.937398
42.1 0.937651
42.2 0.936858
42.3 0.934713
42.4 0.935524
42.5 0.934386
42.6 0.931184
42.7 0.932757
42.8 0.933603
42.9 0.932712
43 0.934545
43.1 0.934676
43.2 0.937275
43.3 0.93657
43.4 0.938679
43.5 0.939961
43.6 0.939532
43.7 0.939783
43.8 0.94117
43.9 0.939327
44 0.939731
44.1 0.938082
44.2 0.938167
44.3 0.93934
44.4 0.941075
44.5 0.940042
44.6 0.939332
44.7 0.940428
44.8 0.939337
44.9 0.937974
45 0.934978
45.1 0.934287
45.2 0.933552
45.3 0.933353
45.4 0.93335
45.5 0.934275
45.6 0.934831
45.7 0.935329
45.8 0.937076
45.9 0.938795
46 0.937877
46.1 0.937924
46.2 0.939076
46.3 0.939579
46.4 0.936871
46.5 0.936976
46.6 0.936772
46.7 0.938108
46.8 0.936869
46.9 0.93804
47 0.939092
47.1 0.940993
47.2 0.943319
47.3 0.943111
47.4 0.942544
47.5 0.942263
47.6 0.940977
47.7 0.938967
47.8 0.938838
47.9 0.939523
48 0.940394
48.1 0.938624
48.2 0.937934
48.3 0.939036
48.4 0.939553
48.5 0.939137
48.6 0.937859
48.7 0.936174
48.8 0.936685
48.9 0.937711
49 0.938765
49.1 0.939363
49.2 0.939164
49.3 0.93831
49.4 0.937601
49.5 0.936716
49.6 0.937034
49.7 0.93682
49.8 0.936694
49.9 0.937895
50 0.937555
50.1 0.938077
50.2 0.936672
50.3 0.936917
50.4 0.936792
50.5 0.938113
50.6 0.937469
50.7 0.938669
50.8 0.936663
50.9 0.936839
51 0.935291
51.1 0.936772
51.2 0.937799
51.3 0.937937
51.4 0.937067
51.5 0.936981
51.6 0.935562
51.7 0.935699
51.8 0.937479
51.9 0.936569
52 0.933893
52.1 0.935984
52.2 0.937016
52.3 0.937217
52.4 0.939074
52.5 0.939917
52.6 0.939149
52.7 0.940384
52.8 0.940446
52.9 0.942466
53 0.943415
53.1 0.942721
53.2 0.943299
53.3 0.943055
53.4 0.942071
53.5 0.94012
53.6 0.939916
53.7 0.939765
53.8 0.939496
53.9 0.939925
54 0.939034
54.1 0.940212
54.2 0.939188
54.3 0.938156
54.4 0.938896
54.5 0.938668
54.6 0.935292
54.7 0.934598
54.8 0.932456
54.9 0.932268
55 0.934568
55.1 0.935851
55.2 0.935292
55.3 0.935298
55.4 0.936281
55.5 0.935169
55.6 0.933443
55.7 0.934022
55.8 0.93633
55.9 0.938836
56 0.936933
56.1 0.937561
56.2 0.93692
56.3 0.937884
56.4 0.939079
56.5 0.938154
56.6 0.937236
56.7 0.936392
56.8 0.935369
56.9 0.934739
57 0.933309
57.1 0.934074
57.2 0.936048
57.3 0.938011
57.4 0.939552
57.5 0.938395
57.6 0.938601
57.7 0.938534
57.8 0.937947
57.9 0.937168
58 0.938819
58.1 0.937296
58.2 0.936874
58.3 0.93845
58.4 0.937804
58.5 0.939086
58.6 0.939006
58.7 0.938734
58.8 0.938316
58.9 0.939111
59 0.938427
59.1 0.938788
59.2 0.93889
59.3 0.938446
59.4 0.933322
59.5 0.934725
59.6 0.937001
59.7 0.935918
59.8 0.936796
59.9 0.937837
60 0.937997
60.1 0.938195
60.2 0.938397
60.3 0.939045
60.4 0.936728
60.5 0.936912
60.6 0.935128
60.7 0.938176
60.8 0.93954
60.9 0.939661
61 0.935374
61.1 0.936685
61.2 0.938
61.3 0.939319
61.4 0.939102
61.5 0.938389
61.6 0.940663
61.7 0.941122
61.8 0.941779
61.9 0.940569
62 0.937949
62.1 0.93918
62.2 0.938444
62.3 0.938135
62.4 0.936515
62.5 0.937759
62.6 0.936297
62.7 0.936989
62.8 0.938254
62.9 0.938857
63 0.938977
63.1 0.940726
63.2 0.941354
63.3 0.93999
63.4 0.938619
63.5 0.938916
63.6 0.93822
63.7 0.938048
63.8 0.93868
63.9 0.940151
64 0.940285
64.1 0.939768
64.2 0.939899
64.3 0.938927
64.4 0.939043
64.5 0.939513
64.6 0.940843
64.7 0.940434
64.8 0.93746
64.9 0.937332
65 0.938564
65.1 0.939616
65.2 0.938627
65.3 0.937599
65.4 0.937422
65.5 0.937731
65.6 0.938318
65.7 0.93865
65.8 0.93893
65.9 0.939364
66 0.939826
66.1 0.93729
66.2 0.935782
66.3 0.935467
66.4 0.935215
66.5 0.934947
66.6 0.937467
66.7 0.938134
66.8 0.93752
66.9 0.937788
67 0.939379
67.1 0.937205
67.2 0.938224
67.3 0.939743
67.4 0.939451
67.5 0.939219
67.6 0.940089
67.7 0.940603
67.8 0.943059
67.9 0.942059
68 0.941502
68.1 0.940378
68.2 0.94193
68.3 0.941612
68.4 0.94134
68.5 0.940449
68.6 0.940659
68.7 0.94025
68.8 0.94087
68.9 0.941403
69 0.939182
69.1 0.938025
69.2 0.938857
69.3 0.939424
69.4 0.939151
69.5 0.939153
69.6 0.937384
69.7 0.939023
69.8 0.939614
69.9 0.940381
70 0.940858
70.1 0.94042
70.2 0.941051
70.3 0.937278
70.4 0.937161
70.5 0.938132
70.6 0.936496
70.7 0.937177
70.8 0.937208
70.9 0.936504
71 0.935745
71.1 0.934967
71.2 0.935148
71.3 0.934098
71.4 0.935022
71.5 0.936111
71.6 0.937942
71.7 0.938393
71.8 0.938586
71.9 0.93747
72 0.937755
72.1 0.93694
72.2 0.937428
72.3 0.938349
72.4 0.938034
72.5 0.938373
72.6 0.938497
72.7 0.93911
72.8 0.939232
72.9 0.938714
73 0.940464
73.1 0.939754
73.2 0.938907
73.3 0.940381
73.4 0.940329
73.5 0.940692
73.6 0.938877
73.7 0.940176
73.8 0.941305
73.9 0.942069
74 0.941694
74.1 0.942728
74.2 0.942085
74.3 0.942104
74.4 0.940852
74.5 0.937936
74.6 0.93853
74.7 0.939025
74.8 0.939207
74.9 0.938398
75 0.9362
75.1 0.936612
75.2 0.937758
75.3 0.937621
75.4 0.937632
75.5 0.938176
75.6 0.940696
75.7 0.943364
75.8 0.940899
75.9 0.941601
76 0.941489
76.1 0.941722
76.2 0.940984
76.3 0.940299
76.4 0.942227
76.5 0.939461
76.6 0.939724
76.7 0.939578
76.8 0.938561
76.9 0.937409
77 0.938847
77.1 0.938609
77.2 0.93802
77.3 0.939583
77.4 0.938344
77.5 0.938761
77.6 0.938753
77.7 0.940414
77.8 0.938742
77.9 0.937475
78 0.937641
78.1 0.937668
78.2 0.937025
78.3 0.934311
78.4 0.933944
78.5 0.930125
78.6 0.928882
78.7 0.929671
78.8 0.930318
78.9 0.928832
79 0.93082
79.1 0.933957
79.2 0.934315
79.3 0.932585
79.4 0.934847
79.5 0.935437
79.6 0.93705
79.7 0.938281
79.8 0.940272
79.9 0.938962
80 0.9386
80.1 0.939576
80.2 0.939951
80.3 0.939779
80.4 0.937978
80.5 0.937925
80.6 0.936834
80.7 0.939088
80.8 0.940343
80.9 0.940813
81 0.941152
81.1 0.940853
81.2 0.940642
81.3 0.94055
81.4 0.941367
81.5 0.939668
81.6 0.938924
81.7 0.939676
81.8 0.939755
81.9 0.939697
82 0.938401
82.1 0.938603
82.2 0.938364
82.3 0.937769
82.4 0.938438
82.5 0.938768
82.6 0.937623
82.7 0.936915
82.8 0.938795
82.9 0.94082
83 0.939942
83.1 0.937132
83.2 0.937087
83.3 0.93641
83.4 0.938653
83.5 0.937926
83.6 0.938563
83.7 0.936696
83.8 0.937762
83.9 0.939507
84 0.938761
84.1 0.938076
84.2 0.936041
84.3 0.935711
84.4 0.932842
84.5 0.933172
84.6 0.935749
84.7 0.936611
84.8 0.937378
84.9 0.939104
85 0.938314
85.1 0.937392
85.2 0.938159
85.3 0.9394
85.4 0.939067
85.5 0.939152
85.6 0.938942
85.7 0.939411
85.8 0.938759
85.9 0.939647
86 0.939729
86.1 0.939636
86.2 0.940039
86.3 0.938975
86.4 0.938678
86.5 0.938686
86.6 0.9399
86.7 0.936825
86.8 0.93767
86.9 0.93773
87 0.935706
87.1 0.937405
87.2 0.936992
87.3 0.931897
87.4 0.932317
87.5 0.933257
87.6 0.935099
87.7 0.936704
87.8 0.936388
87.9 0.936083
88 0.936705
88.1 0.935977
88.2 0.935566
88.3 0.938398
88.4 0.938801
88.5 0.939091
88.6 0.939026
88.7 0.938673
88.8 0.938826
88.9 0.940098
89 0.939123
89.1 0.939447
89.2 0.936077
89.3 0.935914
89.4 0.936371
89.5 0.936453
89.6 0.933053
89.7 0.933872
89.8 0.934934
89.9 0.934614
90 0.93385
90.1 0.933325
90.2 0.934315
90.3 0.934374
90.4 0.93509
90.5 0.935984
90.6 0.932538
90.7 0.934445
90.8 0.935528
90.9 0.936873
91 0.938073
91.1 0.938933
91.2 0.939668
91.3 0.940726
91.4 0.939386
91.5 0.939667
91.6 0.938677
91.7 0.938952
91.8 0.938312
91.9 0.937187
92 0.938268
92.1 0.935892
92.2 0.935606
92.3 0.936905
92.4 0.937641
92.5 0.935877
92.6 0.936682
92.7 0.935973
92.8 0.935882
92.9 0.937037
93 0.937855
93.1 0.937411
93.2 0.940075
93.3 0.939183
93.4 0.938799
93.5 0.939898
93.6 0.937837
93.7 0.936383
93.8 0.936755
93.9 0.936117
94 0.938415
94.1 0.937989
94.2 0.937208
94.3 0.937545
94.4 0.936622
94.5 0.939626
94.6 0.94044
94.7 0.940267
94.8 0.93899
94.9 0.940609
95 0.941957
95.1 0.940522
95.2 0.940481
95.3 0.940856
95.4 0.93972
95.5 0.939508
95.6 0.938632
95.7 0.938502
95.8 0.939465
95.9 0.93885
96 0.937265
96.1 0.937275
96.2 0.938128
96.3 0.936235
96.4 0.938886
96.5 0.939475
96.6 0.937075
96.7 0.936697
96.8 0.93811
96.9 0.938617
97 0.936353
97.1 0.936977
97.2 0.937903
97.3 0.939206
97.4 0.940397
97.5 0.941049
97.6 0.940164
97.7 0.940228
97.8 0.937566
97.9 0.937206
98 0.935679
98.1 0.936769
98.2 0.938248
98.3 0.939607
98.4 0.938685
98.5 0.939149
98.6 0.939527
98.7 0.939536
98.8 0.938039
98.9 0.938467
99 0.939277
99.1 0.940324
99.2 0.938548
99.3 0.937338
99.4 0.937952
99.5 0.937737
99.6 0.939481
99.7 0.938667
99.8 0.937505
99.9 0.93898
100 0.93871
100.1 0.939046
100.2 0.938786
100.3 0.938107
100.4 0.938962
100.5 0.939393
100.6 0.938268
100.7 0.938611
100.8 0.936936
100.9 0.937862
101 0.936139
101.1 0.934844
101.2 0.934631
101.3 0.935697
101.4 0.935801
101.5 0.936981
101.6 0.937588
101.7 0.936442
101.8 0.939364
101.9 0.934786
102 0.935063
102.1 0.935202
102.2 0.935138
102.3 0.936513
102.4 0.937532
102.5 0.934983
102.6 0.93491
102.7 0.937202
102.8 0.938145
102.9 0.936495
103 0.937525
103.1 0.938207
103.2 0.938815
103.3 0.939697
103.4 0.938479
103.5 0.939564
103.6 0.939708
103.7 0.937908
103.8 0.938533
103.9 0.938385
104 0.937797
104.1 0.939309
104.2 0.940608
104.3 0.937498
104.4 0.938564
104.5 0.936765
104.6 0.937529
104.7 0.939408
104.8 0.939725
104.9 0.938965
105 0.939152
105.1 0.936848
105.2 0.937306
105.3 0.936342
105.4 0.938522
105.5 0.938483
105.6 0.940523
105.7 0.94042
105.8 0.941214
105.9 0.939846
106 0.940359
106.1 0.941239
106.2 0.941787
106.3 0.942008
106.4 0.942311
106.5 0.939227
106.6 0.93918
106.7 0.938074
106.8 0.938289
106.9 0.938829
107 0.938443
107.1 0.937103
107.2 0.938757
107.3 0.940034
107.4 0.94014
107.5 0.939567
107.6 0.939391
107.7 0.939491
107.8 0.938299
107.9 0.93982
108 0.939872
108.1 0.941695
108.2 0.940978
108.3 0.941682
108.4 0.9408
108.5 0.941648
108.6 0.940952
108.7 0.939805
108.8 0.9399
108.9 0.938847
109 0.938174
109.1 0.937965
109.2 0.937432
109.3 0.937609
109.4 0.936677
109.5 0.935827
109.6 0.936955
109.7 0.935569
109.8 0.933721
109.9 0.93692
110 0.936849
110.1 0.938811
110.2 0.939921
110.3 0.93858
110.4 0.939445
110.5 0.938432
110.6 0.940251
110.7 0.940083
110.8 0.939818
110.9 0.941331
111 0.941573
111.1 0.941723
111.2 0.941493
111.3 0.942093
111.4 0.941525
111.5 0.940388
111.6 0.940512
111.7 0.942219
111.8 0.941906
111.9 0.941983
112 0.94163
112.1 0.941526
112.2 0.939385
112.3 0.938395
112.4 0.937925
112.5 0.935045
112.6 0.935652
112.7 0.936512
112.8 0.936967
112.9 0.937241
113 0.937783
113.1 0.938496
113.2 0.936419
113.3 0.937328
113.4 0.938842
113.5 0.93734
113.6 0.937387
113.7 0.9372
113.8 0.936204
113.9 0.935504
114 0.93612
114.1 0.936754
114.2 0.936151
114.3 0.936587
114.4 0.938954
114.5 0.93989
114.6 0.936112
114.7 0.937001
114.8 0.93646
114.9 0.937751
115 0.941233
115.1 0.939352
115.2 0.938444
115.3 0.936766
115.4 0.938452
115.5 0.938794
115.6 0.935464
115.7 0.935942
115.8 0.935772
115.9 0.934735
116 0.934366
116.1 0.935966
116.2 0.935226
116.3 0.936994
116.4 0.936497
116.5 0.93618
116.6 0.938597
116.7 0.939567
116.8 0.939565
116.9 0.939249
117 0.940259
117.1 0.93951
117.2 0.941147
117.3 0.941962
117.4 0.942323
117.5 0.942455
117.6 0.943115
117.7 0.94223
117.8 0.942225
117.9 0.94081
118 0.942488
118.1 0.940317
118.2 0.940844
118.3 0.941581
118.4 0.942428
118.5 0.938601
118.6 0.939977
118.7 0.938481
118.8 0.939214
118.9 0.941778
119 0.94289
119.1 0.940658
119.2 0.939149
119.3 0.940651
119.4 0.940028
119.5 0.939639
119.6 0.942033
119.7 0.941884
119.8 0.941624
119.9 0.940873
120 0.942226
120.1 0.942151
120.2 0.94176
120.3 0.938591
120.4 0.938387
120.5 0.937175
120.6 0.936831
120.7 0.93491
120.8 0.935186
120.9 0.933206
121 0.93414
121.1 0.932242
121.2 0.93288
121.3 0.932306
121.4 0.935089
121.5 0.93613
121.6 0.935372
121.7 0.936311
121.8 0.938053
121.9 0.936053
122 0.934327
122.1 0.933368
122.2 0.935259
122.3 0.936061
122.4 0.937555
122.5 0.936562
122.6 0.937093
122.7 0.936248
122.8 0.937064
122.9 0.936423
123 0.935473
123.1 0.93597
123.2 0.934389
123.3 0.934382
123.4 0.934906
123.5 0.936427
123.6 0.935375
123.7 0.934819
123.8 0.9372
123.9 0.937002
124 0.938395
124.1 0.938167
124.2 0.937746
124.3 0.935586
124.4 0.936624
124.5 0.93706
124.6 0.936177
124.7 0.939231
124.8 0.940473
124.9 0.940693
125 0.940551
125.1 0.941184
125.2 0.939536
125.3 0.938542
125.4 0.937431
125.5 0.940081
125.6 0.937424
125.7 0.936338
125.8 0.937218
125.9 0.937267
126 0.938075
126.1 0.93832
126.2 0.93794
126.3 0.938779
126.4 0.939572
126.5 0.938772
126.6 0.93853
126.7 0.939837
126.8 0.938782
126.9 0.940188
127 0.939418
127.1 0.938385
127.2 0.938215
127.3 0.939878
127.4 0.940125
127.5 0.940445
127.6 0.939196
127.7 0.93889
127.8 0.939364
127.9 0.938792
128 0.939129
128.1 0.940562
128.2 0.939771
128.3 0.940285
128.4 0.940261
128.5 0.938589
128.6 0.9403
128.7 0.938787
128.8 0.939784
128.9 0.941055
129 0.940939
129.1 0.941435
129.2 0.94052
129.3 0.939529
129.4 0.939339
129.5 0.940134
129.6 0.940629
129.7 0.941533
129.8 0.941039
129.9 0.939812
130 0.940317
130.1 0.939262
130.2 0.939171
130.3 0.937689
130.4 0.940169
130.5 0.94199
130.6 0.94358
130.7 0.941033
130.8 0.940832
130.9 0.941051
131 0.941318
131.1 0.940285
131.2 0.940068
131.3 0.93985
131.4 0.939737
131.5 0.939354
131.6 0.939284
131.7 0.940358
131.8 0.941805
131.9 0.941049
132 0.941087
132.1 0.94118
132.2 0.941682
132.3 0.941612
132.4 0.940359
132.5 0.937587
132.6 0.939526
132.7 0.939173
132.8 0.937664
132.9 0.93821
133 0.933544
133.1 0.931717
133.2 0.932405
133.3 0.934173
133.4 0.934653
133.5 0.935801
133.6 0.932209
133.7 0.930455
133.8 0.931631
133.9 0.932563
134 0.934812
134.1 0.935923
134.2 0.935921
134.3 0.935899
134.4 0.935691
134.5 0.937145
134.6 0.938912
134.7 0.936943
134.8 0.936463
134.9 0.93669
135 0.939688
135.1 0.940573
135.2 0.943124
135.3 0.941999
135.4 0.941795
135.5 0.942747
135.6 0.941981
135.7 0.94191
135.8 0.940873
135.9 0.940891
136 0.936558
136.1 0.936051
136.2 0.936085
136.3 0.93523
136.4 0.937971
136.5 0.93896
136.6 0.93895
136.7 0.941331
136.8 0.941768
136.9 0.941633
137 0.941775
137.1 0.938908
137.2 0.939449
137.3 0.936501
137.4 0.936818
137.5 0.937532
137.6 0.936883
137.7 0.936261
137.8 0.935621
137.9 0.933478
138 0.934063
138.1 0.935735
138.2 0.936046
138.3 0.936855
138.4 0.937141
138.5 0.937882
138.6 0.938979
138.7 0.939466
138.8 0.939813
138.9 0.940679
139 0.941484
139.1 0.941885
139.2 0.942212
139.3 0.942921
139.4 0.942916
139.5 0.94374
139.6 0.942844
139.7 0.939835
139.8 0.939772
139.9 0.939339
140 0.937729
140.1 0.937613
140.2 0.934286
140.3 0.936896
140.4 0.93394
140.5 0.934608
140.6 0.935438
140.7 0.935619
140.8 0.935349
140.9 0.936155
141 0.936937
141.1 0.93644
141.2 0.937223
141.3 0.937007
141.4 0.937014
141.5 0.938459
141.6 0.939361
141.7 0.940145
141.8 0.940647
141.9 0.940643
142 0.937928
142.1 0.939391
142.2 0.940278
142.3 0.942145
142.4 0.940413
142.5 0.940917
142.6 0.941437
142.7 0.940412
142.8 0.940812
142.9 0.94001
143 0.939113
143.1 0.938601
143.2 0.938953
143.3 0.939273
143.4 0.941076
143.5 0.940845
143.6 0.939892
143.7 0.937823
143.8 0.93897
143.9 0.938903
144 0.937653
144.1 0.936686
144.2 0.938386
144.3 0.938791
144.4 0.940248
144.5 0.938925
144.6 0.938313
144.7 0.937266
144.8 0.93607
144.9 0.937712
145 0.938289
145.1 0.937936
145.2 0.938651
145.3 0.939988
145.4 0.939239
145.5 0.93963
145.6 0.939993
145.7 0.939742
145.8 0.939668
145.9 0.938373
146 0.938868
146.1 0.938848
146.2 0.939862
146.3 0.938852
146.4 0.939023
146.5 0.938997
146.6 0.938417
146.7 0.938004
146.8 0.936962
146.9 0.936732
147 0.935562
147.1 0.930694
147.2 0.93152
147.3 0.932774
147.4 0.930431
147.5 0.932232
147.6 0.932051
147.7 0.933027
147.8 0.933862
147.9 0.934076
148 0.932768
148.1 0.93521
148.2 0.938794
148.3 0.937966
148.4 0.939425
148.5 0.938498
148.6 0.937613
148.7 0.939292
148.8 0.940289
148.9 0.938689
149 0.938628
149.1 0.938539
149.2 0.937926
149.3 0.939177
149.4 0.939916
149.5 0.939075
149.6 0.941291
149.7 0.941582
149.8 0.94143
149.9 0.942075
150 0.942432
150.1 0.941735
150.2 0.938853
150.3 0.937805
150.4 0.939098
150.5 0.93889
150.6 0.93835
150.7 0.938256
150.8 0.936765
150.9 0.935832
151 0.935634
151.1 0.93811
151.2 0.937131
151.3 0.936955
151.4 0.937763
151.5 0.938689
151.6 0.938897
151.7 0.936991
151.8 0.937493
151.9 0.936398
152 0.937568
152.1 0.937229
152.2 0.937067
152.3 0.936975
152.4 0.935942
152.5 0.935359
152.6 0.9366
152.7 0.933609
152.8 0.936031
152.9 0.93859
153 0.939128
153.1 0.939994
153.2 0.938369
153.3 0.936655
153.4 0.935888
153.5 0.936743
153.6 0.937515
153.7 0.938352
153.8 0.937891
153.9 0.938662
154 0.937838
154.1 0.937952
154.2 0.934111
154.3 0.937839
154.4 0.936576
154.5 0.936562
154.6 0.936717
154.7 0.936694
154.8 0.936348
154.9 0.938044
155 0.941802
155.1 0.940848
155.2 0.939424
155.3 0.939321
155.4 0.940237
155.5 0.94032
155.6 0.939929
155.7 0.940785
155.8 0.941168
155.9 0.941753
156 0.942457
156.1 0.942468
156.2 0.941915
156.3 0.939113
156.4 0.938248
156.5 0.9405
156.6 0.94129
156.7 0.943009
156.8 0.941249
156.9 0.942296
157 0.940153
157.1 0.941075
157.2 0.941827
157.3 0.940731
157.4 0.940261
157.5 0.941876
157.6 0.940665
157.7 0.93993
157.8 0.940455
157.9 0.939343
158 0.940062
158.1 0.940218
158.2 0.940644
158.3 0.941001
158.4 0.93675
158.5 0.936537
158.6 0.93697
158.7 0.938418
158.8 0.938895
158.9 0.939675
159 0.939812
159.1 0.940756
159.2 0.93875
159.3 0.939996
159.4 0.94011
159.5 0.941772
159.6 0.941105
159.7 0.940007
159.8 0.940352
159.9 0.939311
160 0.939785
160.1 0.939683
160.2 0.94068
160.3 0.942454
160.4 0.941691
160.5 0.942093
160.6 0.944568
160.7 0.943336
160.8 0.942386
160.9 0.941934
161 0.940988
161.1 0.938143
161.2 0.938081
161.3 0.935986
161.4 0.937405
161.5 0.935593
161.6 0.936194
161.7 0.937317
161.8 0.937612
161.9 0.936382
162 0.937259
162.1 0.938814
162.2 0.939464
162.3 0.937898
162.4 0.936078
162.5 0.936383
162.6 0.934874
162.7 0.93473
162.8 0.933156
162.9 0.93308
163 0.933002
163.1 0.934997
163.2 0.93499
163.3 0.933315
163.4 0.931509
163.5 0.933912
163.6 0.936584
163.7 0.936412
163.8 0.937201
163.9 0.937747
164 0.937718
164.1 0.938113
164.2 0.937747
164.3 0.937071
164.4 0.935341
164.5 0.934203
164.6 0.935372
164.7 0.934556
164.8 0.932749
164.9 0.934994
165 0.935789
165.1 0.936127
165.2 0.933915
165.3 0.934674
165.4 0.935291
165.5 0.936736
165.6 0.938404
165.7 0.940263
165.8 0.939662
165.9 0.940667
166 0.941387
166.1 0.94143
166.2 0.940832
166.3 0.939055
166.4 0.937498
166.5 0.936852
166.6 0.937508
166.7 0.9386
166.8 0.939719
166.9 0.938247
167 0.937464
167.1 0.938667
167.2 0.93819
167.3 0.934274
167.4 0.933474
167.5 0.937316
167.6 0.938144
167.7 0.937551
167.8 0.938217
167.9 0.938323
168 0.937525
168.1 0.939207
168.2 0.939353
168.3 0.937717
168.4 0.937345
168.5 0.937809
168.6 0.93928
168.7 0.941129
168.8 0.939519
168.9 0.940165
169 0.936444
169.1 0.935872
169.2 0.936834
169.3 0.935057
169.4 0.935545
169.5 0.93569
169.6 0.936203
169.7 0.937453
169.8 0.936379
169.9 0.934192
170 0.9346
170.1 0.933923
170.2 0.932513
170.3 0.932972
170.4 0.934436
170.5 0.934573
170.6 0.931926
170.7 0.934518
170.8 0.935063
170.9 0.934527
171 0.931551
171.1 0.929396
171.2 0.92862
171.3 0.927952
171.4 0.929687
171.5 0.930294
171.6 0.928304
171.7 0.930373
171.8 0.935267
171.9 0.933679
172 0.933635
172.1 0.934951
172.2 0.935685
172.3 0.937572
172.4 0.936919
172.5 0.93499
172.6 0.932175
172.7 0.930364
172.8 0.931129
172.9 0.933348
173 0.934894
173.1 0.936615
173.2 0.937616
173.3 0.938128
173.4 0.938591
173.5 0.939557
173.6 0.938616
173.7 0.936937
173.8 0.937616
173.9 0.939573
174 0.938138
174.1 0.937789
174.2 0.93732
174.3 0.936868
174.4 0.937509
174.5 0.937363
174.6 0.938504
174.7 0.935172
174.8 0.936385
174.9 0.936802
175 0.935936
175.1 0.937835
175.2 0.936289
175.3 0.936686
175.4 0.93691
175.5 0.937497
175.6 0.937024
175.7 0.936446
175.8 0.935016
175.9 0.936737
176 0.93705
176.1 0.937261
176.2 0.935406
176.3 0.937116
176.4 0.938595
176.5 0.938989
176.6 0.939355
176.7 0.938643
176.8 0.939737
176.9 0.938903
177 0.938613
177.1 0.939739
177.2 0.940233
177.3 0.938118
177.4 0.937387
177.5 0.937709
177.6 0.937203
177.7 0.935872
177.8 0.936478
177.9 0.935692
178 0.937758
178.1 0.937814
178.2 0.939011
178.3 0.938113
178.4 0.937708
178.5 0.939706
178.6 0.937535
178.7 0.938075
178.8 0.937533
178.9 0.936713
179 0.939149
179.1 0.940076
179.2 0.939062
179.3 0.937247
179.4 0.93695
179.5 0.937985
179.6 0.940051
179.7 0.941713
179.8 0.943395
179.9 0.942015
180 0.942077
180.1 0.942142
180.2 0.941263
180.3 0.942024
180.4 0.943727
180.5 0.942907
180.6 0.942566
180.7 0.940394
180.8 0.939789
180.9 0.940844
181 0.940407
181.1 0.941105
181.2 0.942924
181.3 0.940623
181.4 0.941227
181.5 0.940419
181.6 0.938781
181.7 0.938992
181.8 0.939479
181.9 0.939894
182 0.941859
182.1 0.942735
182.2 0.943783
182.3 0.943591
182.4 0.94277
182.5 0.94119
182.6 0.942592
182.7 0.943891
182.8 0.94242
182.9 0.942478
183 0.94362
183.1 0.941684
183.2 0.941469
183.3 0.942545
183.4 0.940463
183.5 0.938471
183.6 0.9355
183.7 0.9366
183.8 0.935451
183.9 0.938218
184 0.939686
184.1 0.938926
184.2 0.939557
184.3 0.939295
184.4 0.939528
184.5 0.938608
184.6 0.939965
184.7 0.940297
184.8 0.939276
184.9 0.9398
185 0.940572
185.1 0.941075
185.2 0.940773
185.3 0.939722
185.4 0.939638
185.5 0.939293
185.6 0.939873
185.7 0.939339
185.8 0.941108
185.9 0.940591
186 0.941393
186.1 0.939298
186.2 0.941381
186.3 0.94159
186.4 0.940852
186.5 0.939389
186.6 0.939694
186.7 0.93957
186.8 0.939156
186.9 0.938454
187 0.936809
187.1 0.937587
187.2 0.938509
187.3 0.937494
187.4 0.937474
187.5 0.939104
187.6 0.937274
187.7 0.937209
187.8 0.937533
187.9 0.937719
188 0.939176
188.1 0.938854
188.2 0.94021
188.3 0.940468
188.4 0.941272
188.5 0.941733
188.6 0.940703
188.7 0.940478
188.8 0.941758
188.9 0.940439
189 0.940607
189.1 0.941363
189.2 0.939466
189.3 0.940215
189.4 0.939943
189.5 0.938377
189.6 0.938132
189.7 0.939545
189.8 0.942248
189.9 0.94178
190 0.941392
190.1 0.942549
190.2 0.941749
190.3 0.941755
190.4 0.942063
190.5 0.943325
190.6 0.943293
190.7 0.940035
190.8 0.94013
190.9 0.938672
191 0.936872
191.1 0.936875
191.2 0.937146
191.3 0.938389
191.4 0.938296
191.5 0.938742
191.6 0.93919
191.7 0.940101
191.8 0.939366
191.9 0.939758
192 0.939596
192.1 0.939853
192.2 0.940285
192.3 0.941791
192.4 0.941412
192.5 0.941734
192.6 0.941925
192.7 0.940499
192.8 0.940977
192.9 0.940629
193 0.941008
193.1 0.939971
193.2 0.939647
193.3 0.938185
193.4 0.937951
193.5 0.939331
193.6 0.941309
193.7 0.941962
193.8 0.940792
193.9 0.938675
194 0.938253
194.1 0.940121
194.2 0.939776
194.3 0.940393
194.4 0.938414
194.5 0.937355
194.6 0.937497
194.7 0.937632
194.8 0.939965
194.9 0.940515
195 0.939577
195.1 0.939522
195.2 0.939987
195.3 0.939109
195.4 0.938948
195.5 0.938175
195.6 0.939948
195.7 0.939796
195.8 0.938807
195.9 0.94007
196 0.940407
196.1 0.940475
196.2 0.93922
196.3 0.939749
196.4 0.940527
196.5 0.940072
196.6 0.940149
196.7 0.939529
196.8 0.939115
196.9 0.939371
197 0.939214
197.1 0.938331
197.2 0.94064
197.3 0.940919
197.4 0.940064
197.5 0.938257
197.6 0.936632
197.7 0.937899
197.8 0.938327
197.9 0.939327
198 0.940039
198.1 0.94112
198.2 0.940138
198.3 0.940529
198.4 0.939685
198.5 0.940407
198.6 0.938725
198.7 0.938068
198.8 0.936406
198.9 0.938151
199 0.937686
199.1 0.938055
199.2 0.938947
199.3 0.939374
199.4 0.938035
199.5 0.936614
199.6 0.938704
199.7 0.938432
199.8 0.939438
199.9 0.941363
200 0.941565
200.1 0.941983
200.2 0.940414
200.3 0.940997
200.4 0.941335
200.5 0.941072
200.6 0.941485
200.7 0.939746
200.8 0.941094
200.9 0.939495
201 0.941469
201.1 0.943262
201.2 0.944024
201.3 0.944322
201.4 0.944951
201.5 0.943864
201.6 0.944295
201.7 0.942191
201.8 0.942947
201.9 0.943758
202 0.946259
202.1 0.947224
202.2 0.947234
202.3 0.945817
202.4 0.94534
202.5 0.943437
202.6 0.939968
202.7 0.939662
202.8 0.940148
202.9 0.941242
203 0.940011
203.1 0.939601
203.2 0.938686
203.3 0.93644
203.4 0.935134
203.5 0.936038
203.6 0.937368
203.7 0.934861
203.8 0.934965
203.9 0.935082
204 0.934284
204.1 0.934559
204.2 0.934376
204.3 0.93398
204.4 0.932996
204.5 0.934412
204.6 0.936883
204.7 0.935553
204.8 0.933364
204.9 0.932872
205 0.933773
205.1 0.932572
205.2 0.929796
205.3 0.927981
205.4 0.928549
205.5 0.930717
205.6 0.93176
205.7 0.93143
205.8 0.932979
205.9 0.931033
206 0.932017
206.1 0.932844
206.2 0.932023
206.3 0.93343
206.4 0.934384
206.5 0.936403
206.6 0.934668
206.7 0.934437
206.8 0.935335
206.9 0.935449
207 0.936684
207.1 0.936404
207.2 0.93703
207.3 0.94005
207.4 0.94106
207.5 0.940881
207.6 0.942143
207.7 0.941725
207.8 0.940113
207.9 0.938476
208 0.938128
208.1 0.935102
208.2 0.936566
208.3 0.937922
208.4 0.937525
208.5 0.937108
208.6 0.938359
208.7 0.938137
208.8 0.938529
208.9 0.938659
209 0.938854
209.1 0.939939
209.2 0.937575
209.3 0.938599
209.4 0.937917
209.5 0.938755
209.6 0.937889
209.7 0.938599
209.8 0.938357
209.9 0.939054
210 0.93965
210.1 0.941007
210.2 0.940946
210.3 0.94079
210.4 0.937397
210.5 0.935414
210.6 0.938103
210.7 0.939277
210.8 0.938199
210.9 0.939177
211 0.940547
211.1 0.940128
211.2 0.940665
211.3 0.940652
211.4 0.940013
211.5 0.939382
211.6 0.938487
211.7 0.938152
211.8 0.937312
211.9 0.938066
212 0.936629
212.1 0.936559
212.2 0.935265
212.3 0.936994
212.4 0.938106
212.5 0.939011
212.6 0.937777
212.7 0.939298
212.8 0.939831
212.9 0.942159
213 0.942045
213.1 0.941356
213.2 0.93975
213.3 0.939448
213.4 0.940521
213.5 0.940911
213.6 0.941177
213.7 0.940183
213.8 0.938826
213.9 0.939769
214 0.939453
214.1 0.940558
214.2 0.940029
214.3 0.940982
214.4 0.940175
214.5 0.939823
214.6 0.937576
214.7 0.937263
214.8 0.935753
214.9 0.935537
215 0.934939
215.1 0.933987
215.2 0.93355
215.3 0.935246
215.4 0.935379
215.5 0.937284
215.6 0.937126
215.7 0.936375
215.8 0.936981
215.9 0.936905
216 0.93617
216.1 0.936646
216.2 0.936967
216.3 0.937154
216.4 0.938088
216.5 0.934394
216.6 0.932645
216.7 0.929265
216.8 0.931426
216.9 0.933189
217 0.934282
217.1 0.935954
217.2 0.931139
217.3 0.934222
217.4 0.934921
217.5 0.938239
217.6 0.937841
217.7 0.938033
217.8 0.93998
217.9 0.940367
218 0.939986
218.1 0.937781
218.2 0.937573
218.3 0.937401
218.4 0.937203
218.5 0.93343
218.6 0.934589
218.7 0.936682
218.8 0.938588
218.9 0.936529
219 0.940627
219.1 0.938887
219.2 0.939036
219.3 0.939819
219.4 0.940231
219.5 0.940863
219.6 0.941392
219.7 0.939929
219.8 0.939467
219.9 0.939003
220 0.93886
220.1 0.936359
220.2 0.935405
220.3 0.936791
220.4 0.937094
220.5 0.937175
220.6 0.937286
220.7 0.938245
220.8 0.938159
220.9 0.937039
221 0.935284
221.1 0.934618
221.2 0.935201
221.3 0.935161
221.4 0.935653
221.5 0.934397
221.6 0.936209
221.7 0.934694
221.8 0.935912
221.9 0.936731
222 0.935261
222.1 0.935646
222.2 0.936616
222.3 0.936427
222.4 0.935119
222.5 0.936292
222.6 0.937171
222.7 0.937865
222.8 0.93931
222.9 0.938946
223 0.937464
223.1 0.937884
223.2 0.939272
223.3 0.9391
223.4 0.939498
223.5 0.941299
223.6 0.940261
223.7 0.941482
223.8 0.937835
223.9 0.935679
224 0.93622
224.1 0.934838
224.2 0.937247
224.3 0.93751
224.4 0.938934
224.5 0.938345
224.6 0.938186
224.7 0.939089
224.8 0.940332
224.9 0.939757
225 0.941171
225.1 0.941549
225.2 0.942128
225.3 0.940599
225.4 0.940353
225.5 0.939444
225.6 0.93956
225.7 0.939903
225.8 0.942444
225.9 0.940984
226 0.938921
226.1 0.938385
226.2 0.93649
226.3 0.939063
226.4 0.937113
226.5 0.935733
226.6 0.934617
226.7 0.936553
226.8 0.93786
226.9 0.938897
227 0.937798
227.1 0.937426
227.2 0.936195
227.3 0.937732
227.4 0.935567
227.5 0.936761
227.6 0.935574
227.7 0.937436
227.8 0.937151
227.9 0.9368
228 0.936645
228.1 0.9376
228.2 0.938392
228.3 0.939303
228.4 0.939645
228.5 0.939301
228.6 0.936684
228.7 0.935283
228.8 0.934624
228.9 0.939125
229 0.93863
229.1 0.93631
229.2 0.937831
229.3 0.938954
229.4 0.940352
229.5 0.93981
229.6 0.939469
229.7 0.939138
229.8 0.939141
229.9 0.940035
230 0.940026
230.1 0.93942
230.2 0.940583
230.3 0.938136
230.4 0.939244
230.5 0.93952
230.6 0.939484
230.7 0.939068
230.8 0.93752
230.9 0.936256
231 0.938784
231.1 0.938715
231.2 0.939662
231.3 0.939321
231.4 0.941098
231.5 0.940774
231.6 0.940165
231.7 0.939873
231.8 0.937814
231.9 0.93704
232 0.935456
232.1 0.935724
232.2 0.937148
232.3 0.937214
232.4 0.93714
232.5 0.939712
232.6 0.938647
232.7 0.940472
232.8 0.939843
232.9 0.939802
233 0.943481
233.1 0.942276
233.2 0.93922
233.3 0.937614
233.4 0.935657
233.5 0.936003
233.6 0.936634
233.7 0.937019
233.8 0.937072
233.9 0.936631
234 0.936507
234.1 0.938118
234.2 0.938132
234.3 0.936823
234.4 0.939559
234.5 0.940413
234.6 0.938841
234.7 0.940339
234.8 0.941204
234.9 0.93939
235 0.939462
235.1 0.937049
235.2 0.937503
235.3 0.937206
235.4 0.936533
235.5 0.937492
235.6 0.938666
235.7 0.939652
235.8 0.937653
235.9 0.939115
236 0.937602
236.1 0.939183
236.2 0.937259
236.3 0.935425
236.4 0.935982
236.5 0.933329
236.6 0.933517
236.7 0.935318
236.8 0.935422
236.9 0.934941
237 0.935063
237.1 0.935978
237.2 0.936286
237.3 0.935191
237.4 0.937086
237.5 0.937949
237.6 0.93459
237.7 0.934726
237.8 0.934061
237.9 0.934467
238 0.935504
238.1 0.93764
238.2 0.937301
238.3 0.936429
238.4 0.935841
238.5 0.937691
238.6 0.938021
238.7 0.938905
238.8 0.937738
238.9 0.938681
239 0.938117
239.1 0.938145
239.2 0.937682
239.3 0.935548
239.4 0.936748
239.5 0.939377
239.6 0.940326
239.7 0.940518
239.8 0.941224
239.9 0.942662
240 0.941386
240.1 0.93952
240.2 0.939892
240.3 0.941272
240.4 0.94113
240.5 0.939342
240.6 0.941052
240.7 0.94169
240.8 0.940603
240.9 0.940704
241 0.941282
241.1 0.940191
241.2 0.938439
241.3 0.940465
241.4 0.942841
241.5 0.943202
241.6 0.941181
241.7 0.940201
241.8 0.94098
241.9 0.940331
242 0.942835
242.1 0.941045
242.2 0.939017
242.3 0.936659
242.4 0.937771
242.5 0.937424
242.6 0.93609
242.7 0.937168
242.8 0.937645
242.9 0.93882
243 0.938469
243.1 0.939205
243.2 0.936551
243.3 0.935952
243.4 0.937431
243.5 0.939002
243.6 0.939181
243.7 0.938925
243.8 0.939209
243.9 0.939076
244 0.937715
244.1 0.94021
244.2 0.941369
244.3 0.93914
244.4 0.940371
244.5 0.939796
244.6 0.939096
244.7 0.941022
244.8 0.938053
244.9 0.939736
245 0.939532
245.1 0.940269
245.2 0.940436
245.3 0.940464
245.4 0.941076
245.5 0.940624
245.6 0.938124
245.7 0.937718
245.8 0.937609
245.9 0.937956
246 0.938378
246.1 0.93748
246.2 0.938669
246.3 0.938031
246.4 0.938721
246.5 0.940545
246.6 0.938991
246.7 0.938864
246.8 0.938805
246.9 0.940196
247 0.941433
247.1 0.943409
247.2 0.942288
247.3 0.94158
247.4 0.94181
247.5 0.942191
247.6 0.944925
247.7 0.944321
247.8 0.942343
247.9 0.941053
248 0.941777
248.1 0.940743
248.2 0.941296
248.3 0.939558
248.4 0.93908
248.5 0.940236
248.6 0.93967
248.7 0.940757
248.8 0.941137
248.9 0.943133
249 0.942398
249.1 0.940372
249.2 0.942478
249.3 0.942276
249.4 0.941049
249.5 0.939596
249.6 0.940018
249.7 0.939797
249.8 0.941479
249.9 0.939127
250 0.940112
250.1 0.936501
250.2 0.936839
250.3 0.935898
250.4 0.934671
250.5 0.935213
250.6 0.936581
250.7 0.937182
250.8 0.935403
250.9 0.936583
251 0.937658
251.1 0.933043
251.2 0.932919
251.3 0.934208
251.4 0.934903
251.5 0.93433
251.6 0.934143
251.7 0.937303
251.8 0.938038
251.9 0.938927
252 0.939629
252.1 0.939355
252.2 0.940117
252.3 0.9403
252.4 0.939415
252.5 0.938904
252.6 0.937865
252.7 0.937756
252.8 0.936771
252.9 0.937558
253 0.938288
253.1 0.937519
253.2 0.938
253.3 0.937362
253.4 0.937139
253.5 0.93671
253.6 0.936778
253.7 0.937693
253.8 0.937496
253.9 0.936542
254 0.935015
254.1 0.935653
254.2 0.935734
254.3 0.933264
254.4 0.933449
254.5 0.934686
254.6 0.936857
254.7 0.935814
254.8 0.937513
254.9 0.93525
255 0.936149
255.1 0.936019
255.2 0.935796
255.3 0.934425
255.4 0.93654
255.5 0.936254
255.6 0.936199
255.7 0.936273
255.8 0.937727
255.9 0.9384
256 0.938113
256.1 0.937453
256.2 0.937126
256.3 0.937469
256.4 0.938255
256.5 0.939144
256.6 0.940216
256.7 0.941822
256.8 0.941493
256.9 0.940692
257 0.940445
257.1 0.939926
257.2 0.938076
257.3 0.938673
257.4 0.937126
257.5 0.937656
257.6 0.937432
257.7 0.938087
257.8 0.936538
257.9 0.938109
258 0.937153
258.1 0.93688
258.2 0.93631
258.3 0.939358
258.4 0.93978
258.5 0.93921
258.6 0.937297
258.7 0.937094
258.8 0.934621
258.9 0.937247
259 0.938405
259.1 0.934319
259.2 0.93553
259.3 0.936057
259.4 0.937579
259.5 0.937663
259.6 0.938379
259.7 0.939597
259.8 0.938723
259.9 0.939477
260 0.941045
260.1 0.94148
260.2 0.941179
260.3 0.94118
260.4 0.942438
260.5 0.94234
260.6 0.942656
260.7 0.942857
260.8 0.942045
260.9 0.942295
261 0.942301
261.1 0.942918
261.2 0.941716
261.3 0.941525
261.4 0.939169
261.5 0.937801
261.6 0.938571
261.7 0.939334
261.8 0.94033
261.9 0.94058
262 0.936723
262.1 0.938925
262.2 0.940975
262.3 0.94093
262.4 0.93963
262.5 0.938961
262.6 0.941731
262.7 0.941197
262.8 0.940744
262.9 0.940275
263 0.941086
263.1 0.939855
263.2 0.941178
263.3 0.94092
263.4 0.94214
263.5 0.943667
263.6 0.942827
263.7 0.941386
263.8 0.94064
263.9 0.93971
264 0.939423
264.1 0.937662
264.2 0.937256
264.3 0.936946
264.4 0.93761
264.5 0.938311
264.6 0.936223
264.7 0.936972
264.8 0.936356
264.9 0.937112
265 0.937004
265.1 0.936755
265.2 0.938423
265.3 0.938921
265.4 0.939445
265.5 0.939464
265.6 0.938517
265.7 0.935317
265.8 0.935204
265.9 0.93604
266 0.93527
266.1 0.935174
266.2 0.935759
266.3 0.938049
266.4 0.938421
266.5 0.938894
266.6 0.936743
266.7 0.939126
266.8 0.938787
266.9 0.935225
267 0.935514
267.1 0.935635
267.2 0.933552
267.3 0.934429
267.4 0.936338
267.5 0.937012
267.6 0.938375
267.7 0.939403
267.8 0.94009
267.9 0.940097
268 0.938984
268.1 0.938856
268.2 0.93949
268.3 0.939163
268.4 0.941781
268.5 0.941048
268.6 0.940245
268.7 0.939566
268.8 0.939684
268.9 0.942484
269 0.940841
269.1 0.939646
269.2 0.939909
269.3 0.939535
269.4 0.939639
269.5 0.939836
269.6 0.938365
269.7 0.938828
269.8 0.938741
269.9 0.939378
270 0.941646
270.1 0.942182
270.2 0.941555
270.3 0.939753
270.4 0.940096
270.5 0.940209
270.6 0.940376
270.7 0.939251
270.8 0.940129
270.9 0.940111
271 0.936094
271.1 0.936047
271.2 0.936513
271.3 0.93319
271.4 0.935826
271.5 0.935649
271.6 0.935178
271.7 0.935446
271.8 0.936053
271.9 0.936353
272 0.935864
272.1 0.935541
272.2 0.936436
272.3 0.935902
272.4 0.935442
272.5 0.934517
272.6 0.936716
272.7 0.938188
272.8 0.93579
272.9 0.934712
273 0.936226
273.1 0.935299
273.2 0.938056
273.3 0.936993
273.4 0.936917
273.5 0.93769
273.6 0.938142
273.7 0.939039
273.8 0.935843
273.9 0.937478
274 0.937999
274.1 0.937642
274.2 0.938552
274.3 0.939573
274.4 0.938534
274.5 0.938737
274.6 0.937902
274.7 0.939161
274.8 0.937218
274.9 0.937847
275 0.93952
275.1 0.941383
275.2 0.937299
275.3 0.936271
275.4 0.937228
275.5 0.938415
275.6 0.939232
275.7 0.938334
275.8 0.939873
275.9 0.940786
276 0.941926
276.1 0.939602
276.2 0.939512
276.3 0.939189
276.4 0.938137
276.5 0.939435
276.6 0.940207
276.7 0.939267
276.8 0.939264
276.9 0.939889
277 0.938706
277.1 0.939447
277.2 0.939748
277.3 0.940592
277.4 0.93957
277.5 0.941444
277.6 0.941678
277.7 0.939646
277.8 0.938116
277.9 0.938507
278 0.938375
278.1 0.935712
278.2 0.93523
278.3 0.934352
278.4 0.934981
278.5 0.936243
278.6 0.936774
278.7 0.935834
278.8 0.938177
278.9 0.937668
279 0.938791
279.1 0.936625
279.2 0.938446
279.3 0.941623
279.4 0.939884
279.5 0.940241
279.6 0.939431
279.7 0.936745
279.8 0.934484
279.9 0.935572
280 0.934835
280.1 0.934082
280.2 0.933251
280.3 0.935749
280.4 0.935544
280.5 0.933716
280.6 0.935188
280.7 0.935933
280.8 0.934447
280.9 0.936236
281 0.937863
281.1 0.939556
281.2 0.940358
281.3 0.941905
281.4 0.941361
281.5 0.939352
281.6 0.938224
281.7 0.941163
281.8 0.941353
281.9 0.940424
282 0.939995
282.1 0.93944
282.2 0.939538
282.3 0.938777
282.4 0.937774
282.5 0.937171
282.6 0.935591
282.7 0.933929
282.8 0.936256
282.9 0.9388
283 0.937431
283.1 0.937294
283.2 0.939066
283.3 0.940962
283.4 0.939945
283.5 0.938867
283.6 0.938399
283.7 0.938977
283.8 0.938455
283.9 0.937785
284 0.937513
284.1 0.936837
284.2 0.938637
284.3 0.940099
284.4 0.938007
284.5 0.936377
284.6 0.938163
284.7 0.938007
284.8 0.938818
284.9 0.935485
285 0.937313
285.1 0.937909
285.2 0.936886
285.3 0.938811
285.4 0.93857
285.5 0.93912
285.6 0.934778
285.7 0.93476
285.8 0.933646
285.9 0.93239
286 0.928787
286.1 0.92906
286.2 0.932721
286.3 0.933107
286.4 0.936361
286.5 0.937142
286.6 0.936902
286.7 0.937467
286.8 0.938923
286.9 0.936756
287 0.937201
287.1 0.937603
287.2 0.934411
287.3 0.935879
287.4 0.93698
287.5 0.936084
287.6 0.933109
287.7 0.932699
287.8 0.932115
287.9 0.932236
288 0.9334
288.1 0.933527
288.2 0.933669
288.3 0.933155
288.4 0.935256
288.5 0.9338
288.6 0.932987
288.7 0.935618
288.8 0.936803
288.9 0.937748
289 0.939485
289.1 0.938865
289.2 0.940095
289.3 0.940562
289.4 0.940133
289.5 0.940005
289.6 0.939058
289.7 0.938541
289.8 0.938505
289.9 0.938719
290 0.940083
290.1 0.937178
290.2 0.938072
290.3 0.938506
290.4 0.938092
290.5 0.938223
290.6 0.939042
290.7 0.93925
290.8 0.937968
290.9 0.939127
291 0.938707
291.1 0.939667
291.2 0.940569
291.3 0.939106
291.4 0.940569
291.5 0.940488
291.6 0.940716
291.7 0.940561
291.8 0.940464
291.9 0.940076
292 0.937528
292.1 0.938549
292.2 0.93865
292.3 0.938406
292.4 0.937181
292.5 0.935385
292.6 0.934369
292.7 0.936334
292.8 0.935842
292.9 0.937017
293 0.936378
293.1 0.936778
293.2 0.935886
293.3 0.93743
293.4 0.936695
293.5 0.936539
293.6 0.934554
293.7 0.934759
293.8 0.93501
293.9 0.933513
294 0.93429
294.1 0.935551
294.2 0.933045
294.3 0.933586
294.4 0.935194
294.5 0.936419
294.6 0.934988
294.7 0.935325
294.8 0.936327
294.9 0.936098
295 0.936715
295.1 0.938535
295.2 0.93872
295.3 0.936495
295.4 0.937219
295.5 0.9373
295.6 0.939446
295.7 0.938425
295.8 0.935863
295.9 0.93833
296 0.938153
296.1 0.938042
296.2 0.937882
296.3 0.939197
296.4 0.940323
296.5 0.940128
296.6 0.938393
296.7 0.938081
296.8 0.938565
296.9 0.93903
297 0.932048
297.1 0.929866
297.2 0.931925
297.3 0.933686
297.4 0.935475
297.5 0.936817
297.6 0.936555
297.7 0.938234
297.8 0.937589
297.9 0.93821
298 0.937919
298.1 0.939625
298.2 0.941479
298.3 0.938061
298.4 0.939975
298.5 0.940219
298.6 0.940085
298.7 0.939611
298.8 0.940328
298.9 0.939965
299 0.93916
299.1 0.937523
299.2 0.937501
299.3 0.93759
299.4 0.937727
299.5 0.938937
299.6 0.939804
299.7 0.940644
299.8 0.939991
299.9 0.94044
300 0.941999
300.1 0.939617
300.2 0.939239
300.3 0.941835
300.4 0.941326
300.5 0.942749
300.6 0.940176
300.7 0.938593
300.8 0.939194
300.9 0.938344
301 0.939909
301.1 0.940113
301.2 0.939001
301.3 0.942086
301.4 0.942055
301.5 0.942588
301.6 0.939785
301.7 0.938575
301.8 0.938979
301.9 0.936952
302 0.935978
302.1 0.935227
302.2 0.934722
302.3 0.936234
302.4 0.935489
302.5 0.93517
302.6 0.937801
302.7 0.937082
302.8 0.938116
302.9 0.939534
303 0.941466
303.1 0.939911
303.2 0.937996
303.3 0.939431
303.4 0.937698
303.5 0.937238
303.6 0.934565
303.7 0.935076
303.8 0.937062
303.9 0.9374
304 0.93617
304.1 0.937223
304.2 0.936326
304.3 0.936597
304.4 0.936992
304.5 0.936195
304.6 0.937906
304.7 0.937847
304.8 0.939699
304.9 0.93897
305 0.939899
305.1 0.939288
305.2 0.938237
305.3 0.938455
305.4 0.936277
305.5 0.937934
305.6 0.939231
305.7 0.938725
305.8 0.938472
305.9 0.938822
306 0.940448
306.1 0.941127
306.2 0.941525
306.3 0.942616
306.4 0.939312
306.5 0.939129
306.6 0.940355
306.7 0.938854
306.8 0.937574
306.9 0.93789
307 0.939164
307.1 0.939672
307.2 0.939101
307.3 0.939283
307.4 0.939055
307.5 0.936946
307.6 0.937452
307.7 0.938227
307.8 0.938611
307.9 0.93727
308 0.9383
308.1 0.937078
308.2 0.937662
308.3 0.937779
308.4 0.937401
308.5 0.938757
308.6 0.938317
308.7 0.937855
308.8 0.937813
308.9 0.937287
309 0.936576
309.1 0.938022
309.2 0.93596
309.3 0.938232
309.4 0.938738
309.5 0.940215
309.6 0.939733
309.7 0.939248
309.8 0.93917
309.9 0.939685
310 0.941369
310.1 0.939485
310.2 0.940986
310.3 0.940798
310.4 0.938365
310.5 0.940487
310.6 0.9398
310.7 0.940858
310.8 0.941374
310.9 0.941207
311 0.941218
311.1 0.941265
311.2 0.942299
311.3 0.941481
311.4 0.941277
311.5 0.942061
311.6 0.941806
311.7 0.940967
311.8 0.941298
311.9 0.939856
312 0.938818
312.1 0.939225
312.2 0.939088
312.3 0.940043
312.4 0.940527
312.5 0.940742
312.6 0.939538
312.7 0.93838
312.8 0.937009
312.9 0.938103
313 0.939049
313.1 0.938973
313.2 0.939227
313.3 0.937758
313.4 0.939004
313.5 0.937634
313.6 0.938266
313.7 0.939543
313.8 0.938453
313.9 0.936922
314 0.935718
314.1 0.936619
314.2 0.935845
314.3 0.936803
314.4 0.937127
314.5 0.937422
314.6 0.939492
314.7 0.940065
314.8 0.940399
314.9 0.942181
315 0.941616
315.1 0.940811
315.2 0.940058
315.3 0.940158
315.4 0.938364
315.5 0.93928
315.6 0.940239
315.7 0.93937
315.8 0.936931
315.9 0.935554
316 0.937251
316.1 0.937064
316.2 0.934569
316.3 0.933469
316.4 0.933524
316.5 0.93474
316.6 0.935346
316.7 0.933821
316.8 0.936702
316.9 0.935177
317 0.936116
317.1 0.935716
317.2 0.935482
317.3 0.936512
317.4 0.935234
317.5 0.936165
317.6 0.935187
317.7 0.936597
317.8 0.935991
317.9 0.937367
318 0.939391
318.1 0.939137
318.2 0.939713
318.3 0.940595
318.4 0.941485
318.5 0.942283
318.6 0.944337
318.7 0.9445
318.8 0.943924
318.9 0.944487
319 0.937792
319.1 0.937996
319.2 0.93757
319.3 0.937368
319.4 0.939429
319.5 0.938747
319.6 0.939726
319.7 0.937929
319.8 0.940379
319.9 0.940161
320 0.9408
320.1 0.940032
320.2 0.939667
320.3 0.94011
320.4 0.940348
320.5 0.940432
320.6 0.940145
320.7 0.939904
320.8 0.939203
320.9 0.941254
321 0.941278
321.1 0.940435
321.2 0.939058
321.3 0.940278
321.4 0.93933
321.5 0.939657
321.6 0.939295
321.7 0.93348
321.8 0.93272
321.9 0.934883
322 0.933901
322.1 0.932182
322.2 0.933357
322.3 0.933259
322.4 0.934163
322.5 0.935351
322.6 0.936782
322.7 0.937177
322.8 0.937054
322.9 0.935147
323 0.933914
323.1 0.932525
323.2 0.931713
323.3 0.932562
323.4 0.935493
323.5 0.936778
323.6 0.936996
323.7 0.937143
323.8 0.938124
323.9 0.936789
324 0.936491
324.1 0.938446
324.2 0.940071
324.3 0.939869
324.4 0.939163
324.5 0.938207
324.6 0.938778
324.7 0.937802
324.8 0.937657
324.9 0.939777
325 0.942615
325.1 0.942526
325.2 0.942091
325.3 0.942143
325.4 0.941737
325.5 0.942782
325.6 0.942412
325.7 0.94273
325.8 0.94095
325.9 0.938489
326 0.939155
326.1 0.941044
326.2 0.942654
326.3 0.941263
326.4 0.940012
326.5 0.939358
326.6 0.94028
326.7 0.941096
326.8 0.941776
326.9 0.942343
327 0.94105
327.1 0.939978
327.2 0.939698
327.3 0.941046
327.4 0.941001
327.5 0.9403
327.6 0.942002
327.7 0.942238
327.8 0.94117
327.9 0.941666
328 0.940912
328.1 0.941857
328.2 0.942686
328.3 0.941868
328.4 0.938445
328.5 0.935939
328.6 0.937529
328.7 0.936476
328.8 0.936317
328.9 0.934794
329 0.936466
329.1 0.936333
329.2 0.93608
329.3 0.936651
329.4 0.937658
329.5 0.936681
329.6 0.937224
329.7 0.93723
329.8 0.936332
329.9 0.937519
330 0.938866
330.1 0.938084
330.2 0.93729
330.3 0.937689
330.4 0.936232
330.5 0.936445
330.6 0.935837
330.7 0.937349
330.8 0.93839
330.9 0.93883
331 0.939882
331.1 0.939649
331.2 0.939712
331.3 0.94008
331.4 0.940415
331.5 0.940496
331.6 0.93964
331.7 0.937384
331.8 0.93679
331.9 0.937004
332 0.937166
332.1 0.938342
332.2 0.938419
332.3 0.939188
332.4 0.940396
332.5 0.939818
332.6 0.940707
332.7 0.940888
332.8 0.941231
332.9 0.939018
333 0.936915
333.1 0.937854
333.2 0.937631
333.3 0.939041
333.4 0.93811
333.5 0.938407
333.6 0.937933
333.7 0.93883
333.8 0.936933
333.9 0.935624
334 0.936608
334.1 0.937441
334.2 0.937625
334.3 0.937584
334.4 0.938724
334.5 0.940809
334.6 0.941316
334.7 0.939239
334.8 0.939387
334.9 0.938502
335 0.939175
335.1 0.937533
335.2 0.940825
335.3 0.939373
335.4 0.93804
335.5 0.940179
335.6 0.941659
335.7 0.940474
335.8 0.93988
335.9 0.938514
336 0.939573
336.1 0.939852
336.2 0.939632
336.3 0.939216
336.4 0.939358
336.5 0.937986
336.6 0.937016
336.7 0.935088
336.8 0.937213
336.9 0.938239
337 0.938157
337.1 0.939183
337.2 0.939045
337.3 0.938789
337.4 0.940111
337.5 0.941674
337.6 0.940112
337.7 0.939257
337.8 0.937001
337.9 0.937342
338 0.936308
338.1 0.933359
338.2 0.933422
338.3 0.934791
338.4 0.936252
338.5 0.937464
338.6 0.938847
338.7 0.940912
338.8 0.941139
338.9 0.941644
339 0.940888
339.1 0.940604
339.2 0.940994
339.3 0.940332
339.4 0.941591
339.5 0.938836
339.6 0.938769
339.7 0.938207
339.8 0.938576
339.9 0.939048
340 0.941008
340.1 0.938978
340.2 0.939839
340.3 0.939967
340.4 0.937833
340.5 0.938611
340.6 0.939386
340.7 0.939125
340.8 0.93939
340.9 0.939446
341 0.937918
341.1 0.938442
341.2 0.939986
341.3 0.938653
341.4 0.93959
341.5 0.93936
341.6 0.938258
341.7 0.937438
341.8 0.939776
341.9 0.939362
342 0.937922
342.1 0.934536
342.2 0.9364
342.3 0.936624
342.4 0.937295
342.5 0.939507
342.6 0.938612
342.7 0.937696
342.8 0.937104
342.9 0.93843
343 0.939176
343.1 0.940274
343.2 0.938707
343.3 0.93848
343.4 0.938051
343.5 0.939239
343.6 0.940306
343.7 0.940197
343.8 0.939693
343.9 0.938671
344 0.938432
344.1 0.939569
344.2 0.940141
344.3 0.940051
344.4 0.941194
344.5 0.941509
344.6 0.940519
344.7 0.940905
344.8 0.940234
344.9 0.940313
345 0.941432
345.1 0.941907
345.2 0.941084
345.3 0.940308
345.4 0.939026
345.5 0.938804
345.6 0.938817
345.7 0.939426
345.8 0.939238
345.9 0.937714
346 0.938912
346.1 0.938994
346.2 0.93939
346.3 0.938359
346.4 0.94028
346.5 0.941464
346.6 0.941807
346.7 0.942422
346.8 0.940919
346.9 0.9403
347 0.940011
347.1 0.9396
347.2 0.938646
347.3 0.939131
347.4 0.93872
347.5 0.938927
347.6 0.938464
347.7 0.939735
347.8 0.936553
347.9 0.936036
348 0.938054
348.1 0.937817
348.2 0.937181
348.3 0.936946
348.4 0.937537
348.5 0.937759
348.6 0.937777
348.7 0.940517
348.8 0.938808
348.9 0.940082
349 0.940722
349.1 0.939294
349.2 0.93758
349.3 0.937401
349.4 0.939163
349.5 0.937689
349.6 0.937159
349.7 0.937325
349.8 0.937393
349.9 0.939234
350 0.935611
350.1 0.938081
350.2 0.939983
350.3 0.938939
350.4 0.940495
350.5 0.941061
350.6 0.938548
350.7 0.938896
350.8 0.938864
350.9 0.937552
351 0.937688
351.1 0.937665
351.2 0.938819
351.3 0.940369
351.4 0.93882
351.5 0.938912
351.6 0.938936
351.7 0.940486
351.8 0.941241
351.9 0.941535
352 0.941419
352.1 0.938123
352.2 0.937159
352.3 0.935232
352.4 0.937035
352.5 0.936203
352.6 0.93728
352.7 0.937522
352.8 0.937455
352.9 0.938518
353 0.937729
353.1 0.934555
353.2 0.93512
353.3 0.935793
353.4 0.935871
353.5 0.935747
353.6 0.936103
353.7 0.934804
353.8 0.934867
353.9 0.935311
354 0.935986
354.1 0.935317
354.2 0.935784
354.3 0.937566
354.4 0.937011
354.5 0.936799
354.6 0.935425
354.7 0.935784
354.8 0.936526
354.9 0.937578
355 0.938718
355.1 0.939443
355.2 0.940439
355.3 0.941049
355.4 0.940406
355.5 0.940522
355.6 0.939463
355.7 0.939811
355.8 0.938015
355.9 0.939811
356 0.937873
356.1 0.936655
356.2 0.93697
356.3 0.936551
356.4 0.934316
356.5 0.934281
356.6 0.935764
356.7 0.936539
356.8 0.939259
356.9 0.938485
357 0.937365
357.1 0.936251
357.2 0.938613
357.3 0.93876
357.4 0.937992
357.5 0.936965
357.6 0.93795
357.7 0.938192
357.8 0.938789
357.9 0.937902
358 0.93668
358.1 0.935917
358.2 0.936584
358.3 0.937386
358.4 0.936059
358.5 0.933574
358.6 0.934415
358.7 0.933571
358.8 0.934872
358.9 0.936445
359 0.936044
359.1 0.936395
359.2 0.93751
359.3 0.938128
359.4 0.939238
359.5 0.939849
359.6 0.940415
359.7 0.938572
359.8 0.936328
359.9 0.932741
360 0.934545
360.1 0.936041
360.2 0.935668
360.3 0.937541
360.4 0.936843
360.5 0.936889
360.6 0.938251
360.7 0.938607
360.8 0.940055
360.9 0.940626
361 0.940308
361.1 0.937478
361.2 0.940167
361.3 0.938487
361.4 0.938411
361.5 0.939038
361.6 0.938956
361.7 0.940166
361.8 0.939614
361.9 0.941066
362 0.94049
362.1 0.942062
362.2 0.94158
362.3 0.941761
362.4 0.939825
362.5 0.939313
362.6 0.937689
362.7 0.937171
362.8 0.938998
362.9 0.937354
363 0.938111
363.1 0.938207
363.2 0.941237
363.3 0.940436
363.4 0.941907
363.5 0.939852
363.6 0.941525
363.7 0.941035
363.8 0.939912
363.9 0.942595
364 0.942673
364.1 0.942228
364.2 0.943323
364.3 0.945283
364.4 0.942381
364.5 0.940595
364.6 0.940982
364.7 0.941313
364.8 0.940217
364.9 0.939109
365 0.940033
365.1 0.938544
365.2 0.939924
365.3 0.941551
365.4 0.94209
365.5 0.943615
365.6 0.944248
365.7 0.943226
365.8 0.942126
365.9 0.941852
366 0.942151
366.1 0.942466
366.2 0.940167
366.3 0.940151
366.4 0.941685
366.5 0.942102
366.6 0.941272
366.7 0.940439
366.8 0.938723
366.9 0.939216
367 0.939107
367.1 0.938753
367.2 0.937861
367.3 0.938532
367.4 0.940363
367.5 0.939777
367.6 0.937372
367.7 0.939248
367.8 0.940609
367.9 0.939047
368 0.937547
368.1 0.935643
368.2 0.937625
368.3 0.935841
368.4 0.935165
368.5 0.937475
368.6 0.938768
368.7 0.938568
368.8 0.93822
368.9 0.939842
369 0.941374
369.1 0.942075
369.2 0.939771
369.3 0.940442
369.4 0.939554
369.5 0.939694
369.6 0.94057
369.7 0.940575
369.8 0.940846
369.9 0.940877
370 0.939023
370.1 0.941168
370.2 0.940708
370.3 0.941092
370.4 0.940678
370.5 0.941273
370.6 0.938716
370.7 0.938714
370.8 0.938291
370.9 0.937758
371 0.938753
371.1 0.935936
371.2 0.934714
371.3 0.933297
371.4 0.934929
371.5 0.935987
371.6 0.937768
371.7 0.939038
371.8 0.939401
371.9 0.941103
372 0.940482
372.1 0.939744
372.2 0.940159
372.3 0.940751
372.4 0.940254
372.5 0.939181
372.6 0.940201
372.7 0.940384
372.8 0.939836
372.9 0.938792
373 0.93976
373.1 0.939335
373.2 0.939448
373.3 0.94082
373.4 0.941766
373.5 0.940578
373.6 0.939281
373.7 0.939088
373.8 0.939081
373.9 0.93805
374 0.93762
374.1 0.93637
374.2 0.936756
374.3 0.936506
374.4 0.935966
374.5 0.935951
374.6 0.936305
374.7 0.936345
374.8 0.937145
374.9 0.938071
375 0.937972
375.1 0.936398
375.2 0.936766
375.3 0.93551
375.4 0.935637
375.5 0.936195
375.6 0.936927
375.7 0.937632
375.8 0.937047
375.9 0.937005
376 0.937627
376.1 0.938513
376.2 0.937538
376.3 0.936129
376.4 0.938219
376.5 0.936183
376.6 0.93555
376.7 0.936597
376.8 0.93825
376.9 0.938097
377 0.938115
377.1 0.939286
377.2 0.936296
377.3 0.935684
377.4 0.934395
377.5 0.936272
377.6 0.937152
377.7 0.936859
377.8 0.938257
377.9 0.936517
378 0.937248
378.1 0.934758
378.2 0.935775
378.3 0.935663
378.4 0.937011
378.5 0.938086
378.6 0.937936
378.7 0.937927
378.8 0.936411
378.9 0.935246
379 0.934195
379.1 0.936184
379.2 0.934395
379.3 0.935403
379.4 0.935744
379.5 0.935916
379.6 0.935997
379.7 0.936735
379.8 0.937405
379.9 0.938535
380 0.939165
380.1 0.938049
380.2 0.939472
380.3 0.940817
380.4 0.941064
380.5 0.941461
380.6 0.942047
380.7 0.940615
380.8 0.942435
380.9 0.941677
381 0.940856
381.1 0.939958
381.2 0.940188
381.3 0.938452
381.4 0.940008
381.5 0.939381
381.6 0.941194
381.7 0.94094
381.8 0.940314
381.9 0.94111
382 0.942531
382.1 0.941861
382.2 0.94203
382.3 0.940952
382.4 0.942772
382.5 0.942655
382.6 0.942142
382.7 0.941404
382.8 0.942801
382.9 0.942832
383 0.941763
383.1 0.942554
383.2 0.941013
383.3 0.940461
383.4 0.942516
383.5 0.94165
383.6 0.941602
383.7 0.940384
383.8 0.939242
383.9 0.939798
384 0.938405
384.1 0.940035
384.2 0.940121
384.3 0.938831
384.4 0.940259
384.5 0.940184
384.6 0.94013
384.7 0.938601
384.8 0.936269
384.9 0.93232
385 0.931479
385.1 0.934121
385.2 0.933583
385.3 0.934868
385.4 0.93554
385.5 0.935489
385.6 0.937394
385.7 0.938087
385.8 0.940114
385.9 0.940476
386 0.940166
386.1 0.936494
386.2 0.938344
386.3 0.938358
386.4 0.939678
386.5 0.939864
386.6 0.939153
386.7 0.940596
386.8 0.941863
386.9 0.941299
387 0.942847
387.1 0.942331
387.2 0.942016
387.3 0.942771
387.4 0.941153
387.5 0.939417
387.6 0.939378
387.7 0.939248
387.8 0.938745
387.9 0.938615
388 0.93811
388.1 0.935781
388.2 0.936934
388.3 0.937832
388.4 0.934284
388.5 0.935411
388.6 0.936022
388.7 0.929686
388.8 0.930722
388.9 0.930455
389 0.931174
389.1 0.932474
389.2 0.934418
389.3 0.935508
389.4 0.937576
389.5 0.938713
389.6 0.939403
389.7 0.939146
389.8 0.938623
389.9 0.940126
390 0.937937
390.1 0.939189
390.2 0.939357
390.3 0.939894
390.4 0.93891
390.5 0.940623
390.6 0.940506
390.7 0.939535
390.8 0.940886
390.9 0.940974
391 0.940258
391.1 0.939624
391.2 0.938577
391.3 0.936013
391.4 0.937235
391.5 0.936834
391.6 0.936683
391.7 0.936425
391.8 0.937488
391.9 0.936142
392 0.935562
392.1 0.933831
392.2 0.935681
392.3 0.935672
392.4 0.934935
392.5 0.934697
392.6 0.936854
392.7 0.932692
392.8 0.933383
392.9 0.934348
393 0.934477
393.1 0.936092
393.2 0.935431
393.3 0.935287
393.4 0.937741
393.5 0.938256
393.6 0.93487
393.7 0.935502
393.8 0.93629
393.9 0.934793
394 0.936226
394.1 0.93767
394.2 0.939707
394.3 0.938488
394.4 0.938615
394.5 0.936636
394.6 0.936751
394.7 0.937816
394.8 0.938839
394.9 0.938458
395 0.937177
395.1 0.938887
395.2 0.938071
395.3 0.937741
395.4 0.940321
395.5 0.941061
395.6 0.942393
395.7 0.940637
395.8 0.938491
395.9 0.938177
396 0.938136
396.1 0.938621
396.2 0.940571
396.3 0.940962
396.4 0.940555
396.5 0.941436
396.6 0.941176
396.7 0.941877
396.8 0.942332
396.9 0.940542
397 0.941761
397.1 0.941766
397.2 0.939771
397.3 0.939616
397.4 0.939362
397.5 0.938835
397.6 0.93898
397.7 0.939592
397.8 0.938709
397.9 0.93861
398 0.940275
398.1 0.938523
398.2 0.937196
398.3 0.936745
398.4 0.936588
398.5 0.937663
398.6 0.938075
398.7 0.940084
398.8 0.93903
398.9 0.938754
399 0.938433
399.1 0.938108
399.2 0.93537
399.3 0.935942
399.4 0.935175
399.5 0.938095
399.6 0.937357
399.7 0.939517
399.8 0.939589
399.9 0.941534
400 0.940927
400.1 0.939753
400.2 0.940504
400.3 0.939193
400.4 0.937938
400.5 0.939213
400.6 0.939317
400.7 0.940842
400.8 0.940532
400.9 0.940198
401 0.939174
401.1 0.93977
401.2 0.939903
401.3 0.939864
401.4 0.940407
401.5 0.940251
401.6 0.939772
401.7 0.939234
401.8 0.937042
401.9 0.938344
402 0.937054
402.1 0.938207
402.2 0.93794
402.3 0.936579
402.4 0.937942
402.5 0.937217
402.6 0.937876
402.7 0.937825
402.8 0.938033
402.9 0.938904
403 0.938477
403.1 0.939549
403.2 0.941116
403.3 0.939833
403.4 0.939494
403.5 0.940304
403.6 0.940337
403.7 0.941465
403.8 0.940938
403.9 0.939523
404 0.939522
404.1 0.938565
404.2 0.937881
404.3 0.938397
404.4 0.939406
404.5 0.936191
404.6 0.936911
404.7 0.935758
404.8 0.936568
404.9 0.938475
405 0.93926
405.1 0.939211
405.2 0.937873
405.3 0.938354
405.4 0.937072
405.5 0.938341
405.6 0.9388
405.7 0.938422
405.8 0.937506
405.9 0.936213
406 0.936522
406.1 0.939056
406.2 0.938412
406.3 0.936221
406.4 0.935599
406.5 0.937817
406.6 0.939313
406.7 0.938122
406.8 0.938722
406.9 0.939751
407 0.93863
407.1 0.937554
407.2 0.935799
407.3 0.934732
407.4 0.935416
407.5 0.936145
407.6 0.938353
407.7 0.940356
407.8 0.940906
407.9 0.940749
408 0.940446
408.1 0.940686
408.2 0.940196
408.3 0.939064
408.4 0.940574
408.5 0.940868
408.6 0.940169
408.7 0.941276
408.8 0.939187
408.9 0.93738
409 0.938649
409.1 0.939288
409.2 0.94009
409.3 0.940272
409.4 0.939537
409.5 0.938819
409.6 0.938768
409.7 0.939338
409.8 0.940434
409.9 0.94074
410 0.942253
410.1 0.941231
410.2 0.943293
410.3 0.943273
410.4 0.942213
410.5 0.942066
410.6 0.942387
410.7 0.941443
410.8 0.941344
410.9 0.942218
411 0.942447
411.1 0.943944
411.2 0.94182
411.3 0.942957
411.4 0.940683
411.5 0.942213
411.6 0.942757
411.7 0.941994
411.8 0.940795
411.9 0.940297
412 0.939175
412.1 0.939402
412.2 0.941148
412.3 0.938838
412.4 0.938356
412.5 0.938226
412.6 0.937043
412.7 0.934474
412.8 0.934669
412.9 0.935114
413 0.937481
413.1 0.936054
413.2 0.937547
413.3 0.938607
413.4 0.937173
413.5 0.935903
413.6 0.935979
413.7 0.936667
413.8 0.937716
413.9 0.937481
414 0.938522
414.1 0.939005
414.2 0.939602
414.3 0.939121
414.4 0.940535
414.5 0.940974
414.6 0.938851
414.7 0.936729
414.8 0.935029
414.9 0.936365
415 0.935812
415.1 0.936987
415.2 0.937296
415.3 0.936234
415.4 0.936871
415.5 0.937028
415.6 0.937269
415.7 0.938135
415.8 0.93789
415.9 0.939784
416 0.938818
416.1 0.937392
416.2 0.93816
416.3 0.938739
416.4 0.93691
416.5 0.937397
416.6 0.938989
416.7 0.939512
416.8 0.940813
416.9 0.942073
417 0.9414
417.1 0.938339
417.2 0.938932
417.3 0.940331
417.4 0.938486
417.5 0.9378
417.6 0.938814
417.7 0.934791
417.8 0.934216
417.9 0.935564
418 0.936034
418.1 0.936369
418.2 0.936841
418.3 0.938375
418.4 0.937342
418.5 0.939447
418.6 0.939447
418.7 0.93965
418.8 0.93992
418.9 0.939321
419 0.938556
419.1 0.938521
419.2 0.938595
419.3 0.937903
419.4 0.938114
419.5 0.937481
419.6 0.938642
419.7 0.940791
419.8 0.942095
419.9 0.938847
420 0.938916
420.1 0.937394
420.2 0.938484
420.3 0.936996
420.4 0.937285
420.5 0.93881
420.6 0.939257
420.7 0.939755
420.8 0.938001
420.9 0.937904
421 0.939117
421.1 0.93882
421.2 0.939196
421.3 0.937565
421.4 0.937962
421.5 0.938189
421.6 0.938475
421.7 0.937065
421.8 0.935819
421.9 0.937063
422 0.936434
422.1 0.936785
422.2 0.936178
422.3 0.938478
422.4 0.937413
422.5 0.936634
422.6 0.938959
422.7 0.940119
422.8 0.93803
422.9 0.938953
423 0.938238
423.1 0.939024
423.2 0.936689
423.3 0.937466
423.4 0.939511
423.5 0.941069
423.6 0.940995
423.7 0.94098
423.8 0.940693
423.9 0.939677
424 0.935845
424.1 0.936207
424.2 0.935903
424.3 0.936412
424.4 0.935042
424.5 0.932897
424.6 0.935808
424.7 0.939551
424.8 0.939645
424.9 0.939881
425 0.939754
425.1 0.940285
425.2 0.940719
425.3 0.937616
425.4 0.937511
425.5 0.937013
425.6 0.93518
425.7 0.934559
425.8 0.933244
425.9 0.935844
426 0.934661
426.1 0.934725
426.2 0.93709
426.3 0.937131
426.4 0.935188
426.5 0.935242
426.6 0.937012
426.7 0.936468
426.8 0.930607
426.9 0.933328
427 0.935599
427.1 0.935441
427.2 0.936439
427.3 0.937711
427.4 0.936144
427.5 0.936137
427.6 0.933813
427.7 0.934527
427.8 0.931677
427.9 0.934611
428 0.930172
428.1 0.928043
428.2 0.930352
428.3 0.931587
428.4 0.932693
428.5 0.934638
428.6 0.93543
428.7 0.93515
428.8 0.936871
428.9 0.937453
429 0.940383
429.1 0.939722
429.2 0.938213
429.3 0.937025
429.4 0.936408
429.5 0.935322
429.6 0.933916
429.7 0.937053
429.8 0.936669
429.9 0.935727
430 0.935736
430.1 0.936939
430.2 0.934981
430.3 0.936877
430.4 0.934319
430.5 0.935064
430.6 0.936042
430.7 0.935387
430.8 0.936755
430.9 0.937351
431 0.935681
431.1 0.933383
431.2 0.931747
431.3 0.931946
431.4 0.932949
431.5 0.935053
431.6 0.940241
431.7 0.941404
431.8 0.941645
431.9 0.943141
432 0.941498
432.1 0.940952
432.2 0.941157
432.3 0.941556
432.4 0.940621
432.5 0.93922
432.6 0.940022
432.7 0.940003
432.8 0.940394
432.9 0.941004
433 0.941128
433.1 0.94109
433.2 0.942658
433.3 0.941563
433.4 0.941497
433.5 0.93962
433.6 0.938906
433.7 0.939484
433.8 0.939763
433.9 0.940685
434 0.942512
434.1 0.943965
434.2 0.940566
434.3 0.941523
434.4 0.940152
434.5 0.940353
434.6 0.938581
434.7 0.937193
434.8 0.937638
434.9 0.938091
435 0.938429
435.1 0.940251
435.2 0.939862
435.3 0.937097
435.4 0.934532
435.5 0.935164
435.6 0.933917
435.7 0.934509
435.8 0.933738
435.9 0.934983
436 0.934504
436.1 0.935822
436.2 0.937702
436.3 0.938
436.4 0.93824
436.5 0.937304
436.6 0.937808
436.7 0.936557
436.8 0.938655
436.9 0.940026
437 0.940213
437.1 0.939247
437.2 0.94101
437.3 0.940121
437.4 0.93886
437.5 0.93922
437.6 0.938996
437.7 0.93866
437.8 0.939285
437.9 0.940639
438 0.940541
438.1 0.940423
438.2 0.9405
438.3 0.940912
438.4 0.940747
438.5 0.941472
438.6 0.942468
438.7 0.940578
438.8 0.942019
438.9 0.942299
439 0.942934
439.1 0.94393
439.2 0.943739
439.3 0.941374
439.4 0.940043
439.5 0.939666
439.6 0.939694
439.7 0.939875
439.8 0.940482
439.9 0.940108
440 0.9401
440.1 0.939415
440.2 0.940109
440.3 0.940425
440.4 0.940956
440.5 0.9391
440.6 0.939475
440.7 0.940095
440.8 0.938813
440.9 0.93933
441 0.938517
441.1 0.937235
441.2 0.938537
441.3 0.936998
441.4 0.937934
441.5 0.936634
441.6 0.935822
441.7 0.938062
441.8 0.938845
441.9 0.941324
442 0.942364
442.1 0.942847
442.2 0.942738
442.3 0.943694
442.4 0.943807
442.5 0.942746
442.6 0.9413
442.7 0.939122
442.8 0.938564
442.9 0.938622
443 0.938201
443.1 0.938053
443.2 0.939439
443.3 0.940213
443.4 0.935919
443.5 0.932285
443.6 0.934396
443.7 0.933894
443.8 0.935456
443.9 0.935923
444 0.929881
444.1 0.929581
444.2 0.93173
444.3 0.933344
444.4 0.935064
444.5 0.934627
444.6 0.934692
444.7 0.933525
444.8 0.933625
444.9 0.934161
445 0.935733
445.1 0.938151
445.2 0.938996
445.3 0.938276
445.4 0.93757
445.5 0.938866
445.6 0.941547
445.7 0.940952
445.8 0.940837
445.9 0.93968
446 0.935472
446.1 0.938594
446.2 0.939443
446.3 0.938925
446.4 0.93839
446.5 0.940001
446.6 0.937631
446.7 0.937944
446.8 0.93648
446.9 0.934347
447 0.935109
447.1 0.935165
447.2 0.936841
447.3 0.937806
447.4 0.934268
447.5 0.934886
447.6 0.936048
447.7 0.936713
447.8 0.937369
447.9 0.935118
448 0.935834
448.1 0.936341
448.2 0.936654
448.3 0.936609
448.4 0.933797
448.5 0.932933
448.6 0.935291
448.7 0.936276
448.8 0.931016
448.9 0.9316
449 0.932672
449.1 0.933857
449.2 0.934834
449.3 0.934303
449.4 0.930553
449.5 0.931522
449.6 0.932649
449.7 0.931681
449.8 0.928635
449.9 0.931442
450 0.933057
450.1 0.929715
450.2 0.934544
450.3 0.933643
450.4 0.934383
450.5 0.93512
450.6 0.936866
450.7 0.935935
450.8 0.93569
450.9 0.933938
451 0.931776
451.1 0.931767
451.2 0.933775
451.3 0.93423
451.4 0.934208
451.5 0.935401
451.6 0.937891
451.7 0.938901
451.8 0.936974
451.9 0.937856
452 0.938184
452.1 0.938567
452.2 0.939857
452.3 0.941198
452.4 0.940684
452.5 0.939579
452.6 0.938247
452.7 0.93784
452.8 0.938053
452.9 0.940374
453 0.940378
453.1 0.939139
453.2 0.938532
453.3 0.937964
453.4 0.940051
453.5 0.941643
453.6 0.94148
453.7 0.942417
453.8 0.942009
453.9 0.940139
454 0.940308
454.1 0.941106
454.2 0.941444
454.3 0.940667
454.4 0.939208
454.5 0.939446
454.6 0.940563
454.7 0.940357
454.8 0.940657
454.9 0.939623
455 0.93847
455.1 0.939294
455.2 0.937646
455.3 0.93771
455.4 0.940095
455.5 0.93973
455.6 0.939846
455.7 0.939963
455.8 0.940162
455.9 0.940137
456 0.94187
456.1 0.944163
456.2 0.944028
456.3 0.944259
456.4 0.945382
456.5 0.94458
456.6 0.94347
456.7 0.942856
456.8 0.942629
456.9 0.942431
457 0.942003
457.1 0.942102
457.2 0.942057
457.3 0.943201
457.4 0.941039
457.5 0.940085
457.6 0.939176
457.7 0.937418
457.8 0.9378
457.9 0.938308
458 0.937348
458.1 0.938221
458.2 0.938217
458.3 0.938105
458.4 0.939659
458.5 0.939268
458.6 0.939758
458.7 0.940456
458.8 0.941539
458.9 0.941194
459 0.941021
459.1 0.940814
459.2 0.93849
459.3 0.939349
459.4 0.940006
459.5 0.938682
459.6 0.937859
459.7 0.937615
459.8 0.938495
459.9 0.939798
460 0.939307
460.1 0.936037
460.2 0.933672
460.3 0.936039
460.4 0.937198
460.5 0.939007
460.6 0.939694
460.7 0.939238
460.8 0.939807
460.9 0.93669
461 0.93672
461.1 0.937099
461.2 0.93636
461.3 0.936793
461.4 0.935782
461.5 0.937409
461.6 0.937574
461.7 0.939008
461.8 0.940978
461.9 0.942263
462 0.944353
462.1 0.941395
462.2 0.940944
462.3 0.940319
462.4 0.940864
462.5 0.939878
462.6 0.940558
462.7 0.940527
462.8 0.941788
462.9 0.940091
463 0.937557
463.1 0.937686
463.2 0.938544
463.3 0.938225
463.4 0.9388
463.5 0.940492
463.6 0.939673
463.7 0.939584
463.8 0.939114
463.9 0.941248
464 0.942479
464.1 0.942024
464.2 0.943247
464.3 0.941351
464.4 0.94027
464.5 0.938822
464.6 0.938848
464.7 0.938439
464.8 0.94125
464.9 0.941621
465 0.941595
465.1 0.942584
465.2 0.942543
465.3 0.942343
465.4 0.943675
465.5 0.942491
465.6 0.942598
465.7 0.939659
465.8 0.939879
465.9 0.939136
466 0.94095
466.1 0.939868
466.2 0.940272
466.3 0.941737
466.4 0.94055
466.5 0.941526
466.6 0.942506
466.7 0.941586
466.8 0.940946
466.9 0.940719
467 0.940984
467.1 0.940573
467.2 0.940267
467.3 0.940866
467.4 0.941449
467.5 0.941215
467.6 0.941526
467.7 0.941128
467.8 0.940911
467.9 0.938787
468 0.941167
468.1 0.941228
468.2 0.939797
468.3 0.939148
468.4 0.938173
468.5 0.939654
468.6 0.940548
468.7 0.940567
468.8 0.938698
468.9 0.937118
469 0.938725
469.1 0.938263
469.2 0.938125
469.3 0.938196
469.4 0.93701
469.5 0.935541
469.6 0.935457
469.7 0.934206
469.8 0.934716
469.9 0.935694
470 0.935535
470.1 0.936219
470.2 0.939603
470.3 0.941324
470.4 0.942073
470.5 0.939689
470.6 0.938598
470.7 0.938983
470.8 0.938653
470.9 0.938238
471 0.938423
471.1 0.939312
471.2 0.939703
471.3 0.940017
471.4 0.941132
471.5 0.941554
471.6 0.940358
471.7 0.939064
471.8 0.936043
471.9 0.938979
472 0.939717
472.1 0.940377
472.2 0.939586
472.3 0.940005
472.4 0.941051
472.5 0.941734
472.6 0.940514
472.7 0.940168
472.8 0.938623
472.9 0.938478
473 0.937089
473.1 0.937357
473.2 0.936482
473.3 0.938075
473.4 0.937178
473.5 0.937811
473.6 0.937704
473.7 0.938061
473.8 0.94014
473.9 0.940676
474 0.939975
474.1 0.937734
474.2 0.938325
474.3 0.938437
474.4 0.939068
474.5 0.941346
474.6 0.942015
474.7 0.940814
474.8 0.941633
474.9 0.941797
475 0.942753
475.1 0.94345
475.2 0.942263
475.3 0.940883
475.4 0.941329
475.5 0.940497
475.6 0.940132
475.7 0.939387
475.8 0.941021
475.9 0.941776
476 0.942971
476.1 0.942951
476.2 0.94366
476.3 0.941854
476.4 0.94194
476.5 0.942521
476.6 0.940464
476.7 0.939856
476.8 0.940166
476.9 0.941532
477 0.94015
477.1 0.938019
477.2 0.939212
477.3 0.940122
477.4 0.940647
477.5 0.940517
477.6 0.941143
477.7 0.940562
477.8 0.940949
477.9 0.938974
478 0.939074
478.1 0.938466
478.2 0.938138
478.3 0.937723
478.4 0.939702
478.5 0.938747
478.6 0.938033
478.7 0.93899
478.8 0.941085
478.9 0.942411
479 0.941486
479.1 0.940715
479.2 0.942842
479.3 0.94175
479.4 0.941754
479.5 0.940812
479.6 0.942577
479.7 0.942376
479.8 0.941676
479.9 0.941649
480 0.942767
480.1 0.941603
480.2 0.939207
480.3 0.936895
480.4 0.936711
480.5 0.939475
480.6 0.937256
480.7 0.939329
480.8 0.93808
480.9 0.939067
481 0.93992
481.1 0.939548
481.2 0.939533
481.3 0.940669
481.4 0.941106
481.5 0.940448
481.6 0.939924
481.7 0.937664
481.8 0.939744
481.9 0.940564
482 0.941489
482.1 0.941498
482.2 0.94019
482.3 0.938899
482.4 0.935769
482.5 0.935602
482.6 0.937189
482.7 0.937508
482.8 0.940783
482.9 0.941204
483 0.941263
483.1 0.940086
483.2 0.939555
483.3 0.939527
483.4 0.93827
483.5 0.938248
483.6 0.938182
483.7 0.935902
483.8 0.935001
483.9 0.930763
484 0.927814
484.1 0.931551
484.2 0.93342
484.3 0.93292
484.4 0.934262
484.5 0.935001
484.6 0.936144
484.7 0.935391
484.8 0.9354
484.9 0.935784
485 0.935775
485.1 0.936392
485.2 0.936623
485.3 0.937133
485.4 0.936655
485.5 0.936576
485.6 0.935868
485.7 0.936652
485.8 0.935273
485.9 0.935682
486 0.935134
486.1 0.934453
486.2 0.932944
486.3 0.935905
486.4 0.934356
486.5 0.934762
486.6 0.935559
486.7 0.93488
486.8 0.939714
486.9 0.939622
487 0.938997
487.1 0.938717
487.2 0.938737
487.3 0.940759
487.4 0.940226
487.5 0.938543
487.6 0.937692
487.7 0.937789
487.8 0.93944
487.9 0.939648
488 0.938502
488.1 0.939474
488.2 0.940688
488.3 0.942564
488.4 0.9403
488.5 0.9385
488.6 0.938754
488.7 0.940252
488.8 0.941511
488.9 0.942796
489 0.943573
489.1 0.941603
489.2 0.942039
489.3 0.94201
489.4 0.939577
489.5 0.939284
489.6 0.939903
489.7 0.940471
489.8 0.940207
489.9 0.941114
490 0.940824
490.1 0.940104
490.2 0.938721
490.3 0.937757
490.4 0.937621
490.5 0.933868
490.6 0.93468
490.7 0.935406
490.8 0.934156
490.9 0.933952
491 0.934853
491.1 0.936199
491.2 0.933764
491.3 0.935028
491.4 0.936983
491.5 0.937271
491.6 0.935489
491.7 0.93724
491.8 0.939094
491.9 0.939668
492 0.940643
492.1 0.938778
492.2 0.938253
492.3 0.937409
492.4 0.937244
492.5 0.93878
492.6 0.939042
492.7 0.938274
492.8 0.940899
492.9 0.941618
493 0.942291
493.1 0.943019
493.2 0.942846
493.3 0.943192
493.4 0.941102
493.5 0.941081
493.6 0.942865
493.7 0.943688
493.8 0.944299
493.9 0.944726
494 0.943003
494.1 0.94436
494.2 0.942771
494.3 0.939721
494.4 0.939019
494.5 0.938274
494.6 0.935667
494.7 0.935398
494.8 0.935063
494.9 0.931373
495 0.932672
495.1 0.934951
495.2 0.931696
495.3 0.933521
495.4 0.932549
495.5 0.933381
495.6 0.935
495.7 0.935604
495.8 0.936526
495.9 0.937983
496 0.939374
496.1 0.938682
496.2 0.937916
496.3 0.937129
496.4 0.937858
496.5 0.936688
496.6 0.936952
496.7 0.936226
496.8 0.937556
496.9 0.938505
497 0.938392
497.1 0.93776
497.2 0.93785
497.3 0.938329
497.4 0.937943
497.5 0.938676
497.6 0.938132
497.7 0.937577
497.8 0.936137
497.9 0.93637
498 0.937306
498.1 0.938115
498.2 0.937268
498.3 0.937069
498.4 0.939508
498.5 0.940003
498.6 0.939155
498.7 0.938705
498.8 0.941103
498.9 0.941805
499 0.940111
499.1 0.939239
499.2 0.940035
499.3 0.939481
499.4 0.939784
499.5 0.942416
499.6 0.940309
499.7 0.939804
499.8 0.93962
499.9 0.9383
