0 0.0137536
0.1 0.0151665
0.2 0.0138448
0.3 0.014065
0.4 0.0149532
0.5 0.0155239
0.6 0.0166588
0.7 0.0164547
0.8 0.0170463
0.9 0.0177813
1 0.0185578
1.1 0.0202174
1.2 0.0204636
1.3 0.0205884
1.4 0.0205602
1.5 0.0217656
1.6 0.0233484
1.7 0.0236868
1.8 0.0237807
1.9 0.023844
2 0.0238281
2.1 0.0247255
2.2 0.0246018
2.3 0.0258731
2.4 0.0270972
2.5 0.0274784
2.6 0.0287323
2.7 0.0283782
2.8 0.029648
2.9 0.030418
3 0.0325318
3.1 0.0333986
3.2 0.0349772
3.3 0.0359828
3.4 0.0376219
3.5 0.0381171
3.6 0.039387
3.7 0.0395506
3.8 0.040989
3.9 0.0412536
4 0.0415954
4.1 0.0423767
4.2 0.0427262
4.3 0.0426868
4.4 0.0424182
4.5 0.0427597
4.6 0.0422365
4.7 0.0434753
4.8 0.0436262
4.9 0.0439088
5 0.0441577
5.1 0.0440993
5.2 0.045815
5.3 0.0473089
5.4 0.046996
5.5 0.0479781
5.6 0.0486006
5.7 0.0497957
5.8 0.0502047
5.9 0.050828
6 0.0518561
6.1 0.0527468
6.2 0.0531491
6.3 0.0544103
6.4 0.0560161
6.5 0.0562583
6.6 0.0575313
6.7 0.058848
6.8 0.059271
6.9 0.0603888
7 0.0603981
7.1 0.0602553
7.2 0.0613409
7.3 0.0614881
7.4 0.0611578
7.5 0.0628365
7.6 0.062681
7.7 0.0621376
7.8 0.0630173
7.9 0.0627741
8 0.0637123
8.1 0.0642962
8.2 0.0651284
8.3 0.0664417
8.4 0.0668167
8.5 0.0680276
8.6 0.0690793
8.7 0.0704963
8.8 0.0713019
8.9 0.072022
9 0.0727561
9.1 0.0741011
9.2 0.0737178
9.3 0.0747204
9.4 0.0752089
9.5 0.0763626
9.6 0.0769922
9.7 0.0774387
9.8 0.0785758
9.9 0.07856
10 0.0793303
10.1 0.0802237
10.2 0.0808826
10.3 0.0823986
10.4 0.0831382
10.5 0.0839325
10.6 0.0849208
10.7 0.0859992
10.8 0.0867104
10.9 0.087696
11 0.0888731
11.1 0.0886469
11.2 0.0887814
11.3 0.0893511
11.4 0.0898145
11.5 0.0903043
11.6 0.0922462
11.7 0.0940993
11.8 0.0947135
11.9 0.0949215
12 0.0957528
12.1 0.096461
12.2 0.0979063
12.3 0.0976005
12.4 0.0968603
12.5 0.0981387
12.6 0.098842
12.7 0.100159
12.8 0.100711
12.9 0.1006
13 0.101129
13.1 0.101295
13.2 0.102206
13.3 0.103719
13.4 0.10456
13.5 0.105438
13.6 0.104284
13.7 0.105239
13.8 0.106272
13.9 0.107108
14 0.107705
14.1 0.108473
14.2 0.109748
14.3 0.110816
14.4 0.111272
14.5 0.112606
14.6 0.112661
14.7 0.115096
14.8 0.1163
14.9 0.117287
15 0.117575
15.1 0.118683
15.2 0.119529
15.3 0.120242
15.4 0.121169
15.5 0.12187
15.6 0.122838
15.7 0.123744
15.8 0.125064
15.9 0.125193
16 0.126228
16.1 0.128161
16.2 0.129158
16.3 0.129716
16.4 0.132049
16.5 0.133722
16.6 0.135678
16.7 0.136955
16.8 0.136813
16.9 0.13808
17 0.139239
17.1 0.140913
17.2 0.142274
17.3 0.143287
17.4 0.14472
17.5 0.146644
17.6 0.147986
17.7 0.149911
17.8 0.151523
17.9 0.15283
18 0.154341
18.1 0.155326
18.2 0.157033
18.3 0.158586
18.4 0.160452
18.5 0.161146
18.6 0.162894
18.7 0.163966
18.8 0.166699
18.9 0.168598
19 0.169974
19.1 0.17181
19.2 0.173396
19.3 0.174258
19.4 0.175423
19.5 0.176425
19.6 0.178351
19.7 0.180149
19.8 0.1817
19.9 0.182919
20 0.184093
20.1 0.185052
20.2 0.187725
20.3 0.189792
20.4 0.19158
20.5 0.192655
20.6 0.19473
20.7 0.196075
20.8 0.197817
20.9 0.19909
21 0.200978
21.1 0.202595
21.2 0.204075
21.3 0.205025
21.4 0.207261
21.5 0.208861
21.6 0.210655
21.7 0.211095
21.8 0.21206
21.9 0.213817
22 0.21581
22.1 0.216813
22.2 0.21836
22.3 0.218463
22.4 0.218579
22.5 0.219099
22.6 0.220442
22.7 0.221703
22.8 0.223044
22.9 0.224053
23 0.224946
23.1 0.226146
23.2 0.225979
23.3 0.227633
23.4 0.229029
23.5 0.230783
23.6 0.231354
23.7 0.231276
23.8 0.23097
23.9 0.232615
24 0.233322
24.1 0.2352
24.2 0.236292
24.3 0.237502
24.4 0.238196
24.5 0.238595
24.6 0.239554
24.7 0.240411
24.8 0.241943
24.9 0.243294
25 0.244587
25.1 0.245866
25.2 0.247209
25.3 0.248416
25.4 0.250091
25.5 0.251273
25.6 0.251627
25.7 0.252797
25.8 0.254412
25.9 0.254653
26 0.254901
26.1 0.256943
26.2 0.258445
26.3 0.259253
26.4 0.260053
26.5 0.260588
26.6 0.26326
26.7 0.263421
26.8 0.26507
26.9 0.266917
27 0.268321
27.1 0.270089
27.2 0.270565
27.3 0.270622
27.4 0.271365
27.5 0.272281
27.6 0.27204
27.7 0.27251
27.8 0.272495
27.9 0.272672
28 0.274936
28.1 0.274815
28.2 0.274966
28.3 0.27587
28.4 0.276153
28.5 0.276674
28.6 0.278276
28.7 0.277858
28.8 0.27869
28.9 0.280351
29 0.28183
29.1 0.282063
29.2 0.282512
29.3 0.284821
29.4 0.285281
29.5 0.285777
29.6 0.286252
29.7 0.286808
29.8 0.287802
29.9 0.288823
30 0.289296
30.1 0.290254
30.2 0.289804
30.3 0.29119
30.4 0.291977
30.5 0.293052
30.6 0.293448
30.7 0.294711
30.8 0.295618
30.9 0.296614
31 0.297729
31.1 0.298486
31.2 0.29969
31.3 0.300503
31.4 0.302049
31.5 0.302774
31.6 0.302886
31.7 0.303359
31.8 0.303972
31.9 0.304932
32 0.306007
32.1 0.306683
32.2 0.308368
32.3 0.30984
32.4 0.310283
32.5 0.310212
32.6 0.31111
32.7 0.312286
32.8 0.312855
32.9 0.313875
33 0.313344
33.1 0.31342
33.2 0.314053
33.3 0.314546
33.4 0.315071
33.5 0.315293
33.6 0.315864
33.7 0.31581
33.8 0.317529
33.9 0.31784
34 0.318769
34.1 0.319734
34.2 0.321861
34.3 0.322265
34.4 0.324029
34.5 0.324498
34.6 0.324879
34.7 0.324278
34.8 0.324235
34.9 0.325306
35 0.32635
35.1 0.325661
35.2 0.325994
35.3 0.327143
35.4 0.327945
35.5 0.328022
35.6 0.327733
35.7 0.327726
35.8 0.329103
35.9 0.329897
36 0.330443
36.1 0.330719
36.2 0.332047
36.3 0.333936
36.4 0.335016
36.5 0.335413
36.6 0.336285
36.7 0.336752
36.8 0.337527
36.9 0.338454
37 0.338346
37.1 0.339082
37.2 0.339882
37.3 0.34122
37.4 0.340866
37.5 0.340953
37.6 0.340868
37.7 0.341341
37.8 0.341867
37.9 0.342989
38 0.343987
38.1 0.344755
38.2 0.343979
38.3 0.344317
38.4 0.3458
38.5 0.347629
38.6 0.347773
38.7 0.348362
38.8 0.349814
38.9 0.350828
39 0.351015
39.1 0.352154
39.2 0.352776
39.3 0.353594
39.4 0.354766
39.5 0.355664
39.6 0.355429
39.7 0.356752
39.8 0.356788
39.9 0.356711
40 0.357378
40.1 0.357175
40.2 0.357895
40.3 0.358932
40.4 0.359795
40.5 0.361116
40.6 0.361952
40.7 0.361692
40.8 0.363254
40.9 0.364669
41 0.366284
41.1 0.367319
41.2 0.367849
41.3 0.367812
41.4 0.369173
41.5 0.369498
41.6 0.370961
41.7 0.37179
41.8 0.373718
41.9 0.374384
42 0.374944
42.1 0.375708
42.2 0.377114
42.3 0.378126
42.4 0.377997
42.5 0.378352
42.6 0.37752
42.7 0.378578
42.8 0.379441
42.9 0.379866
43 0.381733
43.1 0.382646
43.2 0.382749
43.3 0.383273
43.4 0.383288
43.5 0.384555
43.6 0.38479
43.7 0.386897
43.8 0.386639
43.9 0.387898
44 0.388628
44.1 0.389563
44.2 0.390034
44.3 0.390065
44.4 0.390467
44.5 0.391197
44.6 0.391764
44.7 0.392059
44.8 0.393585
44.9 0.394556
45 0.395486
45.1 0.397413
45.2 0.397479
45.3 0.398187
45.4 0.397931
45.5 0.397599
45.6 0.398156
45.7 0.397564
45.8 0.397635
45.9 0.39705
46 0.397985
46.1 0.397186
46.2 0.3976
46.3 0.398021
46.4 0.399153
46.5 0.398841
46.6 0.399568
46.7 0.399765
46.8 0.40012
46.9 0.400371
47 0.400176
47.1 0.400493
47.2 0.400061
47.3 0.400859
47.4 0.400379
47.5 0.40157
47.6 0.401998
47.7 0.401776
47.8 0.402684
47.9 0.402594
48 0.403152
48.1 0.404132
48.2 0.404456
48.3 0.404952
48.4 0.404975
48.5 0.404725
48.6 0.405357
48.7 0.405625
48.8 0.407024
48.9 0.407649
49 0.407782
49.1 0.409017
49.2 0.409189
49.3 0.407703
49.4 0.407537
49.5 0.407898
49.6 0.407765
49.7 0.408172
49.8 0.409242
49.9 0.410509
50 0.410734
50.1 0.410762
50.2 0.411429
50.3 0.412615
50.4 0.412245
50.5 0.412925
50.6 0.412971
50.7 0.413441
50.8 0.412658
50.9 0.412395
51 0.413166
51.1 0.414622
51.2 0.41618
51.3 0.417066
51.4 0.416751
51.5 0.416327
51.6 0.416724
51.7 0.416801
51.8 0.41732
51.9 0.41797
52 0.417852
52.1 0.419089
52.2 0.419576
52.3 0.41973
52.4 0.420911
52.5 0.421226
52.6 0.421733
52.7 0.42237
52.8 0.42263
52.9 0.423451
53 0.423518
53.1 0.424773
53.2 0.42578
53.3 0.426436
53.4 0.425918
53.5 0.424461
53.6 0.424337
53.7 0.424805
53.8 0.4247
53.9 0.425468
54 0.426305
54.1 0.427582
54.2 0.429247
54.3 0.429583
54.4 0.431255
54.5 0.431741
54.6 0.433029
54.7 0.432613
54.8 0.433813
54.9 0.435662
55 0.43661
55.1 0.437702
55.2 0.438229
55.3 0.43894
55.4 0.440364
55.5 0.44136
55.6 0.443311
55.7 0.443503
55.8 0.443706
55.9 0.444079
56 0.445657
56.1 0.447035
56.2 0.448031
56.3 0.448385
56.4 0.44818
56.5 0.448909
56.6 0.44896
56.7 0.449259
56.8 0.450032
56.9 0.450198
57 0.452003
57.1 0.452969
57.2 0.454061
57.3 0.454436
57.4 0.456822
57.5 0.458125
57.6 0.45858
57.7 0.459781
57.8 0.460224
57.9 0.460366
58 0.461389
58.1 0.46177
58.2 0.463835
58.3 0.464711
58.4 0.465579
58.5 0.466529
58.6 0.467059
58.7 0.46665
58.8 0.468294
58.9 0.469651
59 0.469948
59.1 0.470335
59.2 0.470412
59.3 0.47078
59.4 0.472898
59.5 0.47313
59.6 0.473427
59.7 0.474441
59.8 0.474376
59.9 0.47514
60 0.475014
60.1 0.475117
60.2 0.474526
60.3 0.475539
60.4 0.476307
60.5 0.476893
60.6 0.47774
60.7 0.47779
60.8 0.478712
60.9 0.479652
61 0.480617
61.1 0.481378
61.2 0.480911
61.3 0.482563
61.4 0.482841
61.5 0.483875
61.6 0.483798
61.7 0.484082
61.8 0.48423
61.9 0.486227
62 0.486164
62.1 0.487534
62.2 0.487944
62.3 0.488329
62.4 0.489002
62.5 0.488124
62.6 0.487736
62.7 0.488408
62.8 0.487755
62.9 0.488235
63 0.487831
63.1 0.487938
63.2 0.489164
63.3 0.489996
63.4 0.490858
63.5 0.490418
63.6 0.491071
63.7 0.491438
63.8 0.492853
63.9 0.493453
64 0.493721
64.1 0.492706
64.2 0.493628
64.3 0.494178
64.4 0.494223
64.5 0.494297
64.6 0.49509
64.7 0.495265
64.8 0.495626
64.9 0.495613
65 0.49588
65.1 0.496407
65.2 0.496585
65.3 0.496493
65.4 0.497618
65.5 0.498654
65.6 0.499367
65.7 0.499863
65.8 0.501517
65.9 0.501133
66 0.500721
66.1 0.501086
66.2 0.501575
66.3 0.502858
66.4 0.503367
66.5 0.503531
66.6 0.503585
66.7 0.502904
66.8 0.503738
66.9 0.505394
67 0.505499
67.1 0.506844
67.2 0.507197
67.3 0.507646
67.4 0.50874
67.5 0.509207
67.6 0.510222
67.7 0.510644
67.8 0.510983
67.9 0.51217
68 0.512381
68.1 0.51285
68.2 0.513869
68.3 0.514503
68.4 0.515376
68.5 0.516143
68.6 0.517246
68.7 0.517081
68.8 0.518264
68.9 0.519242
69 0.51917
69.1 0.519174
69.2 0.519247
69.3 0.518639
69.4 0.51986
69.5 0.520558
69.6 0.520336
69.7 0.521142
69.8 0.521294
69.9 0.522121
70 0.522602
70.1 0.522854
70.2 0.522331
70.3 0.523091
70.4 0.524194
70.5 0.524431
70.6 0.525469
70.7 0.525184
70.8 0.524954
70.9 0.526217
71 0.526959
71.1 0.526944
71.2 0.526561
71.3 0.526348
71.4 0.526592
71.5 0.526686
71.6 0.527022
71.7 0.527686
71.8 0.529173
71.9 0.530989
72 0.532025
72.1 0.533
72.2 0.533379
72.3 0.534977
72.4 0.535877
72.5 0.537684
72.6 0.538558
72.7 0.539281
72.8 0.540526
72.9 0.541325
73 0.542458
73.1 0.542292
73.2 0.542274
73.3 0.543035
73.4 0.543261
73.5 0.543537
73.6 0.544522
73.7 0.54624
73.8 0.547435
73.9 0.548456
74 0.549308
74.1 0.550659
74.2 0.552313
74.3 0.55207
74.4 0.554373
74.5 0.554314
74.6 0.554155
74.7 0.55439
74.8 0.554618
74.9 0.556645
75 0.557922
75.1 0.558486
75.2 0.560601
75.3 0.561829
75.4 0.563467
75.5 0.564736
75.6 0.565249
75.7 0.56675
75.8 0.568186
75.9 0.5698
76 0.570867
76.1 0.571818
76.2 0.572461
76.3 0.573571
76.4 0.573437
76.5 0.573454
76.6 0.57477
76.7 0.57501
76.8 0.575803
76.9 0.577512
77 0.577778
77.1 0.578592
77.2 0.579344
77.3 0.581115
77.4 0.582157
77.5 0.583766
77.6 0.584725
77.7 0.585933
77.8 0.586264
77.9 0.586664
78 0.588389
78.1 0.589142
78.2 0.590764
78.3 0.591639
78.4 0.592555
78.5 0.593192
78.6 0.593392
78.7 0.592454
78.8 0.59241
78.9 0.591937
79 0.592215
79.1 0.59279
79.2 0.594231
79.3 0.594489
79.4 0.594671
79.5 0.594657
79.6 0.596071
79.7 0.596603
79.8 0.59638
79.9 0.597599
80 0.598318
80.1 0.599113
80.2 0.599475
80.3 0.600041
80.4 0.600331
80.5 0.600591
80.6 0.601608
80.7 0.602226
80.8 0.603193
80.9 0.603152
81 0.603685
81.1 0.603794
81.2 0.603785
81.3 0.603644
81.4 0.603811
81.5 0.604432
81.6 0.603986
81.7 0.604976
81.8 0.605532
81.9 0.606432
82 0.606031
82.1 0.606196
82.2 0.607077
82.3 0.607266
82.4 0.607352
82.5 0.606909
82.6 0.607628
82.7 0.609469
82.8 0.609794
82.9 0.610704
83 0.61158
83.1 0.610615
83.2 0.611431
83.3 0.611874
83.4 0.611698
83.5 0.612581
83.6 0.612603
83.7 0.613422
83.8 0.612965
83.9 0.612995
84 0.613488
84.1 0.614309
84.2 0.614448
84.3 0.615571
84.4 0.616324
84.5 0.616861
84.6 0.617309
84.7 0.617116
84.8 0.618027
84.9 0.618252
85 0.618702
85.1 0.619951
85.2 0.619631
85.3 0.620679
85.4 0.62074
85.5 0.620835
85.6 0.621768
85.7 0.62156
85.8 0.622317
85.9 0.621351
86 0.621534
86.1 0.621708
86.2 0.620828
86.3 0.621638
86.4 0.620763
86.5 0.621203
86.6 0.621542
86.7 0.621801
86.8 0.622171
86.9 0.622658
87 0.622313
87.1 0.623473
87.2 0.623915
87.3 0.624121
87.4 0.624444
87.5 0.624915
87.6 0.625039
87.7 0.624454
87.8 0.625074
87.9 0.624761
88 0.624437
88.1 0.625392
88.2 0.625218
88.3 0.625043
88.4 0.625857
88.5 0.626656
88.6 0.626909
88.7 0.627731
88.8 0.629197
88.9 0.629951
89 0.630499
89.1 0.631155
89.2 0.631514
89.3 0.631196
89.4 0.631766
89.5 0.632094
89.6 0.632536
89.7 0.633718
89.8 0.634429
89.9 0.633877
90 0.634617
90.1 0.635582
90.2 0.635705
90.3 0.636504
90.4 0.636452
90.5 0.637297
90.6 0.637855
90.7 0.637671
90.8 0.637967
90.9 0.637228
91 0.637002
91.1 0.637011
91.2 0.637646
91.3 0.638314
91.4 0.638845
91.5 0.639793
91.6 0.640224
91.7 0.640603
91.8 0.641241
91.9 0.642411
92 0.643618
92.1 0.644405
92.2 0.644771
92.3 0.644127
92.4 0.643806
92.5 0.644329
92.6 0.644801
92.7 0.645635
92.8 0.645133
92.9 0.645241
93 0.645646
93.1 0.647168
93.2 0.64716
93.3 0.647005
93.4 0.645976
93.5 0.645857
93.6 0.645735
93.7 0.64626
93.8 0.645992
93.9 0.646314
94 0.646155
94.1 0.648157
94.2 0.647872
94.3 0.647819
94.4 0.647899
94.5 0.647851
94.6 0.64742
94.7 0.647957
94.8 0.648304
94.9 0.648386
95 0.648806
95.1 0.649087
95.2 0.648973
95.3 0.649983
95.4 0.649751
95.5 0.649793
95.6 0.649741
95.7 0.649485
95.8 0.648929
95.9 0.649762
96 0.650044
96.1 0.64948
96.2 0.64912
96.3 0.649323
96.4 0.649581
96.5 0.649468
96.6 0.648433
96.7 0.64935
96.8 0.649418
96.9 0.649827
97 0.649362
97.1 0.648965
97.2 0.649214
97.3 0.648768
97.4 0.648262
97.5 0.648185
97.6 0.649905
97.7 0.650636
97.8 0.650965
97.9 0.651088
98 0.650898
98.1 0.651859
98.2 0.651539
98.3 0.65223
98.4 0.653299
98.5 0.653643
98.6 0.653894
98.7 0.652037
98.8 0.652806
98.9 0.653524
99 0.654438
99.1 0.654879
99.2 0.654915
99.3 0.655055
99.4 0.654725
99.5 0.654397
99.6 0.654871
99.7 0.654313
99.8 0.65435
99.9 0.654562
100 0.654482
100.1 0.654829
100.2 0.65485
100.3 0.655125
100.4 0.655296
100.5 0.656178
100.6 0.656325
100.7 0.656697
100.8 0.656673
100.9 0.6564
101 0.656155
101.1 0.656873
101.2 0.656763
101.3 0.655762
101.4 0.655412
101.5 0.655218
101.6 0.654437
101.7 0.654011
101.8 0.653296
101.9 0.653249
102 0.653253
102.1 0.652082
102.2 0.651513
102.3 0.651395
102.4 0.650851
102.5 0.651443
102.6 0.651865
102.7 0.651385
102.8 0.65139
102.9 0.650935
103 0.651142
103.1 0.652096
103.2 0.652636
103.3 0.65317
103.4 0.65381
103.5 0.654063
103.6 0.653799
103.7 0.653466
103.8 0.652961
103.9 0.653035
104 0.654038
104.1 0.653838
104.2 0.65308
104.3 0.653913
104.4 0.653314
104.5 0.654147
104.6 0.654683
104.7 0.654589
104.8 0.654103
104.9 0.653903
105 0.653751
105.1 0.653098
105.2 0.652036
105.3 0.651254
105.4 0.651547
105.5 0.651155
105.6 0.651151
105.7 0.650631
105.8 0.649246
105.9 0.649615
106 0.649031
106.1 0.64914
106.2 0.64976
106.3 0.648513
106.4 0.648316
106.5 0.647835
106.6 0.6478
106.7 0.647406
106.8 0.646833
106.9 0.646555
107 0.647131
107.1 0.647454
107.2 0.647078
107.3 0.646831
107.4 0.646312
107.5 0.646695
107.6 0.645978
107.7 0.646719
107.8 0.647385
107.9 0.648194
108 0.648232
108.1 0.648344
108.2 0.648797
108.3 0.650515
108.4 0.650302
108.5 0.649491
108.6 0.649572
108.7 0.649842
108.8 0.648598
108.9 0.649081
109 0.649479
109.1 0.650081
109.2 0.650297
109.3 0.649105
109.4 0.648698
109.5 0.649088
109.6 0.649302
109.7 0.649321
109.8 0.649425
109.9 0.649731
110 0.649319
110.1 0.649668
110.2 0.649296
110.3 0.64973
110.4 0.649029
110.5 0.648676
110.6 0.648118
110.7 0.648137
110.8 0.648283
110.9 0.648089
111 0.648696
111.1 0.64874
111.2 0.64904
111.3 0.649108
111.4 0.648475
111.5 0.648289
111.6 0.648332
111.7 0.648647
111.8 0.648879
111.9 0.648847
112 0.649869
112.1 0.649904
112.2 0.650079
112.3 0.650162
112.4 0.650611
112.5 0.651579
112.6 0.652449
112.7 0.65213
112.8 0.651612
112.9 0.652589
113 0.653063
113.1 0.65393
113.2 0.65338
113.3 0.654939
113.4 0.655114
113.5 0.655192
113.6 0.655604
113.7 0.656354
113.8 0.656607
113.9 0.657216
114 0.659423
114.1 0.660915
114.2 0.661489
114.3 0.662287
114.4 0.662741
114.5 0.663672
114.6 0.664175
114.7 0.664242
114.8 0.665975
114.9 0.667077
115 0.667064
115.1 0.667448
115.2 0.667057
115.3 0.666868
115.4 0.667728
115.5 0.66833
115.6 0.669366
115.7 0.669729
115.8 0.669846
115.9 0.670035
116 0.670928
116.1 0.6708
116.2 0.671575
116.3 0.671976
116.4 0.671827
116.5 0.671678
116.6 0.673293
116.7 0.673522
116.8 0.672785
116.9 0.6727
117 0.673255
117.1 0.673415
117.2 0.673915
117.3 0.673336
117.4 0.673045
117.5 0.674613
117.6 0.674875
117.7 0.675337
117.8 0.675465
117.9 0.67529
118 0.675519
118.1 0.675779
118.2 0.67618
118.3 0.676922
118.4 0.67769
118.5 0.677029
118.6 0.677228
118.7 0.677943
118.8 0.678282
118.9 0.678987
119 0.678692
119.1 0.679278
119.2 0.67903
119.3 0.679494
119.4 0.679806
119.5 0.680366
119.6 0.68112
119.7 0.681877
119.8 0.681985
119.9 0.682554
120 0.68263
120.1 0.682507
120.2 0.682818
120.3 0.68337
120.4 0.683415
120.5 0.683958
120.6 0.685048
120.7 0.685217
120.8 0.68622
120.9 0.687051
121 0.686274
121.1 0.686196
121.2 0.686363
121.3 0.686786
121.4 0.68696
121.5 0.687196
121.6 0.687604
121.7 0.68873
121.8 0.688929
121.9 0.689865
122 0.690186
122.1 0.690269
122.2 0.689821
122.3 0.69049
122.4 0.691315
122.5 0.691702
122.6 0.69237
122.7 0.692996
122.8 0.69297
122.9 0.693696
123 0.693849
123.1 0.694838
123.2 0.695096
123.3 0.695291
123.4 0.696276
123.5 0.696772
123.6 0.69766
123.7 0.697637
123.8 0.698421
123.9 0.699744
124 0.699838
124.1 0.699734
124.2 0.699564
124.3 0.700646
124.4 0.700976
124.5 0.701722
124.6 0.701883
124.7 0.701751
124.8 0.701266
124.9 0.701562
125 0.701282
125.1 0.701274
125.2 0.701463
125.3 0.701412
125.4 0.701161
125.5 0.701554
125.6 0.702649
125.7 0.703408
125.8 0.703061
125.9 0.703264
126 0.703786
126.1 0.704426
126.2 0.704311
126.3 0.705518
126.4 0.705918
126.5 0.706013
126.6 0.705493
126.7 0.705597
126.8 0.704958
126.9 0.705614
127 0.705824
127.1 0.706669
127.2 0.706157
127.3 0.707078
127.4 0.706811
127.5 0.706906
127.6 0.706856
127.7 0.706935
127.8 0.707129
127.9 0.707849
128 0.708472
128.1 0.708672
128.2 0.708637
128.3 0.708696
128.4 0.708313
128.5 0.70858
128.6 0.708599
128.7 0.708518
128.8 0.708306
128.9 0.708158
129 0.708831
129.1 0.70882
129.2 0.708721
129.3 0.708855
129.4 0.708632
129.5 0.709487
129.6 0.708906
129.7 0.709276
129.8 0.709428
129.9 0.709501
130 0.709678
130.1 0.709561
130.2 0.709472
130.3 0.709382
130.4 0.70955
130.5 0.709816
130.6 0.709757
130.7 0.709958
130.8 0.710193
130.9 0.710477
131 0.711291
131.1 0.711691
131.2 0.711955
131.3 0.711467
131.4 0.71143
131.5 0.713191
131.6 0.712668
131.7 0.713063
131.8 0.713923
131.9 0.713907
132 0.714828
132.1 0.714898
132.2 0.714931
132.3 0.715312
132.4 0.716146
132.5 0.716833
132.6 0.717036
132.7 0.716843
132.8 0.717612
132.9 0.71813
133 0.718665
133.1 0.718257
133.2 0.718452
133.3 0.71799
133.4 0.718014
133.5 0.718506
133.6 0.719558
133.7 0.718904
133.8 0.719056
133.9 0.719378
134 0.718741
134.1 0.719362
134.2 0.720027
134.3 0.719616
134.4 0.720127
134.5 0.721735
134.6 0.721191
134.7 0.721441
134.8 0.721268
134.9 0.721893
135 0.72234
135.1 0.721986
135.2 0.721821
135.3 0.722408
135.4 0.722549
135.5 0.722946
135.6 0.722809
135.7 0.723924
135.8 0.723736
135.9 0.724909
136 0.72495
136.1 0.724881
136.2 0.724394
136.3 0.724981
136.4 0.725032
136.5 0.725764
136.6 0.725188
136.7 0.725946
136.8 0.726266
136.9 0.726638
137 0.727184
137.1 0.727575
137.2 0.727964
137.3 0.728815
137.4 0.728462
137.5 0.729417
137.6 0.730171
137.7 0.730308
137.8 0.729675
137.9 0.730774
138 0.730609
138.1 0.730425
138.2 0.729643
138.3 0.730327
138.4 0.730522
138.5 0.731871
138.6 0.73233
138.7 0.732814
138.8 0.733154
138.9 0.732597
139 0.732778
139.1 0.732795
139.2 0.733165
139.3 0.732285
139.4 0.733247
139.5 0.733663
139.6 0.734144
139.7 0.735167
139.8 0.735575
139.9 0.734706
140 0.735439
140.1 0.734787
140.2 0.735109
140.3 0.735246
140.4 0.736061
140.5 0.736112
140.6 0.736646
140.7 0.736686
140.8 0.737571
140.9 0.738118
141 0.738012
141.1 0.7388
141.2 0.738215
141.3 0.738952
141.4 0.74056
141.5 0.740228
141.6 0.740662
141.7 0.739497
141.8 0.739487
141.9 0.739507
142 0.740246
142.1 0.740772
142.2 0.741451
142.3 0.74146
142.4 0.741629
142.5 0.741169
142.6 0.741448
142.7 0.742172
142.8 0.742241
142.9 0.742381
143 0.742506
143.1 0.742756
143.2 0.743028
143.3 0.74348
143.4 0.74383
143.5 0.744325
143.6 0.744406
143.7 0.744665
143.8 0.744853
143.9 0.744168
144 0.744668
144.1 0.744633
144.2 0.744665
144.3 0.746108
144.4 0.74667
144.5 0.747237
144.6 0.747719
144.7 0.747592
144.8 0.747408
144.9 0.747043
145 0.747521
145.1 0.748125
145.2 0.748326
145.3 0.749043
145.4 0.748535
145.5 0.749169
145.6 0.749304
145.7 0.749225
145.8 0.74999
145.9 0.750127
146 0.75022
146.1 0.749852
146.2 0.750491
146.3 0.750225
146.4 0.750482
146.5 0.750376
146.6 0.751568
146.7 0.751736
146.8 0.751927
146.9 0.752679
147 0.752825
147.1 0.753275
147.2 0.754361
147.3 0.755067
147.4 0.755215
147.5 0.756263
147.6 0.756291
147.7 0.75654
147.8 0.756273
147.9 0.756505
148 0.755524
148.1 0.755721
148.2 0.75641
148.3 0.756671
148.4 0.757663
148.5 0.757315
148.6 0.757889
148.7 0.759002
148.8 0.759274
148.9 0.759453
149 0.759665
149.1 0.759978
149.2 0.759572
149.3 0.75983
149.4 0.760081
149.5 0.760922
149.6 0.761107
149.7 0.761021
149.8 0.761157
149.9 0.761319
150 0.76163
150.1 0.761535
150.2 0.762289
150.3 0.76252
150.4 0.762375
150.5 0.761866
150.6 0.762421
150.7 0.762421
150.8 0.763268
150.9 0.763528
151 0.763872
151.1 0.763408
151.2 0.763619
151.3 0.764139
151.4 0.764395
151.5 0.764868
151.6 0.764488
151.7 0.764166
151.8 0.764049
151.9 0.763366
152 0.763968
152.1 0.763611
152.2 0.764542
152.3 0.764458
152.4 0.76439
152.5 0.764052
152.6 0.764162
152.7 0.764621
152.8 0.764952
152.9 0.765324
153 0.766611
153.1 0.765825
153.2 0.766285
153.3 0.766612
153.4 0.767015
153.5 0.766585
153.6 0.76719
153.7 0.767851
153.8 0.769153
153.9 0.769705
154 0.769176
154.1 0.769048
154.2 0.769196
154.3 0.768699
154.4 0.768808
154.5 0.768955
154.6 0.769807
154.7 0.770186
154.8 0.769799
154.9 0.770019
155 0.770954
155.1 0.771886
155.2 0.772193
155.3 0.772655
155.4 0.772783
155.5 0.772649
155.6 0.77411
155.7 0.774538
155.8 0.774166
155.9 0.774611
156 0.775808
156.1 0.77681
156.2 0.776164
156.3 0.776537
156.4 0.776424
156.5 0.776454
156.6 0.77535
156.7 0.77549
156.8 0.775693
156.9 0.776216
157 0.775854
157.1 0.775337
157.2 0.775092
157.3 0.775462
157.4 0.775385
157.5 0.775301
157.6 0.775559
157.7 0.775681
157.8 0.776269
157.9 0.776943
158 0.776641
158.1 0.77634
158.2 0.775709
158.3 0.776256
158.4 0.776418
158.5 0.776692
158.6 0.776742
158.7 0.776377
158.8 0.776775
158.9 0.776729
159 0.776666
159.1 0.776753
159.2 0.776417
159.3 0.777065
159.4 0.778285
159.5 0.778091
159.6 0.778784
159.7 0.779576
159.8 0.778843
159.9 0.779542
160 0.77889
160.1 0.779828
160.2 0.779943
160.3 0.780265
160.4 0.780229
160.5 0.780862
160.6 0.780735
160.7 0.781457
160.8 0.781663
160.9 0.781496
161 0.781448
161.1 0.782152
161.2 0.784058
161.3 0.784382
161.4 0.784694
161.5 0.785238
161.6 0.785809
161.7 0.786268
161.8 0.786134
161.9 0.786581
162 0.786431
162.1 0.786256
162.2 0.787078
162.3 0.787692
162.4 0.789041
162.5 0.790031
162.6 0.789697
162.7 0.789475
162.8 0.789646
162.9 0.789695
163 0.789916
163.1 0.790493
163.2 0.790649
163.3 0.791604
163.4 0.792131
163.5 0.791258
163.6 0.79242
163.7 0.792041
163.8 0.792626
163.9 0.793224
164 0.793448
164.1 0.793106
164.2 0.793579
164.3 0.792873
164.4 0.793082
164.5 0.792744
164.6 0.792889
164.7 0.793127
164.8 0.793438
164.9 0.793329
165 0.793775
165.1 0.794139
165.2 0.794614
165.3 0.794014
165.4 0.794288
165.5 0.794578
165.6 0.794157
165.7 0.794003
165.8 0.793565
165.9 0.794266
166 0.794481
166.1 0.794324
166.2 0.794045
166.3 0.794103
166.4 0.794994
166.5 0.795823
166.6 0.796157
166.7 0.79456
166.8 0.794096
166.9 0.795551
167 0.794768
167.1 0.79637
167.2 0.796598
167.3 0.796257
167.4 0.795728
167.5 0.795399
167.6 0.794943
167.7 0.79437
167.8 0.793172
167.9 0.793145
168 0.793927
168.1 0.794324
168.2 0.794887
168.3 0.794825
168.4 0.795303
168.5 0.794738
168.6 0.795165
168.7 0.795311
168.8 0.794937
168.9 0.795164
169 0.794854
169.1 0.794938
169.2 0.795615
169.3 0.794864
169.4 0.795238
169.5 0.795655
169.6 0.795393
169.7 0.794469
169.8 0.795032
169.9 0.794904
170 0.794658
170.1 0.794979
170.2 0.795026
170.3 0.795041
170.4 0.794887
170.5 0.794709
170.6 0.794875
170.7 0.795503
170.8 0.796071
170.9 0.795906
171 0.796176
171.1 0.796277
171.2 0.796567
171.3 0.797591
171.4 0.797814
171.5 0.79807
171.6 0.79804
171.7 0.798129
171.8 0.797757
171.9 0.798275
172 0.798346
172.1 0.798602
172.2 0.79983
172.3 0.800366
172.4 0.799933
172.5 0.800044
172.6 0.799903
172.7 0.799835
172.8 0.799582
172.9 0.799717
173 0.799668
173.1 0.800191
173.2 0.800201
173.3 0.799834
173.4 0.800673
173.5 0.799863
173.6 0.800064
173.7 0.799651
173.8 0.800209
173.9 0.800427
174 0.800372
174.1 0.79968
174.2 0.799753
174.3 0.799977
174.4 0.799865
174.5 0.800113
174.6 0.800471
174.7 0.800203
174.8 0.80075
174.9 0.80148
175 0.801406
175.1 0.801977
175.2 0.8022
175.3 0.801932
175.4 0.802
175.5 0.802179
175.6 0.802156
175.7 0.80257
175.8 0.802409
175.9 0.803701
176 0.803009
176.1 0.803146
176.2 0.803932
176.3 0.804099
176.4 0.804176
176.5 0.803468
176.6 0.803246
176.7 0.8034
176.8 0.804534
176.9 0.804844
177 0.805612
177.1 0.805617
177.2 0.805686
177.3 0.80626
177.4 0.806947
177.5 0.807498
177.6 0.808211
177.7 0.808713
177.8 0.809792
177.9 0.810118
178 0.810247
178.1 0.810204
178.2 0.81011
178.3 0.810617
178.4 0.810453
178.5 0.811006
178.6 0.81213
178.7 0.812417
178.8 0.812152
178.9 0.812345
179 0.812614
179.1 0.813173
179.2 0.813347
179.3 0.813863
179.4 0.813689
179.5 0.813643
179.6 0.813668
179.7 0.813897
179.8 0.814037
179.9 0.814906
180 0.814829
180.1 0.815264
180.2 0.815956
180.3 0.816208
180.4 0.816859
180.5 0.817035
180.6 0.817923
180.7 0.818755
180.8 0.819024
180.9 0.819434
181 0.820074
181.1 0.820218
181.2 0.820408
181.3 0.820174
181.4 0.820983
181.5 0.821599
181.6 0.822122
181.7 0.822234
181.8 0.823178
181.9 0.823211
182 0.824436
182.1 0.825056
182.2 0.825478
182.3 0.825799
182.4 0.826884
182.5 0.826772
182.6 0.826948
182.7 0.827872
182.8 0.827699
182.9 0.828177
183 0.829176
183.1 0.830058
183.2 0.830018
183.3 0.830488
183.4 0.831431
183.5 0.832069
183.6 0.832901
183.7 0.833575
183.8 0.834133
183.9 0.834406
184 0.834713
184.1 0.835658
184.2 0.835297
184.3 0.835909
184.4 0.835805
184.5 0.835906
184.6 0.835824
184.7 0.835495
184.8 0.836369
184.9 0.836773
185 0.837048
185.1 0.837733
185.2 0.837783
185.3 0.838212
185.4 0.838519
185.5 0.838417
185.6 0.838899
185.7 0.838909
185.8 0.838795
185.9 0.839385
186 0.839316
186.1 0.839597
186.2 0.840104
186.3 0.840559
186.4 0.840622
186.5 0.841261
186.6 0.841439
186.7 0.841691
186.8 0.841566
186.9 0.841352
187 0.841295
187.1 0.841244
187.2 0.841228
187.3 0.841911
187.4 0.842219
187.5 0.843105
187.6 0.843788
187.7 0.844335
187.8 0.844272
187.9 0.843652
188 0.843212
188.1 0.843944
188.2 0.844276
188.3 0.843387
188.4 0.843861
188.5 0.844457
188.6 0.845599
188.7 0.845046
188.8 0.845586
188.9 0.845896
189 0.846335
189.1 0.847449
189.2 0.847658
189.3 0.848198
189.4 0.848226
189.5 0.847476
189.6 0.847151
189.7 0.847835
189.8 0.848876
189.9 0.849161
190 0.849088
190.1 0.848745
190.2 0.848931
190.3 0.848583
190.4 0.848488
190.5 0.848113
190.6 0.848759
190.7 0.849187
190.8 0.849545
190.9 0.849623
191 0.849611
191.1 0.850434
191.2 0.851022
191.3 0.851738
191.4 0.851902
191.5 0.851984
191.6 0.851804
191.7 0.851478
191.8 0.852127
191.9 0.851961
192 0.851418
192.1 0.851592
192.2 0.852089
192.3 0.8523
192.4 0.8525
192.5 0.853031
192.6 0.85266
192.7 0.852628
192.8 0.852758
192.9 0.852574
193 0.852933
193.1 0.85286
193.2 0.852638
193.3 0.852896
193.4 0.853047
193.5 0.853178
193.6 0.852993
193.7 0.852661
193.8 0.852859
193.9 0.851664
194 0.852429
194.1 0.85219
194.2 0.852549
194.3 0.853423
194.4 0.853412
194.5 0.852753
194.6 0.852833
194.7 0.852589
194.8 0.852413
194.9 0.852321
195 0.851967
195.1 0.852622
195.2 0.852963
195.3 0.852465
195.4 0.85291
195.5 0.853771
195.6 0.853766
195.7 0.853964
195.8 0.853773
195.9 0.85415
196 0.854565
196.1 0.855015
196.2 0.856554
196.3 0.856566
196.4 0.856768
196.5 0.857058
196.6 0.857823
196.7 0.857996
196.8 0.858466
196.9 0.858816
197 0.858851
197.1 0.858675
197.2 0.859315
197.3 0.859424
197.4 0.859802
197.5 0.860355
197.6 0.860761
197.7 0.861703
197.8 0.862286
197.9 0.862285
198 0.863096
198.1 0.862702
198.2 0.862781
198.3 0.862906
198.4 0.863058
198.5 0.863956
198.6 0.863528
198.7 0.86426
198.8 0.865102
198.9 0.864699
199 0.865382
199.1 0.865722
199.2 0.866243
199.3 0.866401
199.4 0.866213
199.5 0.866039
199.6 0.866379
199.7 0.866839
199.8 0.866754
199.9 0.866867
200 0.86675
200.1 0.86718
200.2 0.867487
200.3 0.867411
200.4 0.867355
200.5 0.867727
200.6 0.866848
200.7 0.867263
200.8 0.867247
200.9 0.867086
201 0.867314
201.1 0.867872
201.2 0.868128
201.3 0.868366
201.4 0.868859
201.5 0.869353
201.6 0.869287
201.7 0.869094
201.8 0.868911
201.9 0.868511
202 0.868388
202.1 0.868947
202.2 0.869175
202.3 0.869787
202.4 0.870159
202.5 0.870319
202.6 0.870863
202.7 0.87144
202.8 0.87092
202.9 0.870458
203 0.870369
203.1 0.871028
203.2 0.870703
203.3 0.871361
203.4 0.871575
203.5 0.871591
203.6 0.8715
203.7 0.872223
203.8 0.873089
203.9 0.873007
204 0.87291
204.1 0.873205
204.2 0.873111
204.3 0.873244
204.4 0.87344
204.5 0.873447
204.6 0.873614
204.7 0.873929
204.8 0.874058
204.9 0.874246
205 0.874718
205.1 0.874608
205.2 0.874612
205.3 0.874814
205.4 0.875142
205.5 0.875432
205.6 0.875967
205.7 0.875748
205.8 0.876072
205.9 0.875567
206 0.875497
206.1 0.875352
206.2 0.875222
206.3 0.875
206.4 0.875203
206.5 0.875671
206.6 0.876116
206.7 0.876352
206.8 0.876671
206.9 0.876456
207 0.876741
207.1 0.876801
207.2 0.877346
207.3 0.87774
207.4 0.878024
207.5 0.878249
207.6 0.87823
207.7 0.878151
207.8 0.878914
207.9 0.879067
208 0.877917
208.1 0.877716
208.2 0.877656
208.3 0.878317
208.4 0.87856
208.5 0.878732
208.6 0.878463
208.7 0.879002
208.8 0.879464
208.9 0.878865
209 0.878877
209.1 0.878673
209.2 0.878701
209.3 0.878871
209.4 0.87887
209.5 0.879226
209.6 0.879038
209.7 0.879416
209.8 0.879258
209.9 0.879067
210 0.879303
210.1 0.879187
210.2 0.878987
210.3 0.878612
210.4 0.878448
210.5 0.878115
210.6 0.87843
210.7 0.878573
210.8 0.87844
210.9 0.879062
211 0.879987
211.1 0.87988
211.2 0.880187
211.3 0.879957
211.4 0.879126
211.5 0.87851
211.6 0.878447
211.7 0.8779
211.8 0.878051
211.9 0.878213
212 0.878333
212.1 0.878577
212.2 0.878115
212.3 0.878115
212.4 0.877864
212.5 0.87779
212.6 0.87882
212.7 0.878854
212.8 0.87922
212.9 0.879174
213 0.879581
213.1 0.880367
213.2 0.880853
213.3 0.880795
213.4 0.880652
213.5 0.881176
213.6 0.882161
213.7 0.881968
213.8 0.882408
213.9 0.883089
214 0.883077
214.1 0.883039
214.2 0.883045
214.3 0.882641
214.4 0.882919
214.5 0.883396
214.6 0.883581
214.7 0.88375
214.8 0.884089
214.9 0.884135
215 0.884459
215.1 0.883996
215.2 0.884684
215.3 0.884788
215.4 0.884905
215.5 0.884911
215.6 0.884206
215.7 0.88528
215.8 0.884526
215.9 0.884361
216 0.88421
216.1 0.885021
216.2 0.884877
216.3 0.885483
216.4 0.885455
216.5 0.885806
216.6 0.88643
216.7 0.886904
216.8 0.88641
216.9 0.886545
217 0.886438
217.1 0.887522
217.2 0.888035
217.3 0.887801
217.4 0.887042
217.5 0.886987
217.6 0.887264
217.7 0.886786
217.8 0.886662
217.9 0.886792
218 0.887457
218.1 0.887408
218.2 0.887566
218.3 0.887389
218.4 0.887476
218.5 0.886816
218.6 0.886555
218.7 0.8863
218.8 0.886633
218.9 0.886334
219 0.886412
219.1 0.886513
219.2 0.887232
219.3 0.887922
219.4 0.887763
219.5 0.887116
219.6 0.887355
219.7 0.8872
219.8 0.887456
219.9 0.887412
220 0.887555
220.1 0.887687
220.2 0.888351
220.3 0.888825
220.4 0.888478
220.5 0.888384
220.6 0.888886
220.7 0.888764
220.8 0.888725
220.9 0.888922
221 0.888605
221.1 0.88903
221.2 0.889506
221.3 0.889145
221.4 0.889159
221.5 0.889141
221.6 0.888665
221.7 0.888848
221.8 0.889502
221.9 0.889973
222 0.889776
222.1 0.890401
222.2 0.891303
222.3 0.89069
222.4 0.891233
222.5 0.891114
222.6 0.890893
222.7 0.890704
222.8 0.89069
222.9 0.890489
223 0.889979
223.1 0.890362
223.2 0.890663
223.3 0.889962
223.4 0.890348
223.5 0.890258
223.6 0.890598
223.7 0.890817
223.8 0.890335
223.9 0.890372
224 0.890417
224.1 0.890324
224.2 0.890639
224.3 0.890231
224.4 0.890217
224.5 0.890723
224.6 0.890917
224.7 0.890616
224.8 0.890712
224.9 0.890131
225 0.889938
225.1 0.889652
225.2 0.888878
225.3 0.888326
225.4 0.887668
225.5 0.886755
225.6 0.886884
225.7 0.886865
225.8 0.886697
225.9 0.886717
226 0.887158
226.1 0.887333
226.2 0.88734
226.3 0.887341
226.4 0.888013
226.5 0.888528
226.6 0.888161
226.7 0.888197
226.8 0.887845
226.9 0.888667
227 0.889326
227.1 0.88903
227.2 0.889055
227.3 0.889836
227.4 0.890242
227.5 0.890881
227.6 0.890625
227.7 0.890027
227.8 0.890533
227.9 0.890254
228 0.89018
228.1 0.890626
228.2 0.890864
228.3 0.890718
228.4 0.890956
228.5 0.891153
228.6 0.891774
228.7 0.892414
228.8 0.891236
228.9 0.891188
229 0.891294
229.1 0.891459
229.2 0.891646
229.3 0.892086
229.4 0.892003
229.5 0.892252
229.6 0.892365
229.7 0.891912
229.8 0.892063
229.9 0.892237
230 0.892158
230.1 0.892488
230.2 0.892632
230.3 0.893821
230.4 0.89372
230.5 0.893904
230.6 0.894267
230.7 0.894189
230.8 0.895116
230.9 0.895218
231 0.895011
231.1 0.895133
231.2 0.89507
231.3 0.894964
231.4 0.89518
231.5 0.895129
231.6 0.895394
231.7 0.895067
231.8 0.895464
231.9 0.895879
232 0.895737
232.1 0.895186
232.2 0.895697
232.3 0.896329
232.4 0.896636
232.5 0.897255
232.6 0.8973
232.7 0.897511
232.8 0.897809
232.9 0.89814
233 0.898973
233.1 0.899191
233.2 0.898808
233.3 0.89882
233.4 0.899008
233.5 0.899403
233.6 0.899358
233.7 0.899248
233.8 0.900111
233.9 0.900036
234 0.899631
234.1 0.899899
234.2 0.899811
234.3 0.900276
234.4 0.90081
234.5 0.900927
234.6 0.901011
234.7 0.900767
234.8 0.900553
234.9 0.900624
235 0.900699
235.1 0.90102
235.2 0.90185
235.3 0.902545
235.4 0.902708
235.5 0.902732
235.6 0.902451
235.7 0.902396
235.8 0.902188
235.9 0.902765
236 0.902608
236.1 0.902917
236.2 0.902519
236.3 0.902516
236.4 0.902525
236.5 0.902302
236.6 0.901839
236.7 0.901782
236.8 0.901781
236.9 0.90161
237 0.90194
237.1 0.901617
237.2 0.900821
237.3 0.901158
237.4 0.901375
237.5 0.901254
237.6 0.901142
237.7 0.901237
237.8 0.901591
237.9 0.90184
238 0.900972
238.1 0.901132
238.2 0.90128
238.3 0.901462
238.4 0.901693
238.5 0.901688
238.6 0.902027
238.7 0.901721
238.8 0.902185
238.9 0.902274
239 0.90229
239.1 0.902177
239.2 0.901897
239.3 0.902234
239.4 0.902395
239.5 0.902643
239.6 0.902328
239.7 0.902032
239.8 0.901355
239.9 0.901172
240 0.901094
240.1 0.901008
240.2 0.900939
240.3 0.901361
240.4 0.901335
240.5 0.901343
240.6 0.900746
240.7 0.900211
240.8 0.900611
240.9 0.900673
241 0.900683
241.1 0.900746
241.2 0.901033
241.3 0.900955
241.4 0.900674
241.5 0.900835
241.6 0.901572
241.7 0.901912
241.8 0.90156
241.9 0.901151
242 0.901639
242.1 0.901737
242.2 0.901396
242.3 0.901159
242.4 0.901026
242.5 0.900941
242.6 0.900692
242.7 0.900361
242.8 0.900294
242.9 0.900537
243 0.900091
243.1 0.89977
243.2 0.899069
243.3 0.899055
243.4 0.898896
243.5 0.899326
243.6 0.89886
243.7 0.898637
243.8 0.898642
243.9 0.898547
244 0.898515
244.1 0.898746
244.2 0.898053
244.3 0.897164
244.4 0.897535
244.5 0.89835
244.6 0.898658
244.7 0.899391
244.8 0.900055
244.9 0.899994
245 0.900745
245.1 0.901356
245.2 0.901486
245.3 0.901252
245.4 0.901365
245.5 0.901648
245.6 0.90182
245.7 0.901941
245.8 0.901869
245.9 0.901485
246 0.901065
246.1 0.901341
246.2 0.900685
246.3 0.90114
246.4 0.90101
246.5 0.901168
246.6 0.901496
246.7 0.901125
246.8 0.901672
246.9 0.900994
247 0.900929
247.1 0.900893
247.2 0.900551
247.3 0.899642
247.4 0.900274
247.5 0.90098
247.6 0.901049
247.7 0.901065
247.8 0.901603
247.9 0.901803
248 0.902161
248.1 0.902439
248.2 0.902732
248.3 0.902835
248.4 0.903172
248.5 0.903105
248.6 0.903386
248.7 0.903084
248.8 0.902766
248.9 0.902914
249 0.903186
249.1 0.903203
249.2 0.90292
249.3 0.902681
249.4 0.902663
249.5 0.902201
249.6 0.902126
249.7 0.902222
249.8 0.901818
249.9 0.901882
250 0.901455
250.1 0.901758
250.2 0.901243
250.3 0.901182
250.4 0.90115
250.5 0.901282
250.6 0.901692
250.7 0.901587
250.8 0.901948
250.9 0.90207
251 0.90224
251.1 0.902304
251.2 0.901895
251.3 0.902122
251.4 0.902816
251.5 0.902562
251.6 0.902582
251.7 0.902326
251.8 0.901614
251.9 0.90237
252 0.902058
252.1 0.902068
252.2 0.902167
252.3 0.901707
252.4 0.901572
252.5 0.90108
252.6 0.901355
252.7 0.901808
252.8 0.901028
252.9 0.901402
253 0.900904
253.1 0.900516
253.2 0.901184
253.3 0.901445
253.4 0.901404
253.5 0.901233
253.6 0.901507
253.7 0.901651
253.8 0.901081
253.9 0.901056
254 0.90122
254.1 0.902055
254.2 0.902147
254.3 0.901848
254.4 0.90184
254.5 0.901949
254.6 0.902313
254.7 0.902843
254.8 0.902815
254.9 0.902479
255 0.901819
255.1 0.902168
255.2 0.902227
255.3 0.902523
255.4 0.902426
255.5 0.902464
255.6 0.902485
255.7 0.902888
255.8 0.903056
255.9 0.903167
256 0.902478
256.1 0.902204
256.2 0.902456
256.3 0.901787
256.4 0.902024
256.5 0.902389
256.6 0.902048
256.7 0.901715
256.8 0.901885
256.9 0.901648
257 0.901319
257.1 0.901175
257.2 0.900995
257.3 0.900374
257.4 0.899876
257.5 0.900001
257.6 0.899836
257.7 0.899
257.8 0.898822
257.9 0.89923
258 0.899483
258.1 0.900593
258.2 0.900904
258.3 0.900975
258.4 0.901216
258.5 0.901224
258.6 0.901216
258.7 0.90207
258.8 0.902116
258.9 0.902345
259 0.901967
259.1 0.902116
259.2 0.901987
259.3 0.90182
259.4 0.902536
259.5 0.902859
259.6 0.902572
259.7 0.902987
259.8 0.903247
259.9 0.902774
260 0.903147
260.1 0.902951
260.2 0.902666
260.3 0.902695
260.4 0.903209
260.5 0.903256
260.6 0.903046
260.7 0.90297
260.8 0.902698
260.9 0.902656
261 0.902207
261.1 0.901825
261.2 0.902056
261.3 0.902274
261.4 0.901401
261.5 0.901234
261.6 0.901439
261.7 0.900922
261.8 0.901014
261.9 0.900944
262 0.900714
262.1 0.900671
262.2 0.90016
262.3 0.900596
262.4 0.900941
262.5 0.901102
262.6 0.901449
262.7 0.901029
262.8 0.901158
262.9 0.90103
263 0.901119
263.1 0.901
263.2 0.900805
263.3 0.900328
263.4 0.900139
263.5 0.900137
263.6 0.899505
263.7 0.899094
263.8 0.89947
263.9 0.899065
264 0.898356
264.1 0.898145
264.2 0.898103
264.3 0.898241
264.4 0.898711
264.5 0.898261
264.6 0.898309
264.7 0.897432
264.8 0.897835
264.9 0.897835
265 0.89758
265.1 0.897724
265.2 0.897487
265.3 0.897597
265.4 0.897901
265.5 0.89784
265.6 0.898348
265.7 0.898415
265.8 0.897829
265.9 0.897015
266 0.896901
266.1 0.896377
266.2 0.896152
266.3 0.89624
266.4 0.897052
266.5 0.89715
266.6 0.897373
266.7 0.896637
266.8 0.896795
266.9 0.896528
267 0.89636
267.1 0.895707
267.2 0.895764
267.3 0.895394
267.4 0.895054
267.5 0.894902
267.6 0.895306
267.7 0.895661
267.8 0.896555
267.9 0.896471
268 0.895966
268.1 0.895015
268.2 0.895855
268.3 0.89562
268.4 0.895011
268.5 0.894528
268.6 0.894666
268.7 0.895127
268.8 0.895302
268.9 0.895496
269 0.895598
269.1 0.89585
269.2 0.895869
269.3 0.895995
269.4 0.896898
269.5 0.897075
269.6 0.897063
269.7 0.897325
269.8 0.896502
269.9 0.896257
270 0.896624
270.1 0.896428
270.2 0.896464
270.3 0.896498
270.4 0.897044
270.5 0.897437
270.6 0.897364
270.7 0.897634
270.8 0.897781
270.9 0.897908
271 0.898035
271.1 0.897634
271.2 0.897813
271.3 0.898091
271.4 0.898303
271.5 0.898357
271.6 0.898007
271.7 0.89828
271.8 0.898489
271.9 0.898114
272 0.89857
272.1 0.899059
272.2 0.898631
272.3 0.898388
272.4 0.898443
272.5 0.898918
272.6 0.899338
272.7 0.899351
272.8 0.899855
272.9 0.899749
273 0.900148
273.1 0.900165
273.2 0.900527
273.3 0.899976
273.4 0.899569
273.5 0.899608
273.6 0.899719
273.7 0.899929
273.8 0.899759
273.9 0.899499
274 0.899319
274.1 0.899544
274.2 0.899813
274.3 0.899874
274.4 0.900298
274.5 0.900339
274.6 0.900811
274.7 0.900227
274.8 0.900556
274.9 0.901128
275 0.900931
275.1 0.901543
275.2 0.901629
275.3 0.901345
275.4 0.901504
275.5 0.901874
275.6 0.901571
275.7 0.902252
275.8 0.90207
275.9 0.902723
276 0.902858
276.1 0.903036
276.2 0.902869
276.3 0.902822
276.4 0.902467
276.5 0.902947
276.6 0.903166
276.7 0.903324
276.8 0.903742
276.9 0.904318
277 0.904647
277.1 0.905205
277.2 0.90527
277.3 0.904775
277.4 0.904522
277.5 0.904248
277.6 0.904349
277.7 0.90444
277.8 0.904723
277.9 0.903968
278 0.90468
278.1 0.904827
278.2 0.904455
278.3 0.904633
278.4 0.904284
278.5 0.904551
278.6 0.904732
278.7 0.904629
278.8 0.904688
278.9 0.904341
279 0.904293
279.1 0.904655
279.2 0.90527
279.3 0.904987
279.4 0.905768
279.5 0.906047
279.6 0.905641
279.7 0.905637
279.8 0.905913
279.9 0.905722
280 0.905914
280.1 0.905911
280.2 0.9065
280.3 0.906437
280.4 0.90624
280.5 0.906726
280.6 0.906823
280.7 0.907295
280.8 0.907417
280.9 0.908085
281 0.908245
281.1 0.908416
281.2 0.907805
281.3 0.907804
281.4 0.907913
281.5 0.907681
281.6 0.907459
281.7 0.907652
281.8 0.908017
281.9 0.907922
282 0.908356
282.1 0.908328
282.2 0.908334
282.3 0.908662
282.4 0.909297
282.5 0.909077
282.6 0.909184
282.7 0.909375
282.8 0.909331
282.9 0.909084
283 0.909345
283.1 0.908684
283.2 0.90847
283.3 0.908199
283.4 0.907917
283.5 0.907773
283.6 0.907584
283.7 0.907155
283.8 0.907423
283.9 0.906851
284 0.906985
284.1 0.906135
284.2 0.905496
284.3 0.905535
284.4 0.905532
284.5 0.90562
284.6 0.905685
284.7 0.905716
284.8 0.905672
284.9 0.905794
285 0.905873
285.1 0.905779
285.2 0.906283
285.3 0.905851
285.4 0.905659
285.5 0.905962
285.6 0.90581
285.7 0.905684
285.8 0.905706
285.9 0.90587
286 0.90616
286.1 0.906416
286.2 0.906068
286.3 0.906063
286.4 0.906055
286.5 0.906221
286.6 0.905844
286.7 0.905967
286.8 0.905617
286.9 0.905538
287 0.905385
287.1 0.905099
287.2 0.905468
287.3 0.905642
287.4 0.905532
287.5 0.905578
287.6 0.905147
287.7 0.90509
287.8 0.905273
287.9 0.904939
288 0.905216
288.1 0.904738
288.2 0.904716
288.3 0.904808
288.4 0.905226
288.5 0.905261
288.6 0.90525
288.7 0.905492
288.8 0.906094
288.9 0.905282
289 0.904756
289.1 0.904501
289.2 0.904663
289.3 0.904695
289.4 0.9054
289.5 0.905925
289.6 0.90605
289.7 0.905599
289.8 0.905852
289.9 0.90525
290 0.905485
290.1 0.905591
290.2 0.906025
290.3 0.905799
290.4 0.904634
290.5 0.904864
290.6 0.905425
290.7 0.905702
290.8 0.905918
290.9 0.906342
291 0.906091
291.1 0.905479
291.2 0.904967
291.3 0.905545
291.4 0.904597
291.5 0.904346
291.6 0.904695
291.7 0.905287
291.8 0.905718
291.9 0.905475
292 0.906529
292.1 0.907255
292.2 0.906861
292.3 0.90658
292.4 0.907144
292.5 0.906814
292.6 0.907564
292.7 0.907607
292.8 0.907981
292.9 0.9084
293 0.908153
293.1 0.908091
293.2 0.9085
293.3 0.908873
293.4 0.909136
293.5 0.909475
293.6 0.909434
293.7 0.90971
293.8 0.909009
293.9 0.909017
294 0.909031
294.1 0.909079
294.2 0.908865
294.3 0.90891
294.4 0.908693
294.5 0.908514
294.6 0.909154
294.7 0.909132
294.8 0.909221
294.9 0.909343
295 0.909734
295.1 0.90959
295.2 0.909626
295.3 0.910185
295.4 0.910123
295.5 0.910339
295.6 0.910048
295.7 0.910124
295.8 0.909617
295.9 0.909499
296 0.909012
296.1 0.90921
296.2 0.909569
296.3 0.909284
296.4 0.90911
296.5 0.908727
296.6 0.908711
296.7 0.908375
296.8 0.908576
296.9 0.908313
297 0.908406
297.1 0.907929
297.2 0.908298
297.3 0.908389
297.4 0.908118
297.5 0.908229
297.6 0.90871
297.7 0.908841
297.8 0.908915
297.9 0.909278
298 0.909353
298.1 0.909284
298.2 0.908089
298.3 0.9079
298.4 0.907345
298.5 0.907352
298.6 0.906701
298.7 0.906982
298.8 0.906675
298.9 0.906611
299 0.906829
299.1 0.906453
299.2 0.906075
299.3 0.906154
299.4 0.906263
299.5 0.906051
299.6 0.905913
299.7 0.905904
299.8 0.906515
299.9 0.906631
300 0.906114
300.1 0.905784
300.2 0.906075
300.3 0.90599
300.4 0.905585
300.5 0.905478
300.6 0.905418
300.7 0.906206
300.8 0.905553
300.9 0.905287
301 0.905319
301.1 0.905507
301.2 0.905343
301.3 0.905263
301.4 0.904864
301.5 0.905077
301.6 0.905189
301.7 0.905293
301.8 0.90557
301.9 0.906042
302 0.905883
302.1 0.906335
302.2 0.906049
302.3 0.90585
302.4 0.906176
302.5 0.906245
302.6 0.906307
302.7 0.906723
302.8 0.9067
302.9 0.906946
303 0.906872
303.1 0.906693
303.2 0.906191
303.3 0.906159
303.4 0.906196
303.5 0.905712
303.6 0.905858
303.7 0.905938
303.8 0.905321
303.9 0.905738
304 0.905241
304.1 0.904476
304.2 0.90429
304.3 0.904135
304.4 0.904683
304.5 0.904658
304.6 0.904449
304.7 0.904336
304.8 0.904488
304.9 0.903994
305 0.904709
305.1 0.904224
305.2 0.904081
305.3 0.90383
305.4 0.903412
305.5 0.903521
305.6 0.903481
305.7 0.90398
305.8 0.904398
305.9 0.904226
306 0.904262
306.1 0.904115
306.2 0.904345
306.3 0.904376
306.4 0.904512
306.5 0.904143
306.6 0.904058
306.7 0.904055
306.8 0.90406
306.9 0.903998
307 0.904237
307.1 0.90464
307.2 0.905193
307.3 0.905458
307.4 0.90616
307.5 0.906049
307.6 0.906402
307.7 0.906115
307.8 0.906389
307.9 0.907036
308 0.90722
308.1 0.907223
308.2 0.906525
308.3 0.906024
308.4 0.906278
308.5 0.906148
308.6 0.905962
308.7 0.905698
308.8 0.905774
308.9 0.905321
309 0.905559
309.1 0.905745
309.2 0.905886
309.3 0.906303
309.4 0.905682
309.5 0.905937
309.6 0.906222
309.7 0.906783
309.8 0.906491
309.9 0.906629
310 0.906539
310.1 0.906819
310.2 0.906452
310.3 0.907248
310.4 0.907509
310.5 0.906997
310.6 0.907437
310.7 0.90741
310.8 0.90798
310.9 0.907463
311 0.907057
311.1 0.906772
311.2 0.906901
311.3 0.906063
311.4 0.905769
311.5 0.905838
311.6 0.905914
311.7 0.905894
311.8 0.906138
311.9 0.906726
312 0.906718
312.1 0.906608
312.2 0.906871
312.3 0.907562
312.4 0.90748
312.5 0.907346
312.6 0.90751
312.7 0.907451
312.8 0.907992
312.9 0.907881
313 0.908116
313.1 0.908036
313.2 0.908759
313.3 0.908519
313.4 0.908686
313.5 0.907948
313.6 0.90775
313.7 0.907763
313.8 0.907786
313.9 0.907561
314 0.90788
314.1 0.907749
314.2 0.907856
314.3 0.908045
314.4 0.908179
314.5 0.907526
314.6 0.907382
314.7 0.906954
314.8 0.906794
314.9 0.906048
315 0.906089
315.1 0.906329
315.2 0.90646
315.3 0.907191
315.4 0.906905
315.5 0.90654
315.6 0.906549
315.7 0.906066
315.8 0.906978
315.9 0.907746
316 0.907389
316.1 0.907246
316.2 0.907248
316.3 0.907333
316.4 0.90743
316.5 0.906896
316.6 0.90684
316.7 0.907168
316.8 0.907209
316.9 0.907281
317 0.907245
317.1 0.907797
317.2 0.907807
317.3 0.908286
317.4 0.908938
317.5 0.9091
317.6 0.909658
317.7 0.910067
317.8 0.910707
317.9 0.909969
318 0.909676
318.1 0.909007
318.2 0.908809
318.3 0.909088
318.4 0.908706
318.5 0.908199
318.6 0.908164
318.7 0.907685
318.8 0.907761
318.9 0.907586
319 0.907297
319.1 0.906886
319.2 0.907008
319.3 0.907318
319.4 0.907548
319.5 0.907405
319.6 0.907201
319.7 0.907344
319.8 0.906634
319.9 0.906495
320 0.90652
320.1 0.906815
320.2 0.906677
320.3 0.90706
320.4 0.907422
320.5 0.9072
320.6 0.907675
320.7 0.906918
320.8 0.90666
320.9 0.906815
321 0.906985
321.1 0.907134
321.2 0.907177
321.3 0.907249
321.4 0.907439
321.5 0.907943
321.6 0.907515
321.7 0.907638
321.8 0.907615
321.9 0.906758
322 0.90718
322.1 0.90673
322.2 0.907119
322.3 0.907745
322.4 0.908308
322.5 0.908083
322.6 0.908718
322.7 0.908851
322.8 0.908718
322.9 0.908789
323 0.908967
323.1 0.908629
323.2 0.908623
323.3 0.908402
323.4 0.908512
323.5 0.908433
323.6 0.908478
323.7 0.908625
323.8 0.908361
323.9 0.908432
324 0.909053
324.1 0.908971
324.2 0.909323
324.3 0.908941
324.4 0.909291
324.5 0.909241
324.6 0.909756
324.7 0.909861
324.8 0.90971
324.9 0.909971
325 0.909505
325.1 0.909486
325.2 0.909278
325.3 0.909345
325.4 0.909072
325.5 0.909453
325.6 0.909524
325.7 0.909488
325.8 0.909568
325.9 0.908983
326 0.908204
326.1 0.908481
326.2 0.909126
326.3 0.908875
326.4 0.908833
326.5 0.908955
326.6 0.909114
326.7 0.909452
326.8 0.909623
326.9 0.910135
327 0.910072
327.1 0.910365
327.2 0.910391
327.3 0.910342
327.4 0.909923
327.5 0.909744
327.6 0.910527
327.7 0.910486
327.8 0.910222
327.9 0.909995
328 0.910962
328.1 0.910783
328.2 0.910953
328.3 0.91134
328.4 0.911578
328.5 0.911297
328.6 0.911162
328.7 0.911178
328.8 0.911039
328.9 0.911215
329 0.911105
329.1 0.911033
329.2 0.911437
329.3 0.911794
329.4 0.912051
329.5 0.912454
329.6 0.912465
329.7 0.912527
329.8 0.91193
329.9 0.912136
330 0.912111
330.1 0.912355
330.2 0.912373
330.3 0.912124
330.4 0.912424
330.5 0.912263
330.6 0.912274
330.7 0.912398
330.8 0.912208
330.9 0.912059
331 0.911433
331.1 0.911498
331.2 0.911156
331.3 0.911606
331.4 0.911679
331.5 0.911838
331.6 0.911873
331.7 0.911819
331.8 0.911657
331.9 0.911455
332 0.911485
332.1 0.911406
332.2 0.911682
332.3 0.911764
332.4 0.912013
332.5 0.912271
332.6 0.912401
332.7 0.911983
332.8 0.911892
332.9 0.911347
333 0.911208
333.1 0.911351
333.2 0.911723
333.3 0.911863
333.4 0.911748
333.5 0.911478
333.6 0.911414
333.7 0.911261
333.8 0.911885
333.9 0.912172
334 0.911968
334.1 0.911897
334.2 0.911723
334.3 0.912251
334.4 0.912646
334.5 0.912874
334.6 0.912286
334.7 0.911741
334.8 0.911591
334.9 0.911746
335 0.911818
335.1 0.911883
335.2 0.911977
335.3 0.91188
335.4 0.91186
335.5 0.911885
335.6 0.912141
335.7 0.91241
335.8 0.911804
335.9 0.911249
336 0.910826
336.1 0.910949
336.2 0.910453
336.3 0.910423
336.4 0.910534
336.5 0.910679
336.6 0.910935
336.7 0.910853
336.8 0.911097
336.9 0.910988
337 0.911251
337.1 0.911138
337.2 0.911178
337.3 0.911128
337.4 0.911188
337.5 0.911249
337.6 0.911815
337.7 0.911911
337.8 0.912207
337.9 0.912163
338 0.912573
338.1 0.91261
338.2 0.912414
338.3 0.912386
338.4 0.912125
338.5 0.912208
338.6 0.911693
338.7 0.911914
338.8 0.912347
338.9 0.912269
339 0.912173
339.1 0.911849
339.2 0.911905
339.3 0.911982
339.4 0.91209
339.5 0.912413
339.6 0.912175
339.7 0.91171
339.8 0.911556
339.9 0.911461
340 0.911883
340.1 0.911977
340.2 0.912245
340.3 0.912362
340.4 0.912465
340.5 0.912026
340.6 0.912154
340.7 0.91216
340.8 0.912251
340.9 0.912737
341 0.912536
341.1 0.912838
341.2 0.913427
341.3 0.913228
341.4 0.913005
341.5 0.912654
341.6 0.912912
341.7 0.91341
341.8 0.913761
341.9 0.913185
342 0.913502
342.1 0.913542
342.2 0.913584
342.3 0.914265
342.4 0.913791
342.5 0.914409
342.6 0.913831
342.7 0.913931
342.8 0.914085
342.9 0.914032
343 0.914264
343.1 0.914617
343.2 0.9144
343.3 0.914578
343.4 0.914613
343.5 0.914387
343.6 0.914039
343.7 0.91411
343.8 0.913745
343.9 0.913631
344 0.914518
344.1 0.914392
344.2 0.914029
344.3 0.913636
344.4 0.913857
344.5 0.913698
344.6 0.914058
344.7 0.914002
344.8 0.91437
344.9 0.913954
345 0.913849
345.1 0.913277
345.2 0.913681
345.3 0.913651
345.4 0.91377
345.5 0.91354
345.6 0.914172
345.7 0.913933
345.8 0.913943
345.9 0.913806
346 0.914031
346.1 0.913769
346.2 0.913446
346.3 0.913651
346.4 0.913582
346.5 0.913426
346.6 0.913279
346.7 0.912957
346.8 0.912909
346.9 0.913319
347 0.913048
347.1 0.913605
347.2 0.91341
347.3 0.913399
347.4 0.914312
347.5 0.914826
347.6 0.914914
347.7 0.915385
347.8 0.915311
347.9 0.915809
348 0.915956
348.1 0.915873
348.2 0.916665
348.3 0.916434
348.4 0.916146
348.5 0.915673
348.6 0.915422
348.7 0.915852
348.8 0.91582
348.9 0.916237
349 0.916147
349.1 0.916419
349.2 0.916349
349.3 0.916394
349.4 0.916835
349.5 0.917276
349.6 0.91689
349.7 0.916801
349.8 0.916763
349.9 0.917131
350 0.917096
350.1 0.917131
350.2 0.916248
350.3 0.916876
350.4 0.916659
350.5 0.916808
350.6 0.91597
350.7 0.916084
350.8 0.915684
350.9 0.915687
351 0.915863
351.1 0.915286
351.2 0.91481
351.3 0.914394
351.4 0.914775
351.5 0.915164
351.6 0.915104
351.7 0.915196
351.8 0.915024
351.9 0.915223
352 0.915274
352.1 0.91552
352.2 0.915442
352.3 0.914993
352.4 0.914782
352.5 0.914993
352.6 0.914975
352.7 0.914522
352.8 0.914932
352.9 0.914754
353 0.915048
353.1 0.9152
353.2 0.915688
353.3 0.915591
353.4 0.915553
353.5 0.916012
353.6 0.916124
353.7 0.915971
353.8 0.916149
353.9 0.916785
354 0.917358
354.1 0.916533
354.2 0.916355
354.3 0.916953
354.4 0.916577
354.5 0.916695
354.6 0.916114
354.7 0.915884
354.8 0.91616
354.9 0.916407
355 0.916872
355.1 0.917279
355.2 0.917171
355.3 0.917059
355.4 0.916746
355.5 0.916413
355.6 0.916678
355.7 0.916058
355.8 0.91562
355.9 0.915688
356 0.915768
356.1 0.91552
356.2 0.914815
356.3 0.914282
356.4 0.913797
356.5 0.913791
356.6 0.913467
356.7 0.913218
356.8 0.913023
356.9 0.912734
357 0.912355
357.1 0.912907
357.2 0.912929
357.3 0.912773
357.4 0.912943
357.5 0.912612
357.6 0.912581
357.7 0.912999
357.8 0.91323
357.9 0.913095
358 0.912827
358.1 0.912594
358.2 0.912848
358.3 0.913216
358.4 0.913279
358.5 0.913379
358.6 0.914014
358.7 0.913896
358.8 0.914296
358.9 0.91482
359 0.91475
359.1 0.914584
359.2 0.914862
359.3 0.914509
359.4 0.915033
359.5 0.915342
359.6 0.915554
359.7 0.915568
359.8 0.915331
359.9 0.915814
360 0.915487
360.1 0.915423
360.2 0.915286
360.3 0.915198
360.4 0.915178
360.5 0.915422
360.6 0.915407
360.7 0.915622
360.8 0.915592
360.9 0.91494
361 0.915274
361.1 0.915268
361.2 0.91455
361.3 0.915055
361.4 0.915311
361.5 0.91517
361.6 0.915027
361.7 0.914698
361.8 0.914739
361.9 0.915211
362 0.914736
362.1 0.914186
362.2 0.913941
362.3 0.914051
362.4 0.914378
362.5 0.914176
362.6 0.914099
362.7 0.913532
362.8 0.913417
362.9 0.9136
363 0.913526
363.1 0.913494
363.2 0.913407
363.3 0.913887
363.4 0.914279
363.5 0.91391
363.6 0.913738
363.7 0.913432
363.8 0.913108
363.9 0.912891
364 0.913078
364.1 0.912851
364.2 0.913266
364.3 0.913367
364.4 0.913832
364.5 0.913555
364.6 0.914197
364.7 0.914016
364.8 0.914512
364.9 0.915336
365 0.91515
365.1 0.914791
365.2 0.915051
365.3 0.915877
365.4 0.915636
365.5 0.915926
365.6 0.916018
365.7 0.915612
365.8 0.91558
365.9 0.915021
366 0.915393
366.1 0.9155
366.2 0.916043
366.3 0.916007
366.4 0.915793
366.5 0.916222
366.6 0.916239
366.7 0.916218
366.8 0.916172
366.9 0.916393
367 0.916055
367.1 0.916004
367.2 0.916019
367.3 0.915936
367.4 0.916646
367.5 0.91614
367.6 0.915838
367.7 0.915703
367.8 0.915831
367.9 0.91587
368 0.915382
368.1 0.915491
368.2 0.915435
368.3 0.915299
368.4 0.915483
368.5 0.915239
368.6 0.915691
368.7 0.91583
368.8 0.915774
368.9 0.916249
369 0.916287
369.1 0.915926
369.2 0.916094
369.3 0.916055
369.4 0.916141
369.5 0.916173
369.6 0.916371
369.7 0.916277
369.8 0.917085
369.9 0.917399
370 0.917716
370.1 0.917194
370.2 0.9176
370.3 0.917754
370.4 0.917276
370.5 0.917194
370.6 0.916769
370.7 0.916683
370.8 0.917389
370.9 0.917553
371 0.917092
371.1 0.916728
371.2 0.917252
371.3 0.917056
371.4 0.917278
371.5 0.916968
371.6 0.916531
371.7 0.916259
371.8 0.916098
371.9 0.916127
372 0.915975
372.1 0.916377
372.2 0.916367
372.3 0.915979
372.4 0.915918
372.5 0.915422
372.6 0.915922
372.7 0.916206
372.8 0.916212
372.9 0.916259
373 0.916549
373.1 0.916994
373.2 0.916978
373.3 0.917034
373.4 0.917211
373.5 0.916914
373.6 0.916738
373.7 0.91755
373.8 0.917157
373.9 0.917015
374 0.915922
374.1 0.916233
374.2 0.916245
374.3 0.91577
374.4 0.916552
374.5 0.915737
374.6 0.915423
374.7 0.915231
374.8 0.915083
374.9 0.915531
375 0.915675
375.1 0.91535
375.2 0.915216
375.3 0.915303
375.4 0.915813
375.5 0.915357
375.6 0.915431
375.7 0.915699
375.8 0.915697
375.9 0.915693
376 0.915855
376.1 0.9157
376.2 0.915725
376.3 0.915904
376.4 0.915471
376.5 0.915948
376.6 0.915893
376.7 0.915311
376.8 0.915645
376.9 0.915881
377 0.915691
377.1 0.915288
377.2 0.91562
377.3 0.915483
377.4 0.915523
377.5 0.91557
377.6 0.91576
377.7 0.915824
377.8 0.91579
377.9 0.915889
378 0.915831
378.1 0.915903
378.2 0.915624
378.3 0.915798
378.4 0.916054
378.5 0.915789
378.6 0.915886
378.7 0.916087
378.8 0.915939
378.9 0.915169
379 0.915184
379.1 0.915199
379.2 0.914947
379.3 0.914604
379.4 0.913937
379.5 0.913994
379.6 0.914391
379.7 0.914215
379.8 0.914438
379.9 0.914194
380 0.913675
380.1 0.913236
380.2 0.912807
380.3 0.912595
380.4 0.912591
380.5 0.912474
380.6 0.912109
380.7 0.911805
380.8 0.911591
380.9 0.911985
381 0.911594
381.1 0.911191
381.2 0.911028
381.3 0.910705
381.4 0.910777
381.5 0.910566
381.6 0.910412
381.7 0.910838
381.8 0.910666
381.9 0.910231
382 0.909676
382.1 0.90987
382.2 0.910642
382.3 0.911212
382.4 0.911314
382.5 0.911326
382.6 0.910865
382.7 0.910962
382.8 0.910695
382.9 0.910823
383 0.911519
383.1 0.91154
383.2 0.91156
383.3 0.91172
383.4 0.91227
383.5 0.912259
383.6 0.91224
383.7 0.911744
383.8 0.911288
383.9 0.910851
384 0.911191
384.1 0.911375
384.2 0.911806
384.3 0.911881
384.4 0.91208
384.5 0.912497
384.6 0.912092
384.7 0.911468
384.8 0.911328
384.9 0.911573
385 0.912233
385.1 0.912211
385.2 0.912037
385.3 0.911969
385.4 0.912268
385.5 0.912233
385.6 0.912495
385.7 0.911877
385.8 0.911683
385.9 0.910791
386 0.910483
386.1 0.910883
386.2 0.911171
386.3 0.911485
386.4 0.911775
386.5 0.911631
386.6 0.911303
386.7 0.911953
386.8 0.911982
386.9 0.911666
387 0.911504
387.1 0.912068
387.2 0.912416
387.3 0.912462
387.4 0.911873
387.5 0.911182
387.6 0.911083
387.7 0.910962
387.8 0.910765
387.9 0.910719
388 0.910855
388.1 0.911146
388.2 0.910993
388.3 0.910483
388.4 0.910426
388.5 0.91108
388.6 0.910675
388.7 0.910489
388.8 0.910652
388.9 0.911179
389 0.911177
389.1 0.911691
389.2 0.911967
389.3 0.911924
389.4 0.911998
389.5 0.912161
389.6 0.912216
389.7 0.912131
389.8 0.912527
389.9 0.912865
390 0.912594
390.1 0.913241
390.2 0.912776
390.3 0.912386
390.4 0.911686
390.5 0.911606
390.6 0.911333
390.7 0.911128
390.8 0.911145
390.9 0.910323
391 0.91053
391.1 0.910267
391.2 0.910295
391.3 0.911003
391.4 0.91083
391.5 0.910617
391.6 0.910971
391.7 0.91066
391.8 0.910732
391.9 0.910879
392 0.911371
392.1 0.911783
392.2 0.911029
392.3 0.910807
392.4 0.910266
392.5 0.910276
392.6 0.910782
392.7 0.911235
392.8 0.911495
392.9 0.911143
393 0.911102
393.1 0.910756
393.2 0.911055
393.3 0.911002
393.4 0.911353
393.5 0.910976
393.6 0.911617
393.7 0.911738
393.8 0.911438
393.9 0.911515
394 0.911879
394.1 0.912071
394.2 0.912295
394.3 0.912351
394.4 0.911864
394.5 0.912118
394.6 0.911928
394.7 0.912177
394.8 0.912004
394.9 0.911597
395 0.911282
395.1 0.911038
395.2 0.911319
395.3 0.910975
395.4 0.911915
395.5 0.911952
395.6 0.911866
395.7 0.912152
395.8 0.912439
395.9 0.912362
396 0.912727
396.1 0.912506
396.2 0.912797
396.3 0.913026
396.4 0.913209
396.5 0.913543
396.6 0.913715
396.7 0.913858
396.8 0.91413
396.9 0.914314
397 0.9142
397.1 0.915023
397.2 0.915086
397.3 0.91497
397.4 0.914768
397.5 0.915192
397.6 0.915374
397.7 0.915461
397.8 0.915237
397.9 0.914673
398 0.914567
398.1 0.9142
398.2 0.914495
398.3 0.914601
398.4 0.914888
398.5 0.914751
398.6 0.915259
398.7 0.915086
398.8 0.914648
398.9 0.915227
399 0.915829
399.1 0.916055
399.2 0.916159
399.3 0.916094
399.4 0.916567
399.5 0.916777
399.6 0.916698
399.7 0.916419
399.8 0.916222
399.9 0.916244
400 0.91693
400.1 0.916879
400.2 0.917429
400.3 0.917007
400.4 0.917481
400.5 0.917457
400.6 0.917322
400.7 0.917293
400.8 0.917172
400.9 0.916904
401 0.917103
401.1 0.91688
401.2 0.916527
401.3 0.916472
401.4 0.916676
401.5 0.916655
401.6 0.916132
401.7 0.916506
401.8 0.916527
401.9 0.916061
402 0.916016
402.1 0.915247
402.2 0.915378
402.3 0.915626
402.4 0.915988
402.5 0.915777
402.6 0.915939
402.7 0.916141
402.8 0.915929
402.9 0.915778
403 0.915701
403.1 0.915444
403.2 0.914536
403.3 0.914672
403.4 0.914537
403.5 0.914148
403.6 0.914506
403.7 0.91504
403.8 0.914754
403.9 0.914598
404 0.914947
404.1 0.914982
404.2 0.914842
404.3 0.91499
404.4 0.915097
404.5 0.915146
404.6 0.914868
404.7 0.914688
404.8 0.914887
404.9 0.914926
405 0.914418
405.1 0.914306
405.2 0.914539
405.3 0.914477
405.4 0.914984
405.5 0.914642
405.6 0.915261
405.7 0.914609
405.8 0.914471
405.9 0.91411
406 0.914265
406.1 0.913643
406.2 0.914033
406.3 0.913582
406.4 0.913077
406.5 0.912915
406.6 0.912954
406.7 0.912576
406.8 0.91266
406.9 0.912564
407 0.912704
407.1 0.912743
407.2 0.912782
407.3 0.913437
407.4 0.913174
407.5 0.912734
407.6 0.912153
407.7 0.912424
407.8 0.912712
407.9 0.912456
408 0.912378
408.1 0.912116
408.2 0.911722
408.3 0.911979
408.4 0.912042
408.5 0.91234
408.6 0.912114
408.7 0.912365
408.8 0.912317
408.9 0.91154
409 0.911212
409.1 0.910769
409.2 0.910585
409.3 0.910459
409.4 0.910839
409.5 0.910448
409.6 0.910285
409.7 0.910131
409.8 0.910096
409.9 0.909885
410 0.910074
410.1 0.910784
410.2 0.910729
410.3 0.910962
410.4 0.911152
410.5 0.910835
410.6 0.910683
410.7 0.910871
410.8 0.910799
410.9 0.91095
411 0.911401
411.1 0.911733
411.2 0.912129
411.3 0.911694
411.4 0.912036
411.5 0.911757
411.6 0.91168
411.7 0.911881
411.8 0.911641
411.9 0.911579
412 0.912019
412.1 0.912251
412.2 0.912476
412.3 0.912147
412.4 0.912089
412.5 0.911739
412.6 0.91201
412.7 0.912694
412.8 0.912849
412.9 0.91268
413 0.912717
413.1 0.912736
413.2 0.912023
413.3 0.912393
413.4 0.912423
413.5 0.913082
413.6 0.91304
413.7 0.913079
413.8 0.912725
413.9 0.912386
414 0.911655
414.1 0.911625
414.2 0.911327
414.3 0.911248
414.4 0.91186
414.5 0.912679
414.6 0.913113
414.7 0.913182
414.8 0.912986
414.9 0.913068
415 0.913159
415.1 0.913237
415.2 0.913119
415.3 0.913103
415.4 0.913473
415.5 0.91392
415.6 0.91422
415.7 0.914592
415.8 0.914571
415.9 0.915039
416 0.914778
416.1 0.91412
416.2 0.914329
416.3 0.913607
416.4 0.913748
416.5 0.914081
416.6 0.913916
416.7 0.913571
416.8 0.913245
416.9 0.91333
417 0.913593
417.1 0.913587
417.2 0.913343
417.3 0.913239
417.4 0.913223
417.5 0.913165
417.6 0.912979
417.7 0.91288
417.8 0.913193
417.9 0.913129
418 0.912792
418.1 0.912429
418.2 0.912251
418.3 0.911383
418.4 0.911426
418.5 0.911841
418.6 0.911561
418.7 0.911307
418.8 0.911467
418.9 0.911428
419 0.911995
419.1 0.911621
419.2 0.911378
419.3 0.911595
419.4 0.911996
419.5 0.911798
419.6 0.911936
419.7 0.911906
419.8 0.911985
419.9 0.91206
420 0.912076
420.1 0.912085
420.2 0.912444
420.3 0.912259
420.4 0.912842
420.5 0.912905
420.6 0.913202
420.7 0.912853
420.8 0.91197
420.9 0.911864
421 0.91139
421.1 0.911042
421.2 0.910475
421.3 0.911082
421.4 0.910839
421.5 0.91002
421.6 0.910301
421.7 0.910835
421.8 0.910896
421.9 0.91056
422 0.910315
422.1 0.910719
422.2 0.910223
422.3 0.910132
422.4 0.91022
422.5 0.9106
422.6 0.910739
422.7 0.910535
422.8 0.910945
422.9 0.910759
423 0.911793
423.1 0.911931
423.2 0.911498
423.3 0.912056
423.4 0.911914
423.5 0.911532
423.6 0.911247
423.7 0.910981
423.8 0.91138
423.9 0.911154
424 0.91157
424.1 0.911167
424.2 0.910745
424.3 0.910475
424.4 0.910055
424.5 0.909987
424.6 0.909905
424.7 0.910095
424.8 0.90979
424.9 0.910012
425 0.910186
425.1 0.910449
425.2 0.910554
425.3 0.910721
425.4 0.91097
425.5 0.911103
425.6 0.911536
425.7 0.91163
425.8 0.911774
425.9 0.911156
426 0.910883
426.1 0.910697
426.2 0.911141
426.3 0.91128
426.4 0.911302
426.5 0.911238
426.6 0.911711
426.7 0.911982
426.8 0.912735
426.9 0.912142
427 0.912139
427.1 0.912096
427.2 0.911469
427.3 0.911872
427.4 0.912164
427.5 0.911756
427.6 0.911999
427.7 0.911086
427.8 0.910791
427.9 0.910845
428 0.911353
428.1 0.911844
428.2 0.911953
428.3 0.912143
428.4 0.912139
428.5 0.911865
428.6 0.912056
428.7 0.911825
428.8 0.911943
428.9 0.912266
429 0.912396
429.1 0.911964
429.2 0.912737
429.3 0.912215
429.4 0.911609
429.5 0.912018
429.6 0.911419
429.7 0.911026
429.8 0.910722
429.9 0.91065
430 0.911008
430.1 0.91128
430.2 0.910888
430.3 0.910202
430.4 0.910252
430.5 0.910542
430.6 0.910298
430.7 0.91009
430.8 0.91008
430.9 0.909828
431 0.909681
431.1 0.910114
431.2 0.909728
431.3 0.908992
431.4 0.909096
431.5 0.908878
431.6 0.908306
431.7 0.908527
431.8 0.908306
431.9 0.908924
432 0.909354
432.1 0.909337
432.2 0.909596
432.3 0.909051
432.4 0.908939
432.5 0.909029
432.6 0.909826
432.7 0.909391
432.8 0.909328
432.9 0.90958
433 0.909613
433.1 0.909807
433.2 0.910151
433.3 0.909743
433.4 0.909841
433.5 0.909952
433.6 0.909812
433.7 0.909781
433.8 0.90959
433.9 0.909621
434 0.909845
434.1 0.909508
434.2 0.909765
434.3 0.909394
434.4 0.909558
434.5 0.91006
434.6 0.90983
434.7 0.910451
434.8 0.91026
434.9 0.911243
435 0.911278
435.1 0.911184
435.2 0.911412
435.3 0.911168
435.4 0.911408
435.5 0.911478
435.6 0.911793
435.7 0.912118
435.8 0.911597
435.9 0.911945
436 0.911969
436.1 0.911981
436.2 0.912145
436.3 0.912016
436.4 0.91196
436.5 0.912283
436.6 0.91232
436.7 0.912827
436.8 0.913166
436.9 0.913017
437 0.912891
437.1 0.913475
437.2 0.914069
437.3 0.914236
437.4 0.914653
437.5 0.914611
437.6 0.914853
437.7 0.914933
437.8 0.914758
437.9 0.914227
438 0.914494
438.1 0.91469
438.2 0.915045
438.3 0.914927
438.4 0.915389
438.5 0.915573
438.6 0.915129
438.7 0.914194
438.8 0.914541
438.9 0.914827
439 0.914783
439.1 0.914442
439.2 0.913944
439.3 0.913805
439.4 0.913824
439.5 0.913973
439.6 0.914242
439.7 0.914429
439.8 0.915202
439.9 0.91541
440 0.915012
440.1 0.914692
440.2 0.914906
440.3 0.915031
440.4 0.91546
440.5 0.916072
440.6 0.915218
440.7 0.915249
440.8 0.914343
440.9 0.914859
441 0.914677
441.1 0.914335
441.2 0.914271
441.3 0.913704
441.4 0.912962
441.5 0.91258
441.6 0.912637
441.7 0.912665
441.8 0.913059
441.9 0.913116
442 0.913392
442.1 0.91358
442.2 0.913732
442.3 0.91374
442.4 0.913888
442.5 0.914189
442.6 0.913847
442.7 0.91366
442.8 0.913654
442.9 0.914073
443 0.91395
443.1 0.913898
443.2 0.914375
443.3 0.914452
443.4 0.914605
443.5 0.915063
443.6 0.915088
443.7 0.915815
443.8 0.91642
443.9 0.916591
444 0.916317
444.1 0.916229
444.2 0.915765
444.3 0.9162
444.4 0.916182
444.5 0.91593
444.6 0.915411
444.7 0.915499
444.8 0.915364
444.9 0.915909
445 0.915849
445.1 0.916138
445.2 0.916056
445.3 0.916005
445.4 0.915947
445.5 0.915787
445.6 0.915723
445.7 0.915418
445.8 0.91554
445.9 0.915672
446 0.915605
446.1 0.914935
446.2 0.914592
446.3 0.914352
446.4 0.914479
446.5 0.914647
446.6 0.914706
446.7 0.915373
446.8 0.915692
446.9 0.915267
447 0.915652
447.1 0.916438
447.2 0.916065
447.3 0.91558
447.4 0.915534
447.5 0.915787
447.6 0.915603
447.7 0.916154
447.8 0.916379
447.9 0.916561
448 0.917021
448.1 0.917302
448.2 0.917118
448.3 0.917266
448.4 0.917794
448.5 0.918096
448.6 0.917934
448.7 0.918017
448.8 0.918058
448.9 0.918052
449 0.917534
449.1 0.917424
449.2 0.917308
449.3 0.916959
449.4 0.916964
449.5 0.917381
449.6 0.916922
449.7 0.917131
449.8 0.917501
449.9 0.917473
450 0.917621
450.1 0.917293
450.2 0.917564
450.3 0.917278
450.4 0.917219
450.5 0.916297
450.6 0.916266
450.7 0.915774
450.8 0.915634
450.9 0.915772
451 0.916338
451.1 0.916171
451.2 0.915704
451.3 0.915484
451.4 0.915498
451.5 0.915536
451.6 0.915403
451.7 0.915256
451.8 0.91482
451.9 0.914728
452 0.91499
452.1 0.914907
452.2 0.915025
452.3 0.915073
452.4 0.914889
452.5 0.914685
452.6 0.915148
452.7 0.914857
452.8 0.914782
452.9 0.915019
453 0.914753
453.1 0.915404
453.2 0.915145
453.3 0.915281
453.4 0.915594
453.5 0.915908
453.6 0.915906
453.7 0.915668
453.8 0.91602
453.9 0.916143
454 0.916687
454.1 0.916398
454.2 0.916511
454.3 0.916648
454.4 0.916623
454.5 0.917532
454.6 0.917559
454.7 0.917681
454.8 0.91706
454.9 0.916294
455 0.916637
455.1 0.916849
455.2 0.917714
455.3 0.917529
455.4 0.917795
455.5 0.91824
455.6 0.918604
455.7 0.918596
455.8 0.918304
455.9 0.917961
456 0.917169
456.1 0.916976
456.2 0.916908
456.3 0.916859
456.4 0.917143
456.5 0.916818
456.6 0.917545
456.7 0.917748
456.8 0.917198
456.9 0.916983
457 0.917209
457.1 0.916945
457.2 0.916898
457.3 0.91699
457.4 0.917064
457.5 0.917058
457.6 0.917026
457.7 0.917736
457.8 0.917481
457.9 0.917352
458 0.917161
458.1 0.917417
458.2 0.917942
458.3 0.918013
458.4 0.917976
458.5 0.917786
458.6 0.91773
458.7 0.917704
458.8 0.918495
458.9 0.918462
459 0.918605
459.1 0.917807
459.2 0.917707
459.3 0.91832
459.4 0.91853
459.5 0.918263
459.6 0.91836
459.7 0.918401
459.8 0.918823
459.9 0.91867
460 0.918641
460.1 0.918414
460.2 0.918575
460.3 0.9185
460.4 0.918381
460.5 0.917919
460.6 0.917419
460.7 0.917613
460.8 0.917734
460.9 0.917899
461 0.918454
461.1 0.918276
461.2 0.917918
461.3 0.918067
461.4 0.9176
461.5 0.917635
461.6 0.917483
461.7 0.917599
461.8 0.916407
461.9 0.915937
462 0.916022
462.1 0.915581
462.2 0.915608
462.3 0.915746
462.4 0.915816
462.5 0.916242
462.6 0.915806
462.7 0.915784
462.8 0.916315
462.9 0.91714
463 0.916157
463.1 0.916278
463.2 0.916274
463.3 0.915462
463.4 0.91566
463.5 0.915776
463.6 0.915785
463.7 0.915665
463.8 0.91518
463.9 0.915686
464 0.916391
464.1 0.916329
464.2 0.916711
464.3 0.916348
464.4 0.916108
464.5 0.916787
464.6 0.916434
464.7 0.916407
464.8 0.915916
464.9 0.915481
465 0.915006
465.1 0.915023
465.2 0.915413
465.3 0.915414
465.4 0.915549
465.5 0.915159
465.6 0.914974
465.7 0.914947
465.8 0.915433
465.9 0.915296
466 0.915293
466.1 0.915255
466.2 0.91504
466.3 0.915521
466.4 0.914916
466.5 0.914934
466.6 0.915237
466.7 0.915302
466.8 0.915071
466.9 0.914858
467 0.915258
467.1 0.915207
467.2 0.91527
467.3 0.915972
467.4 0.916469
467.5 0.916538
467.6 0.91737
467.7 0.916832
467.8 0.91722
467.9 0.917515
468 0.917294
468.1 0.917538
468.2 0.917765
468.3 0.917827
468.4 0.917661
468.5 0.917661
468.6 0.917854
468.7 0.917692
468.8 0.917492
468.9 0.917598
469 0.917417
469.1 0.917379
469.2 0.917488
469.3 0.917837
469.4 0.91831
469.5 0.918026
469.6 0.917835
469.7 0.917399
469.8 0.917343
469.9 0.917022
470 0.917209
470.1 0.917393
470.2 0.917094
470.3 0.917417
470.4 0.917256
470.5 0.917404
470.6 0.917129
470.7 0.917027
470.8 0.917376
470.9 0.917371
471 0.917215
471.1 0.916701
471.2 0.916382
471.3 0.916408
471.4 0.916523
471.5 0.91621
471.6 0.916734
471.7 0.917257
471.8 0.917048
471.9 0.916653
472 0.916934
472.1 0.91714
472.2 0.916815
472.3 0.91646
472.4 0.916497
472.5 0.916718
472.6 0.916874
472.7 0.917034
472.8 0.916864
472.9 0.91625
473 0.916086
473.1 0.916089
473.2 0.916242
473.3 0.916199
473.4 0.915915
473.5 0.915474
473.6 0.915932
473.7 0.916005
473.8 0.916052
473.9 0.915577
474 0.915748
474.1 0.915026
474.2 0.915205
474.3 0.914592
474.4 0.91481
474.5 0.914932
474.6 0.914672
474.7 0.914978
474.8 0.914949
474.9 0.915312
475 0.915761
475.1 0.916255
475.2 0.91599
475.3 0.915781
475.4 0.915555
475.5 0.915505
475.6 0.91571
475.7 0.915268
475.8 0.915887
475.9 0.916048
476 0.916193
476.1 0.916178
476.2 0.916587
476.3 0.917695
476.4 0.917638
476.5 0.917369
476.6 0.917074
476.7 0.916367
476.8 0.916595
476.9 0.917141
477 0.917293
477.1 0.917478
477.2 0.917586
477.3 0.918532
477.4 0.918565
477.5 0.918353
477.6 0.918698
477.7 0.918772
477.8 0.919175
477.9 0.919542
478 0.919767
478.1 0.919384
478.2 0.919409
478.3 0.919453
478.4 0.919828
478.5 0.919624
478.6 0.919944
478.7 0.920121
478.8 0.920358
478.9 0.920332
479 0.92038
479.1 0.920491
479.2 0.920741
479.3 0.920407
479.4 0.920282
479.5 0.920422
479.6 0.920447
479.7 0.920168
479.8 0.920108
479.9 0.919799
480 0.919908
480.1 0.919506
480.2 0.918972
480.3 0.91936
480.4 0.919148
480.5 0.918509
480.6 0.918601
480.7 0.918675
480.8 0.919085
480.9 0.919533
481 0.919175
481.1 0.91922
481.2 0.918937
481.3 0.918904
481.4 0.918681
481.5 0.918414
481.6 0.918062
481.7 0.917535
481.8 0.91697
481.9 0.916759
482 0.916165
482.1 0.915724
482.2 0.915699
482.3 0.915736
482.4 0.916496
482.5 0.916522
482.6 0.916192
482.7 0.916342
482.8 0.916357
482.9 0.916337
483 0.916504
483.1 0.916366
483.2 0.91702
483.3 0.916682
483.4 0.916
483.5 0.915637
483.6 0.915311
483.7 0.915027
483.8 0.914173
483.9 0.91454
484 0.914693
484.1 0.914231
484.2 0.914139
484.3 0.913752
484.4 0.912794
484.5 0.91257
484.6 0.912546
484.7 0.912558
484.8 0.912618
484.9 0.912166
485 0.912936
485.1 0.913144
485.2 0.913124
485.3 0.913033
485.4 0.912775
485.5 0.912968
485.6 0.912615
485.7 0.912423
485.8 0.912414
485.9 0.91269
486 0.913027
486.1 0.912986
486.2 0.913124
486.3 0.912758
486.4 0.912992
486.5 0.912848
486.6 0.91264
486.7 0.913197
486.8 0.913589
486.9 0.913394
487 0.913379
487.1 0.912906
487.2 0.912854
487.3 0.912983
487.4 0.912723
487.5 0.91355
487.6 0.913639
487.7 0.912936
487.8 0.913311
487.9 0.913826
488 0.913792
488.1 0.913812
488.2 0.913454
488.3 0.913097
488.4 0.913544
488.5 0.913578
488.6 0.913996
488.7 0.913727
488.8 0.913423
488.9 0.913524
489 0.913381
489.1 0.91317
489.2 0.913189
489.3 0.912874
489.4 0.912729
489.5 0.913107
489.6 0.913236
489.7 0.913668
489.8 0.913608
489.9 0.913099
490 0.912623
490.1 0.912548
490.2 0.91283
490.3 0.912795
490.4 0.913268
490.5 0.91342
490.6 0.91361
490.7 0.913742
490.8 0.914466
490.9 0.913803
491 0.914031
491.1 0.914043
491.2 0.913381
491.3 0.913763
491.4 0.913658
491.5 0.914023
491.6 0.91406
491.7 0.91382
491.8 0.913837
491.9 0.913611
492 0.913706
492.1 0.913689
492.2 0.914065
492.3 0.914086
492.4 0.913679
492.5 0.914093
492.6 0.914192
492.7 0.91439
492.8 0.914363
492.9 0.914526
493 0.913907
493.1 0.913864
493.2 0.9136
493.3 0.913392
493.4 0.913488
493.5 0.913142
493.6 0.913321
493.7 0.912798
493.8 0.912639
493.9 0.91298
494 0.912949
494.1 0.913395
494.2 0.913516
494.3 0.913923
494.4 0.913892
494.5 0.914102
494.6 0.913061
494.7 0.912556
494.8 0.912752
494.9 0.912893
495 0.91286
495.1 0.912486
495.2 0.913221
495.3 0.913273
495.4 0.913633
495.5 0.913858
495.6 0.913667
495.7 0.914242
495.8 0.913675
495.9 0.913417
496 0.913481
496.1 0.91377
496.2 0.913929
496.3 0.914071
496.4 0.914503
496.5 0.914809
496.6 0.915078
496.7 0.915094
496.8 0.915544
496.9 0.915496
497 0.915779
497.1 0.915749
497.2 0.91553
497.3 0.915508
497.4 0.915109
497.5 0.914822
497.6 0.914012
497.7 0.913701
497.8 0.912854
497.9 0.912709
498 0.91258
498.1 0.912212
498.2 0.91278
498.3 0.912905
498.4 0.912575
498.5 0.912828
498.6 0.912416
498.7 0.9126
498.8 0.913438
498.9 0.913376
499 0.913784
499.1 0.913573
499.2 0.913222
499.3 0.913101
499.4 0.912338
499.5 0.912475
499.6 0.913266
499.7 0.913431
499.8 0.913677
499.9 0.913181
