0 0.00487608
0.1 0.00897845
0.2 0.0128769
0.3 0.00497983
0.4 0.0107775
0.5 0.0185425
0.6 0.0269688
0.7 0.0242434
0.8 0.042421
0.9 0.0462123
1 0.0602469
1.1 0.0679585
1.2 0.0767417
1.3 0.0922634
1.4 0.0845523
1.5 0.0851193
1.6 0.0763607
1.7 0.0765563
1.8 0.0747545
1.9 0.0864152
2 0.0991097
2.1 0.110741
2.2 0.107931
2.3 0.106827
2.4 0.114283
2.5 0.103725
2.6 0.116836
2.7 0.128853
2.8 0.145565
2.9 0.136844
3 0.147908
3.1 0.155412
3.2 0.169385
3.3 0.189854
3.4 0.187799
3.5 0.193991
3.6 0.20719
3.7 0.225488
3.8 0.239766
3.9 0.236536
4 0.247636
4.1 0.254505
4.2 0.263987
4.3 0.26619
4.4 0.272754
4.5 0.291413
4.6 0.310236
4.7 0.322654
4.8 0.337568
4.9 0.339184
5 0.344734
5.1 0.339822
5.2 0.352574
5.3 0.369498
5.4 0.377333
5.5 0.400002
5.6 0.405864
5.7 0.425312
5.8 0.441239
5.9 0.446275
6 0.459566
6.1 0.482008
6.2 0.487665
6.3 0.486266
6.4 0.50205
6.5 0.519482
6.6 0.544264
6.7 0.561703
6.8 0.559375
6.9 0.573703
7 0.587586
7.1 0.610231
7.2 0.628703
7.3 0.637155
7.4 0.639065
7.5 0.660483
7.6 0.676847
7.7 0.696636
7.8 0.714663
7.9 0.730698
8 0.74762
8.1 0.749449
8.2 0.759176
8.3 0.772951
8.4 0.784272
8.5 0.792846
8.6 0.802766
8.7 0.814929
8.8 0.824839
8.9 0.835671
9 0.844845
9.1 0.853093
9.2 0.860736
9.3 0.866315
9.4 0.874135
9.5 0.87869
9.6 0.886944
9.7 0.892956
9.8 0.894289
9.9 0.900636
10 0.907556
10.1 0.91267
10.2 0.91817
10.3 0.923922
10.4 0.926279
10.5 0.931137
10.6 0.932288
10.7 0.936454
10.8 0.937824
10.9 0.939325
11 0.941906
11.1 0.942546
11.2 0.945939
11.3 0.94718
11.4 0.94882
11.5 0.953027
11.6 0.95371
11.7 0.955235
11.8 0.957716
11.9 0.958285
12 0.959021
12.1 0.959632
12.2 0.961329
12.3 0.962267
12.4 0.960692
12.5 0.962046
12.6 0.960948
12.7 0.961719
12.8 0.963968
12.9 0.964292
13 0.964224
13.1 0.964368
13.2 0.964644
13.3 0.964018
13.4 0.963763
13.5 0.964605
13.6 0.964583
13.7 0.965571
13.8 0.966393
13.9 0.966853
14 0.967197
14.1 0.965989
14.2 0.964853
14.3 0.966469
14.4 0.966475
14.5 0.966792
14.6 0.967355
14.7 0.966905
14.8 0.968063
14.9 0.968194
15 0.965786
15.1 0.966873
15.2 0.966118
15.3 0.965418
15.4 0.966014
15.5 0.966587
15.6 0.965001
15.7 0.965265
15.8 0.964927
15.9 0.965221
16 0.965372
16.1 0.964512
16.2 0.963363
16.3 0.963813
16.4 0.963558
16.5 0.964701
16.6 0.964597
16.7 0.965012
16.8 0.966598
16.9 0.967376
17 0.966784
17.1 0.967161
17.2 0.966645
17.3 0.965624
17.4 0.965476
17.5 0.96715
17.6 0.96763
17.7 0.966479
17.8 0.966108
17.9 0.965394
18 0.964676
18.1 0.965602
18.2 0.96602
18.3 0.965838
18.4 0.966861
18.5 0.965739
18.6 0.965336
18.7 0.965528
18.8 0.964911
18.9 0.964704
19 0.965738
19.1 0.966513
19.2 0.965597
19.3 0.966887
19.4 0.965698
19.5 0.964064
19.6 0.964978
19.7 0.965271
19.8 0.965908
19.9 0.96611
20 0.966804
20.1 0.96683
20.2 0.965491
20.3 0.966558
20.4 0.964818
20.5 0.964036
20.6 0.965125
20.7 0.966097
20.8 0.966216
20.9 0.965918
21 0.966181
21.1 0.966679
21.2 0.96704
21.3 0.968529
21.4 0.969348
21.5 0.96717
21.6 0.967086
21.7 0.96714
21.8 0.966458
21.9 0.965799
22 0.966503
22.1 0.966099
22.2 0.966183
22.3 0.965813
22.4 0.967179
22.5 0.967785
22.6 0.965827
22.7 0.966791
22.8 0.965806
22.9 0.964469
23 0.964735
23.1 0.964554
23.2 0.965803
23.3 0.964965
23.4 0.965685
23.5 0.966306
23.6 0.965844
23.7 0.966367
23.8 0.965711
23.9 0.964741
24 0.963305
24.1 0.962532
24.2 0.96355
24.3 0.965265
24.4 0.964964
24.5 0.9645
24.6 0.965217
24.7 0.964161
24.8 0.965056
24.9 0.963705
25 0.963113
25.1 0.962521
25.2 0.961934
25.3 0.96333
25.4 0.964287
25.5 0.964916
25.6 0.966639
25.7 0.96658
25.8 0.965954
25.9 0.966178
26 0.965919
26.1 0.966827
26.2 0.966982
26.3 0.96628
26.4 0.9662
26.5 0.965154
26.6 0.965949
26.7 0.96555
26.8 0.966865
26.9 0.967004
27 0.966888
27.1 0.967326
27.2 0.967154
27.3 0.966754
27.4 0.966787
27.5 0.965538
27.6 0.966194
27.7 0.965212
27.8 0.965449
27.9 0.966143
28 0.96579
28.1 0.967055
28.2 0.966434
28.3 0.966838
28.4 0.966048
28.5 0.965702
28.6 0.964557
28.7 0.96633
28.8 0.966609
28.9 0.966681
29 0.966133
29.1 0.965315
29.2 0.967224
29.3 0.967366
29.4 0.968732
29.5 0.967885
29.6 0.967822
29.7 0.96767
29.8 0.967267
29.9 0.968025
30 0.967823
30.1 0.967188
30.2 0.967568
30.3 0.967335
30.4 0.967244
30.5 0.966923
30.6 0.965783
30.7 0.966304
30.8 0.966751
30.9 0.96663
31 0.966678
31.1 0.966627
31.2 0.96705
31.3 0.967597
31.4 0.967029
31.5 0.966562
31.6 0.967415
31.7 0.966049
31.8 0.965832
31.9 0.965453
32 0.965514
32.1 0.965979
32.2 0.966324
32.3 0.966554
32.4 0.967181
32.5 0.967059
32.6 0.967115
32.7 0.967268
32.8 0.965873
32.9 0.966613
33 0.9674
33.1 0.968387
33.2 0.966673
33.3 0.966852
33.4 0.967296
33.5 0.966344
33.6 0.966833
33.7 0.967324
33.8 0.96643
33.9 0.965284
34 0.965557
34.1 0.965547
34.2 0.966244
34.3 0.965544
34.4 0.965464
34.5 0.96604
34.6 0.968176
34.7 0.968688
34.8 0.968152
34.9 0.9679
35 0.967629
35.1 0.967191
35.2 0.965654
35.3 0.963725
35.4 0.961405
35.5 0.960259
35.6 0.962726
35.7 0.963542
35.8 0.963766
35.9 0.963321
36 0.963682
36.1 0.964407
36.2 0.965168
36.3 0.964778
36.4 0.963324
36.5 0.963469
36.6 0.963252
36.7 0.962375
36.8 0.963124
36.9 0.963321
37 0.965126
37.1 0.965792
37.2 0.9679
37.3 0.966045
37.4 0.96547
37.5 0.964599
37.6 0.963781
37.7 0.965104
37.8 0.966123
37.9 0.965705
38 0.965972
38.1 0.966687
38.2 0.96532
38.3 0.963865
38.4 0.964638
38.5 0.965497
38.6 0.96552
38.7 0.966023
38.8 0.966139
38.9 0.965108
39 0.964675
39.1 0.966074
39.2 0.96832
39.3 0.96841
39.4 0.967381
39.5 0.96869
39.6 0.968236
39.7 0.96743
39.8 0.964854
39.9 0.965104
40 0.965478
40.1 0.966247
40.2 0.966916
40.3 0.966045
40.4 0.966345
40.5 0.966003
40.6 0.964875
40.7 0.966253
40.8 0.966638
40.9 0.965942
41 0.966235
41.1 0.965392
41.2 0.964839
41.3 0.964047
41.4 0.964355
41.5 0.964065
41.6 0.96493
41.7 0.966133
41.8 0.965104
41.9 0.96557
42 0.96475
42.1 0.965169
42.2 0.963648
42.3 0.963437
42.4 0.963177
42.5 0.964938
42.6 0.964761
42.7 0.965223
42.8 0.965095
42.9 0.964756
43 0.965297
43.1 0.96505
43.2 0.965853
43.3 0.965859
43.4 0.964993
43.5 0.965006
43.6 0.96545
43.7 0.966353
43.8 0.965708
43.9 0.964644
44 0.964292
44.1 0.964751
44.2 0.964569
44.3 0.963779
44.4 0.964397
44.5 0.965027
44.6 0.965599
44.7 0.966525
44.8 0.966363
44.9 0.96682
45 0.965877
45.1 0.966365
45.2 0.966338
45.3 0.966042
45.4 0.965435
45.5 0.966369
45.6 0.965891
45.7 0.965923
45.8 0.967104
45.9 0.966258
46 0.965015
46.1 0.966098
46.2 0.967288
46.3 0.965614
46.4 0.965998
46.5 0.966648
46.6 0.965207
46.7 0.964569
46.8 0.964408
46.9 0.965385
47 0.965506
47.1 0.966508
47.2 0.967879
47.3 0.969033
47.4 0.96748
47.5 0.96721
47.6 0.968661
47.7 0.968062
47.8 0.966473
47.9 0.968058
48 0.968666
48.1 0.967645
48.2 0.967892
48.3 0.966742
48.4 0.967279
48.5 0.966729
48.6 0.965823
48.7 0.965563
48.8 0.964771
48.9 0.964331
49 0.964189
49.1 0.965244
49.2 0.96477
49.3 0.96618
49.4 0.966188
49.5 0.964866
49.6 0.964359
49.7 0.965479
49.8 0.96536
49.9 0.965378
50 0.966144
50.1 0.966324
50.2 0.966576
50.3 0.967257
50.4 0.965965
50.5 0.966749
50.6 0.96602
50.7 0.966149
50.8 0.966129
50.9 0.966174
51 0.963915
51.1 0.964175
51.2 0.963776
51.3 0.964647
51.4 0.96531
51.5 0.966124
51.6 0.966089
51.7 0.96534
51.8 0.965991
51.9 0.966184
52 0.966349
52.1 0.965753
52.2 0.966694
52.3 0.966335
52.4 0.965672
52.5 0.96593
52.6 0.96733
52.7 0.967986
52.8 0.967033
52.9 0.966223
53 0.967415
53.1 0.967265
53.2 0.96819
53.3 0.967452
53.4 0.967429
53.5 0.967561
53.6 0.968647
53.7 0.969553
53.8 0.969421
53.9 0.969289
54 0.968386
54.1 0.967275
54.2 0.96616
54.3 0.966999
54.4 0.96517
54.5 0.964819
54.6 0.964068
54.7 0.96459
54.8 0.964892
54.9 0.966319
55 0.965974
55.1 0.965931
55.2 0.96539
55.3 0.965352
55.4 0.96486
55.5 0.964847
55.6 0.962756
55.7 0.964043
55.8 0.963395
55.9 0.963463
56 0.964218
56.1 0.963781
56.2 0.962493
56.3 0.96242
56.4 0.962723
56.5 0.96401
56.6 0.964639
56.7 0.965445
56.8 0.965868
56.9 0.966068
57 0.965835
57.1 0.964229
57.2 0.964953
57.3 0.965517
57.4 0.965636
57.5 0.966391
57.6 0.966693
57.7 0.966842
57.8 0.965847
57.9 0.966819
58 0.966285
58.1 0.964881
58.2 0.964523
58.3 0.96373
58.4 0.962173
58.5 0.962915
58.6 0.963309
58.7 0.964254
58.8 0.964663
58.9 0.964966
59 0.966662
59.1 0.965001
59.2 0.964467
59.3 0.966267
59.4 0.964983
59.5 0.966757
59.6 0.966165
59.7 0.965298
59.8 0.963007
59.9 0.962652
60 0.961418
60.1 0.961931
60.2 0.96321
60.3 0.963798
60.4 0.964666
60.5 0.965384
60.6 0.965294
60.7 0.967384
60.8 0.967253
60.9 0.967072
61 0.966594
61.1 0.966061
61.2 0.966982
61.3 0.966362
61.4 0.965866
61.5 0.964003
61.6 0.964708
61.7 0.965124
61.8 0.965762
61.9 0.965207
62 0.965795
62.1 0.966715
62.2 0.966654
62.3 0.966493
62.4 0.96585
62.5 0.965747
62.6 0.965571
62.7 0.964987
62.8 0.965444
62.9 0.965508
63 0.96647
63.1 0.966929
63.2 0.965712
63.3 0.966245
63.4 0.965648
63.5 0.966571
63.6 0.966911
63.7 0.9667
63.8 0.968497
63.9 0.968574
64 0.966462
64.1 0.965076
64.2 0.966587
64.3 0.965412
64.4 0.964579
64.5 0.964818
64.6 0.966768
64.7 0.966542
64.8 0.96725
64.9 0.96639
65 0.964628
65.1 0.965176
65.2 0.964819
65.3 0.964964
65.4 0.967299
65.5 0.968322
65.6 0.968008
65.7 0.969326
65.8 0.967644
65.9 0.966999
66 0.966585
66.1 0.967253
66.2 0.967244
66.3 0.96754
66.4 0.967382
66.5 0.96723
66.6 0.967581
66.7 0.965604
66.8 0.96379
66.9 0.964051
67 0.965601
67.1 0.964417
67.2 0.965603
67.3 0.965397
67.4 0.965515
67.5 0.964643
67.6 0.964285
67.7 0.963172
67.8 0.9643
67.9 0.963831
68 0.963368
68.1 0.963927
68.2 0.964583
68.3 0.966126
68.4 0.965217
68.5 0.96447
68.6 0.96527
68.7 0.964615
68.8 0.964523
68.9 0.964263
69 0.963571
69.1 0.964066
69.2 0.965189
69.3 0.965977
69.4 0.96518
69.5 0.966318
69.6 0.965603
69.7 0.964048
69.8 0.963104
69.9 0.963592
70 0.963125
70.1 0.96269
70.2 0.962209
70.3 0.963177
70.4 0.965546
70.5 0.963895
70.6 0.963282
70.7 0.963343
70.8 0.962557
70.9 0.96371
71 0.964501
71.1 0.965124
71.2 0.96488
71.3 0.963969
71.4 0.963514
71.5 0.963983
71.6 0.964233
71.7 0.964103
71.8 0.964954
71.9 0.965381
72 0.965556
72.1 0.965539
72.2 0.964927
72.3 0.964135
72.4 0.964576
72.5 0.963485
72.6 0.964045
72.7 0.964389
72.8 0.964447
72.9 0.965279
73 0.965898
73.1 0.966613
73.2 0.965673
73.3 0.965975
73.4 0.966746
73.5 0.966667
73.6 0.964645
73.7 0.964114
73.8 0.96438
73.9 0.96516
74 0.965313
74.1 0.966743
74.2 0.965978
74.3 0.965041
74.4 0.964494
74.5 0.963148
74.6 0.96381
74.7 0.965343
74.8 0.966044
74.9 0.966737
75 0.967581
75.1 0.968502
75.2 0.968827
75.3 0.969305
75.4 0.966782
75.5 0.965461
75.6 0.965413
75.7 0.965626
75.8 0.965397
75.9 0.965555
76 0.965396
76.1 0.967208
76.2 0.967135
76.3 0.967452
76.4 0.966173
76.5 0.964944
76.6 0.96605
76.7 0.965934
76.8 0.966716
76.9 0.966527
77 0.965649
77.1 0.966484
77.2 0.964849
77.3 0.965671
77.4 0.96573
77.5 0.963807
77.6 0.963873
77.7 0.963951
77.8 0.963453
77.9 0.962521
78 0.963901
78.1 0.964249
78.2 0.965707
78.3 0.965177
78.4 0.96372
78.5 0.966554
78.6 0.967256
78.7 0.967046
78.8 0.966956
78.9 0.965981
79 0.965941
79.1 0.966405
79.2 0.966552
79.3 0.965988
79.4 0.965931
79.5 0.966759
79.6 0.965749
79.7 0.965916
79.8 0.965819
79.9 0.966387
80 0.967073
80.1 0.966063
80.2 0.967389
80.3 0.967251
80.4 0.965133
80.5 0.966869
80.6 0.967044
80.7 0.965843
80.8 0.965542
80.9 0.965532
81 0.964555
81.1 0.965965
81.2 0.966324
81.3 0.966436
81.4 0.966491
81.5 0.967314
81.6 0.96811
81.7 0.968722
81.8 0.969026
81.9 0.968251
82 0.968791
82.1 0.967445
82.2 0.968236
82.3 0.967635
82.4 0.967403
82.5 0.967387
82.6 0.966864
82.7 0.965873
82.8 0.966072
82.9 0.965301
83 0.964938
83.1 0.965837
83.2 0.965
83.3 0.96492
83.4 0.964608
83.5 0.964138
83.6 0.965308
83.7 0.965315
83.8 0.964612
83.9 0.964978
84 0.965485
84.1 0.964565
84.2 0.963939
84.3 0.963462
84.4 0.96411
84.5 0.964175
84.6 0.96722
84.7 0.967505
84.8 0.96766
84.9 0.967997
85 0.967105
85.1 0.965845
85.2 0.966229
85.3 0.965713
85.4 0.96611
85.5 0.966305
85.6 0.966788
85.7 0.96711
85.8 0.967999
85.9 0.967775
86 0.966989
86.1 0.967398
86.2 0.966446
86.3 0.967375
86.4 0.967797
86.5 0.967113
86.6 0.967391
86.7 0.967004
86.8 0.967449
86.9 0.966077
87 0.966491
87.1 0.965982
87.2 0.96504
87.3 0.965356
87.4 0.964902
87.5 0.965064
87.6 0.965771
87.7 0.966356
87.8 0.966607
87.9 0.96599
88 0.965855
88.1 0.966421
88.2 0.967173
88.3 0.965985
88.4 0.965498
88.5 0.965137
88.6 0.964911
88.7 0.965287
88.8 0.965098
88.9 0.965333
89 0.965058
89.1 0.96567
89.2 0.966515
89.3 0.9665
89.4 0.967795
89.5 0.966566
89.6 0.966616
89.7 0.966983
89.8 0.965726
89.9 0.966451
90 0.966306
90.1 0.966894
90.2 0.967858
90.3 0.967489
90.4 0.968566
90.5 0.967538
90.6 0.96736
90.7 0.966431
90.8 0.967363
90.9 0.967676
91 0.967469
91.1 0.967661
91.2 0.966528
91.3 0.966884
91.4 0.967029
91.5 0.967289
91.6 0.96591
91.7 0.965416
91.8 0.965808
91.9 0.966706
92 0.965874
92.1 0.966123
92.2 0.966634
92.3 0.965889
92.4 0.965702
92.5 0.965611
92.6 0.967115
92.7 0.967302
92.8 0.967276
92.9 0.965919
93 0.965708
93.1 0.966779
93.2 0.968087
93.3 0.967577
93.4 0.966303
93.5 0.966492
93.6 0.965568
93.7 0.967491
93.8 0.968321
93.9 0.968069
94 0.968365
94.1 0.967635
94.2 0.967716
94.3 0.966767
94.4 0.967552
94.5 0.967991
94.6 0.966683
94.7 0.966139
94.8 0.965828
94.9 0.966518
95 0.966252
95.1 0.967364
95.2 0.967464
95.3 0.966888
95.4 0.965267
95.5 0.966865
95.6 0.966242
95.7 0.965186
95.8 0.965734
95.9 0.964777
96 0.964458
96.1 0.964159
96.2 0.963241
96.3 0.964262
96.4 0.964571
96.5 0.963532
96.6 0.963423
96.7 0.965326
96.8 0.965673
96.9 0.966227
97 0.966929
97.1 0.967075
97.2 0.966493
97.3 0.965986
97.4 0.967545
97.5 0.967388
97.6 0.968549
97.7 0.968378
97.8 0.967057
97.9 0.966304
98 0.965892
98.1 0.966828
98.2 0.967015
98.3 0.967728
98.4 0.966543
98.5 0.966065
98.6 0.965275
98.7 0.966032
98.8 0.965533
98.9 0.965105
99 0.964816
99.1 0.964935
99.2 0.964567
99.3 0.965067
99.4 0.965763
99.5 0.96545
99.6 0.964806
99.7 0.96471
99.8 0.965703
99.9 0.965737
100 0.964407
100.1 0.965073
100.2 0.964317
100.3 0.963528
100.4 0.963839
100.5 0.963182
100.6 0.964324
100.7 0.964005
100.8 0.964948
100.9 0.965263
101 0.965155
101.1 0.965716
101.2 0.966243
101.3 0.966676
101.4 0.966703
101.5 0.966007
101.6 0.966905
101.7 0.967198
101.8 0.966353
101.9 0.967308
102 0.968893
102.1 0.968733
102.2 0.968673
102.3 0.967846
102.4 0.966664
102.5 0.967413
102.6 0.967392
102.7 0.96856
102.8 0.968684
102.9 0.967972
103 0.967464
103.1 0.967957
103.2 0.967633
103.3 0.967362
103.4 0.967186
103.5 0.966661
103.6 0.966853
103.7 0.966506
103.8 0.966055
103.9 0.965492
104 0.964672
104.1 0.964721
104.2 0.964837
104.3 0.966173
104.4 0.966135
104.5 0.966086
104.6 0.966713
104.7 0.967329
104.8 0.968048
104.9 0.968017
105 0.967447
105.1 0.966141
105.2 0.964545
105.3 0.963437
105.4 0.963023
105.5 0.962547
105.6 0.962461
105.7 0.961648
105.8 0.96286
105.9 0.961614
106 0.962814
106.1 0.962301
106.2 0.961171
106.3 0.961315
106.4 0.960803
106.5 0.961058
106.6 0.962623
106.7 0.961515
106.8 0.963155
106.9 0.963207
107 0.965232
107.1 0.966288
107.2 0.966348
107.3 0.96583
107.4 0.967133
107.5 0.96827
107.6 0.968858
107.7 0.969345
107.8 0.968457
107.9 0.96861
108 0.967749
108.1 0.967289
108.2 0.967853
108.3 0.967322
108.4 0.965509
108.5 0.966635
108.6 0.966008
108.7 0.966707
108.8 0.964055
108.9 0.966588
109 0.965944
109.1 0.966314
109.2 0.965888
109.3 0.965951
109.4 0.965275
109.5 0.96588
109.6 0.966491
109.7 0.964501
109.8 0.963754
109.9 0.962055
110 0.962061
110.1 0.963714
110.2 0.963925
110.3 0.963948
110.4 0.964246
110.5 0.963901
110.6 0.964494
110.7 0.964118
110.8 0.965412
110.9 0.967286
111 0.964843
111.1 0.965226
111.2 0.966937
111.3 0.967876
111.4 0.967837
111.5 0.967919
111.6 0.967438
111.7 0.966429
111.8 0.966497
111.9 0.968152
112 0.967446
112.1 0.968072
112.2 0.968041
112.3 0.968307
112.4 0.967968
112.5 0.966667
112.6 0.967021
112.7 0.967451
112.8 0.967247
112.9 0.965532
113 0.964327
113.1 0.96362
113.2 0.965087
113.3 0.964541
113.4 0.963844
113.5 0.964204
113.6 0.964162
113.7 0.96393
113.8 0.963378
113.9 0.962771
114 0.963629
114.1 0.964607
114.2 0.965747
114.3 0.964922
114.4 0.965693
114.5 0.965974
114.6 0.964958
114.7 0.965836
114.8 0.966165
114.9 0.968629
115 0.969777
115.1 0.970395
115.2 0.96974
115.3 0.969215
115.4 0.967918
115.5 0.966301
115.6 0.966154
115.7 0.964283
115.8 0.963508
115.9 0.963146
116 0.963088
116.1 0.962827
116.2 0.964262
116.3 0.963349
116.4 0.962599
116.5 0.962054
116.6 0.961908
116.7 0.96329
116.8 0.962652
116.9 0.964181
117 0.965414
117.1 0.965916
117.2 0.966544
117.3 0.966792
117.4 0.966087
117.5 0.966573
117.6 0.966424
117.7 0.966907
117.8 0.966516
117.9 0.967517
118 0.96739
118.1 0.968016
118.2 0.968186
118.3 0.967343
118.4 0.96694
118.5 0.966826
118.6 0.966154
118.7 0.965561
118.8 0.963769
118.9 0.962865
119 0.963355
119.1 0.963639
119.2 0.964609
119.3 0.964626
119.4 0.964709
119.5 0.966007
119.6 0.965967
119.7 0.966371
119.8 0.965878
119.9 0.967339
120 0.967969
120.1 0.967294
120.2 0.966598
120.3 0.967047
120.4 0.96815
120.5 0.968678
120.6 0.967389
120.7 0.967253
120.8 0.967356
120.9 0.966786
121 0.96538
121.1 0.965749
121.2 0.966012
121.3 0.966423
121.4 0.967763
121.5 0.967255
121.6 0.967538
121.7 0.968257
121.8 0.966409
121.9 0.966214
122 0.965937
122.1 0.966322
122.2 0.966218
122.3 0.966896
122.4 0.966617
122.5 0.966091
122.6 0.96676
122.7 0.967323
122.8 0.96675
122.9 0.965553
123 0.964971
123.1 0.964944
123.2 0.963927
123.3 0.96493
123.4 0.965329
123.5 0.965576
123.6 0.964878
123.7 0.96454
123.8 0.965936
123.9 0.965448
124 0.964935
124.1 0.964631
124.2 0.963455
124.3 0.964316
124.4 0.964711
124.5 0.96466
124.6 0.964665
124.7 0.963819
124.8 0.964655
124.9 0.965578
125 0.965416
125.1 0.964322
125.2 0.96549
125.3 0.965373
125.4 0.966313
125.5 0.967901
125.6 0.966804
125.7 0.967895
125.8 0.96854
125.9 0.968078
126 0.966529
126.1 0.966865
126.2 0.966482
126.3 0.967425
126.4 0.96798
126.5 0.968064
126.6 0.968217
126.7 0.966598
126.8 0.965772
126.9 0.964999
127 0.963424
127.1 0.964068
127.2 0.96392
127.3 0.965687
127.4 0.965527
127.5 0.966645
127.6 0.967294
127.7 0.967501
127.8 0.968244
127.9 0.96843
128 0.967195
128.1 0.967096
128.2 0.967077
128.3 0.967129
128.4 0.9664
128.5 0.965408
128.6 0.964975
128.7 0.96544
128.8 0.965847
128.9 0.965306
129 0.967388
129.1 0.967593
129.2 0.967463
129.3 0.967664
129.4 0.967631
129.5 0.967794
129.6 0.967894
129.7 0.968024
129.8 0.967007
129.9 0.965355
130 0.966359
130.1 0.965829
130.2 0.965482
130.3 0.965772
130.4 0.965276
130.5 0.965775
130.6 0.965759
130.7 0.966223
130.8 0.966026
130.9 0.965415
131 0.965915
131.1 0.966716
131.2 0.967235
131.3 0.966894
131.4 0.965039
131.5 0.964352
131.6 0.963971
131.7 0.964075
131.8 0.963204
131.9 0.963629
132 0.962754
132.1 0.964193
132.2 0.964093
132.3 0.964436
132.4 0.963552
132.5 0.965266
132.6 0.965594
132.7 0.965678
132.8 0.965762
132.9 0.965027
133 0.964787
133.1 0.963987
133.2 0.964974
133.3 0.965168
133.4 0.964846
133.5 0.965156
133.6 0.965518
133.7 0.965637
133.8 0.965858
133.9 0.965272
134 0.964266
134.1 0.964372
134.2 0.963711
134.3 0.964592
134.4 0.964966
134.5 0.964133
134.6 0.961562
134.7 0.960825
134.8 0.960299
134.9 0.960677
135 0.961718
135.1 0.959636
135.2 0.959492
135.3 0.960452
135.4 0.960189
135.5 0.960638
135.6 0.961861
135.7 0.962344
135.8 0.962323
135.9 0.960173
136 0.960413
136.1 0.960803
136.2 0.962237
136.3 0.961966
136.4 0.962518
136.5 0.962534
136.6 0.962592
136.7 0.962793
136.8 0.964108
136.9 0.965223
137 0.965039
137.1 0.966173
137.2 0.96502
137.3 0.965317
137.4 0.965274
137.5 0.966095
137.6 0.965943
137.7 0.967524
137.8 0.966255
137.9 0.965367
138 0.964807
138.1 0.965358
138.2 0.964959
138.3 0.964486
138.4 0.964998
138.5 0.967122
138.6 0.968825
138.7 0.967827
138.8 0.967261
138.9 0.968068
139 0.967917
139.1 0.968021
139.2 0.966853
139.3 0.966677
139.4 0.965862
139.5 0.965387
139.6 0.964153
139.7 0.962857
139.8 0.963405
139.9 0.964137
140 0.964501
140.1 0.963468
140.2 0.962852
140.3 0.962969
140.4 0.962168
140.5 0.962824
140.6 0.962666
140.7 0.962152
140.8 0.963412
140.9 0.963603
141 0.963484
141.1 0.963165
141.2 0.962298
141.3 0.963229
141.4 0.963683
141.5 0.9643
141.6 0.964202
141.7 0.964212
141.8 0.964566
141.9 0.96377
142 0.963181
142.1 0.963439
142.2 0.964853
142.3 0.966015
142.4 0.965126
142.5 0.965628
142.6 0.966152
142.7 0.967505
142.8 0.966236
142.9 0.967284
143 0.968666
143.1 0.968346
143.2 0.96691
143.3 0.96736
143.4 0.966034
143.5 0.965185
143.6 0.964595
143.7 0.964289
143.8 0.96591
143.9 0.966753
144 0.968129
144.1 0.968838
144.2 0.967102
144.3 0.965524
144.4 0.965447
144.5 0.964659
144.6 0.965116
144.7 0.965964
144.8 0.965788
144.9 0.963393
145 0.962434
145.1 0.962789
145.2 0.961331
145.3 0.96141
145.4 0.961064
145.5 0.963475
145.6 0.961482
145.7 0.961133
145.8 0.960791
145.9 0.961899
146 0.963192
146.1 0.96342
146.2 0.964788
146.3 0.965934
146.4 0.96463
146.5 0.96455
146.6 0.965424
146.7 0.96621
146.8 0.966138
146.9 0.964681
147 0.965167
147.1 0.964102
147.2 0.964651
147.3 0.964841
147.4 0.965265
147.5 0.964616
147.6 0.965545
147.7 0.964947
147.8 0.96467
147.9 0.965132
148 0.964916
148.1 0.96385
148.2 0.96331
148.3 0.963372
148.4 0.962364
148.5 0.962128
148.6 0.961385
148.7 0.961884
148.8 0.961365
148.9 0.961583
149 0.961958
149.1 0.962749
149.2 0.963763
149.3 0.964734
149.4 0.963643
149.5 0.962956
149.6 0.9638
149.7 0.966537
149.8 0.967149
149.9 0.967415
150 0.966273
150.1 0.96582
150.2 0.964507
150.3 0.963925
150.4 0.965113
150.5 0.965151
150.6 0.965264
150.7 0.965313
150.8 0.965079
150.9 0.966189
151 0.966107
151.1 0.967566
151.2 0.967477
151.3 0.966881
151.4 0.965808
151.5 0.966061
151.6 0.965381
151.7 0.96571
151.8 0.965048
151.9 0.96462
152 0.963308
152.1 0.965273
152.2 0.966631
152.3 0.96757
152.4 0.967608
152.5 0.968139
152.6 0.966185
152.7 0.965972
152.8 0.966192
152.9 0.965965
153 0.963533
153.1 0.962866
153.2 0.964025
153.3 0.963549
153.4 0.963202
153.5 0.963143
153.6 0.962842
153.7 0.962387
153.8 0.965357
153.9 0.965265
154 0.966014
154.1 0.965829
154.2 0.965501
154.3 0.963772
154.4 0.963713
154.5 0.964849
154.6 0.964358
154.7 0.965865
154.8 0.966683
154.9 0.966616
155 0.965012
155.1 0.965082
155.2 0.965027
155.3 0.966846
155.4 0.966945
155.5 0.96823
155.6 0.969616
155.7 0.967943
155.8 0.966933
155.9 0.965761
156 0.965467
156.1 0.965329
156.2 0.963507
156.3 0.965009
156.4 0.964479
156.5 0.964148
156.6 0.964491
156.7 0.964253
156.8 0.964425
156.9 0.962496
157 0.962378
157.1 0.963558
157.2 0.965291
157.3 0.965947
157.4 0.9666
157.5 0.966254
157.6 0.967144
157.7 0.968631
157.8 0.967632
157.9 0.966831
158 0.966377
158.1 0.966076
158.2 0.965519
158.3 0.966071
158.4 0.964908
158.5 0.963382
158.6 0.962288
158.7 0.963195
158.8 0.965302
158.9 0.964447
159 0.964143
159.1 0.964094
159.2 0.96471
159.3 0.963162
159.4 0.9619
159.5 0.96329
159.6 0.963934
159.7 0.966763
159.8 0.965779
159.9 0.965511
160 0.965221
160.1 0.965026
160.2 0.964332
160.3 0.965437
160.4 0.96514
160.5 0.965975
160.6 0.965398
160.7 0.96549
160.8 0.967175
160.9 0.968633
161 0.967867
161.1 0.96793
161.2 0.967058
161.3 0.968527
161.4 0.968003
161.5 0.967996
161.6 0.968335
161.7 0.967963
161.8 0.96766
161.9 0.968168
162 0.967963
162.1 0.966797
162.2 0.965963
162.3 0.965388
162.4 0.966618
162.5 0.967392
162.6 0.967345
162.7 0.966058
162.8 0.967517
162.9 0.967095
163 0.967314
163.1 0.967046
163.2 0.965276
163.3 0.966199
163.4 0.965193
163.5 0.966179
163.6 0.964597
163.7 0.9644
163.8 0.962609
163.9 0.962489
164 0.963292
164.1 0.964769
164.2 0.966153
164.3 0.966519
164.4 0.966684
164.5 0.966716
164.6 0.966787
164.7 0.966188
164.8 0.966251
164.9 0.966849
165 0.965506
165.1 0.965961
165.2 0.966217
165.3 0.966249
165.4 0.966208
165.5 0.967394
165.6 0.96795
165.7 0.96695
165.8 0.967795
165.9 0.966784
166 0.966516
166.1 0.964901
166.2 0.964473
166.3 0.96529
166.4 0.964668
166.5 0.965162
166.6 0.966211
166.7 0.965975
166.8 0.966689
166.9 0.966626
167 0.966913
167.1 0.966579
167.2 0.967024
167.3 0.96549
167.4 0.966684
167.5 0.965564
167.6 0.964644
167.7 0.965107
167.8 0.965019
167.9 0.965192
168 0.965715
168.1 0.96577
168.2 0.965814
168.3 0.965697
168.4 0.96699
168.5 0.967524
168.6 0.968427
168.7 0.967712
168.8 0.968097
168.9 0.967151
169 0.966907
169.1 0.966147
169.2 0.964952
169.3 0.965118
169.4 0.966122
169.5 0.966959
169.6 0.967502
169.7 0.965724
169.8 0.967145
169.9 0.966959
170 0.96787
170.1 0.96743
170.2 0.968508
170.3 0.968189
170.4 0.967402
170.5 0.966216
170.6 0.966385
170.7 0.96636
170.8 0.964753
170.9 0.964795
171 0.965658
171.1 0.966222
171.2 0.965765
171.3 0.965722
171.4 0.965022
171.5 0.967181
171.6 0.966871
171.7 0.966976
171.8 0.966877
171.9 0.967109
172 0.965952
172.1 0.96485
172.2 0.966979
172.3 0.96638
172.4 0.965425
172.5 0.965328
172.6 0.964042
172.7 0.963637
172.8 0.963112
172.9 0.964917
173 0.965636
173.1 0.965073
173.2 0.965467
173.3 0.965575
173.4 0.96695
173.5 0.965036
173.6 0.964536
173.7 0.964078
173.8 0.965835
173.9 0.966314
174 0.966305
174.1 0.967348
174.2 0.967089
174.3 0.967642
174.4 0.968331
174.5 0.967635
174.6 0.968543
174.7 0.966887
174.8 0.966829
174.9 0.968397
175 0.967769
175.1 0.968686
175.2 0.968548
175.3 0.968901
175.4 0.968621
175.5 0.967489
175.6 0.966672
175.7 0.966425
175.8 0.966059
175.9 0.965612
176 0.964975
176.1 0.965438
176.2 0.965089
176.3 0.965546
176.4 0.965802
176.5 0.966421
176.6 0.966423
176.7 0.968416
176.8 0.968084
176.9 0.967313
177 0.967915
177.1 0.967514
177.2 0.967334
177.3 0.96724
177.4 0.966863
177.5 0.966457
177.6 0.966308
177.7 0.96655
177.8 0.966156
177.9 0.966187
178 0.966323
178.1 0.966229
178.2 0.966779
178.3 0.967041
178.4 0.965944
178.5 0.965615
178.6 0.966404
178.7 0.966602
178.8 0.966109
178.9 0.966041
179 0.964922
179.1 0.965724
179.2 0.964603
179.3 0.963539
179.4 0.963438
179.5 0.964596
179.6 0.964402
179.7 0.964512
179.8 0.964139
179.9 0.964284
180 0.965658
180.1 0.965309
180.2 0.96519
180.3 0.964999
180.4 0.96441
180.5 0.965321
180.6 0.964106
180.7 0.963824
180.8 0.96298
180.9 0.962766
181 0.962456
181.1 0.962665
181.2 0.963521
181.3 0.963773
181.4 0.964333
181.5 0.964341
181.6 0.963286
181.7 0.962741
181.8 0.963293
181.9 0.962368
182 0.963789
182.1 0.964476
182.2 0.965425
182.3 0.966999
182.4 0.966124
182.5 0.966686
182.6 0.965927
182.7 0.965553
182.8 0.964477
182.9 0.965477
183 0.964193
183.1 0.964135
183.2 0.963284
183.3 0.964661
183.4 0.964742
183.5 0.965447
183.6 0.965302
183.7 0.966651
183.8 0.966557
183.9 0.966008
184 0.963546
184.1 0.963536
184.2 0.964745
184.3 0.964605
184.4 0.964951
184.5 0.96406
184.6 0.96503
184.7 0.965728
184.8 0.965938
184.9 0.965667
185 0.966451
185.1 0.966865
185.2 0.967579
185.3 0.967121
185.4 0.965153
185.5 0.965762
185.6 0.965685
185.7 0.965527
185.8 0.965418
185.9 0.964358
186 0.966128
186.1 0.966432
186.2 0.966217
186.3 0.967135
186.4 0.966819
186.5 0.966215
186.6 0.966954
186.7 0.966836
186.8 0.964316
186.9 0.965113
187 0.966819
187.1 0.967901
187.2 0.96781
187.3 0.967206
187.4 0.96706
187.5 0.968087
187.6 0.967577
187.7 0.967383
187.8 0.965779
187.9 0.965525
188 0.967942
188.1 0.967757
188.2 0.966801
188.3 0.965735
188.4 0.965713
188.5 0.964061
188.6 0.964037
188.7 0.964306
188.8 0.965871
188.9 0.966375
189 0.966446
189.1 0.965052
189.2 0.964724
189.3 0.963399
189.4 0.963083
189.5 0.960458
189.6 0.960065
189.7 0.960459
189.8 0.960235
189.9 0.960554
190 0.960466
190.1 0.960541
190.2 0.960226
190.3 0.961192
190.4 0.96157
190.5 0.961959
190.6 0.961575
190.7 0.96116
190.8 0.961504
190.9 0.960209
191 0.960573
191.1 0.959003
191.2 0.959276
191.3 0.95968
191.4 0.960165
191.5 0.959462
191.6 0.96238
191.7 0.962042
191.8 0.962747
191.9 0.962513
192 0.963645
192.1 0.962751
192.2 0.962435
192.3 0.963178
192.4 0.962582
192.5 0.962079
192.6 0.963382
192.7 0.964289
192.8 0.964205
192.9 0.964856
193 0.965254
193.1 0.965106
193.2 0.965067
193.3 0.965779
193.4 0.966018
193.5 0.96601
193.6 0.964531
193.7 0.963686
193.8 0.964591
193.9 0.965261
194 0.964826
194.1 0.966084
194.2 0.965245
194.3 0.965527
194.4 0.964768
194.5 0.964871
194.6 0.962241
194.7 0.963694
194.8 0.963856
194.9 0.964302
195 0.964585
195.1 0.965575
195.2 0.96597
195.3 0.96409
195.4 0.965378
195.5 0.966962
195.6 0.967122
195.7 0.96777
195.8 0.966553
195.9 0.965821
196 0.966712
196.1 0.965503
196.2 0.965617
196.3 0.966237
196.4 0.965823
196.5 0.965314
196.6 0.965369
196.7 0.965192
196.8 0.965616
196.9 0.965431
197 0.966625
197.1 0.966594
197.2 0.967058
197.3 0.966454
197.4 0.967404
197.5 0.967589
197.6 0.968813
197.7 0.967376
197.8 0.966074
197.9 0.964612
198 0.964707
198.1 0.965503
198.2 0.964916
198.3 0.964879
198.4 0.964895
198.5 0.965255
198.6 0.964584
198.7 0.963605
198.8 0.964131
198.9 0.964271
199 0.964421
199.1 0.9648
199.2 0.964187
199.3 0.963845
199.4 0.964701
199.5 0.964481
199.6 0.965648
199.7 0.967512
199.8 0.965148
199.9 0.964771
200 0.965947
200.1 0.966343
200.2 0.966014
200.3 0.966412
200.4 0.967133
200.5 0.967205
200.6 0.967338
200.7 0.966442
200.8 0.966256
200.9 0.968323
201 0.966986
201.1 0.96706
201.2 0.966595
201.3 0.966123
201.4 0.965878
201.5 0.965961
201.6 0.966121
201.7 0.966648
201.8 0.967299
201.9 0.967008
202 0.966475
202.1 0.966502
202.2 0.965545
202.3 0.964917
202.4 0.96498
202.5 0.965147
202.6 0.963955
202.7 0.965238
202.8 0.964994
202.9 0.966068
203 0.965522
203.1 0.964977
203.2 0.965252
203.3 0.964174
203.4 0.964045
203.5 0.965842
203.6 0.966741
203.7 0.968163
203.8 0.967486
203.9 0.966136
204 0.966166
204.1 0.96502
204.2 0.96545
204.3 0.966815
204.4 0.966836
204.5 0.967552
204.6 0.966218
204.7 0.967699
204.8 0.967905
204.9 0.967338
205 0.966038
205.1 0.966128
205.2 0.966425
205.3 0.966612
205.4 0.965506
205.5 0.964402
205.6 0.964544
205.7 0.964647
205.8 0.963883
205.9 0.962929
206 0.963907
206.1 0.96305
206.2 0.962622
206.3 0.964285
206.4 0.965645
206.5 0.966201
206.6 0.966688
206.7 0.966274
206.8 0.965985
206.9 0.965747
207 0.965364
207.1 0.965311
207.2 0.965037
207.3 0.963355
207.4 0.962975
207.5 0.963684
207.6 0.964895
207.7 0.964774
207.8 0.966269
207.9 0.965268
208 0.964653
208.1 0.964791
208.2 0.963588
208.3 0.963648
208.4 0.962559
208.5 0.963416
208.6 0.963539
208.7 0.964847
208.8 0.964985
208.9 0.963517
209 0.964871
209.1 0.964209
209.2 0.966071
209.3 0.966843
209.4 0.966866
209.5 0.966969
209.6 0.967887
209.7 0.967609
209.8 0.965908
209.9 0.966354
210 0.965577
210.1 0.965864
210.2 0.96609
210.3 0.965083
210.4 0.966462
210.5 0.967705
210.6 0.969923
210.7 0.968848
210.8 0.969008
210.9 0.966981
211 0.967558
211.1 0.966981
211.2 0.966927
211.3 0.965112
211.4 0.965886
211.5 0.966931
211.6 0.966981
211.7 0.966804
211.8 0.966184
211.9 0.965828
212 0.966648
212.1 0.965937
212.2 0.965182
212.3 0.965641
212.4 0.96506
212.5 0.965918
212.6 0.966339
212.7 0.966292
212.8 0.963922
212.9 0.963363
213 0.962646
213.1 0.96284
213.2 0.964067
213.3 0.963234
213.4 0.962946
213.5 0.963568
213.6 0.964524
213.7 0.965058
213.8 0.966175
213.9 0.966773
214 0.967476
214.1 0.966687
214.2 0.965383
214.3 0.965566
214.4 0.9657
214.5 0.966149
214.6 0.967489
214.7 0.966848
214.8 0.967481
214.9 0.966894
215 0.96639
215.1 0.965378
215.2 0.965684
215.3 0.965903
215.4 0.96564
215.5 0.966769
215.6 0.965292
215.7 0.966108
215.8 0.966212
215.9 0.966336
216 0.966564
216.1 0.96699
216.2 0.966851
216.3 0.968033
216.4 0.968494
216.5 0.968515
216.6 0.968531
216.7 0.967549
216.8 0.96704
216.9 0.967262
217 0.966462
217.1 0.964761
217.2 0.964663
217.3 0.963493
217.4 0.963777
217.5 0.964317
217.6 0.964649
217.7 0.964941
217.8 0.965265
217.9 0.965475
218 0.965681
218.1 0.96534
218.2 0.965644
218.3 0.966223
218.4 0.967229
218.5 0.968085
218.6 0.967416
218.7 0.967045
218.8 0.966755
218.9 0.967651
219 0.968937
219.1 0.968839
219.2 0.967905
219.3 0.966397
219.4 0.966873
219.5 0.965972
219.6 0.966092
219.7 0.965656
219.8 0.964602
219.9 0.964262
220 0.964104
220.1 0.964811
220.2 0.965821
220.3 0.964949
220.4 0.966665
220.5 0.966341
220.6 0.96555
220.7 0.964617
220.8 0.964391
220.9 0.964591
221 0.964438
221.1 0.965175
221.2 0.964674
221.3 0.966514
221.4 0.96672
221.5 0.966219
221.6 0.964943
221.7 0.964308
221.8 0.965066
221.9 0.964559
222 0.965266
222.1 0.967372
222.2 0.96737
222.3 0.967444
222.4 0.967673
222.5 0.967876
222.6 0.96667
222.7 0.965417
222.8 0.964476
222.9 0.965834
223 0.96615
223.1 0.966177
223.2 0.966569
223.3 0.966399
223.4 0.966094
223.5 0.965109
223.6 0.964449
223.7 0.963932
223.8 0.963511
223.9 0.964476
224 0.966499
224.1 0.968552
224.2 0.968156
224.3 0.966737
224.4 0.967122
224.5 0.966592
224.6 0.966691
224.7 0.96687
224.8 0.966454
224.9 0.966825
225 0.965249
225.1 0.966066
225.2 0.964565
225.3 0.965394
225.4 0.96529
225.5 0.965288
225.6 0.966487
225.7 0.965533
225.8 0.965474
225.9 0.965582
226 0.966146
226.1 0.967231
226.2 0.968045
226.3 0.966661
226.4 0.967394
226.5 0.967942
226.6 0.966833
226.7 0.965997
226.8 0.965563
226.9 0.967196
227 0.965614
227.1 0.965539
227.2 0.966663
227.3 0.965872
227.4 0.96706
227.5 0.967389
227.6 0.967453
227.7 0.968018
227.8 0.968749
227.9 0.968087
228 0.967683
228.1 0.96744
228.2 0.967717
228.3 0.96612
228.4 0.966422
228.5 0.967287
228.6 0.966138
228.7 0.966706
228.8 0.967103
228.9 0.966303
229 0.967292
229.1 0.967022
229.2 0.967911
229.3 0.967157
229.4 0.966661
229.5 0.966353
229.6 0.965158
229.7 0.961832
229.8 0.961411
229.9 0.961569
230 0.962091
230.1 0.963016
230.2 0.964361
230.3 0.964313
230.4 0.965034
230.5 0.966175
230.6 0.964835
230.7 0.965675
230.8 0.966084
230.9 0.966335
231 0.965284
231.1 0.967426
231.2 0.966434
231.3 0.965691
231.4 0.965556
231.5 0.963748
231.6 0.963257
231.7 0.96361
231.8 0.964261
231.9 0.963953
232 0.96352
232.1 0.9638
232.2 0.96331
232.3 0.962754
232.4 0.962992
232.5 0.962612
232.6 0.961725
232.7 0.96181
232.8 0.961727
232.9 0.962839
233 0.961889
233.1 0.962429
233.2 0.962724
233.3 0.963702
233.4 0.963998
233.5 0.962847
233.6 0.963763
233.7 0.964699
233.8 0.966392
233.9 0.966439
234 0.967336
234.1 0.966276
234.2 0.966338
234.3 0.967457
234.4 0.966905
234.5 0.966158
234.6 0.966272
234.7 0.964977
234.8 0.964014
234.9 0.964202
235 0.964039
235.1 0.963952
235.2 0.963194
235.3 0.963833
235.4 0.963711
235.5 0.962576
235.6 0.962732
235.7 0.963825
235.8 0.965029
235.9 0.96567
236 0.964195
236.1 0.964174
236.2 0.964975
236.3 0.966133
236.4 0.966452
236.5 0.966687
236.6 0.967383
236.7 0.96843
236.8 0.969356
236.9 0.970763
237 0.970314
237.1 0.96988
237.2 0.969109
237.3 0.968001
237.4 0.967749
237.5 0.966546
237.6 0.966358
237.7 0.966233
237.8 0.965831
237.9 0.965605
238 0.965608
238.1 0.965627
238.2 0.966086
238.3 0.965886
238.4 0.965506
238.5 0.965009
238.6 0.964847
238.7 0.964512
238.8 0.964484
238.9 0.965727
239 0.965659
239.1 0.966134
239.2 0.966545
239.3 0.966555
239.4 0.966786
239.5 0.96622
239.6 0.964589
239.7 0.965547
239.8 0.964926
239.9 0.965096
240 0.96429
240.1 0.964385
240.2 0.96425
240.3 0.964028
240.4 0.965043
240.5 0.965302
240.6 0.964797
240.7 0.964348
240.8 0.965858
240.9 0.965603
241 0.964761
241.1 0.965939
241.2 0.965632
241.3 0.965829
241.4 0.966061
241.5 0.966192
241.6 0.966415
241.7 0.966001
241.8 0.966536
241.9 0.965744
242 0.964861
242.1 0.966715
242.2 0.965711
242.3 0.963896
242.4 0.964271
242.5 0.964644
242.6 0.966057
242.7 0.965855
242.8 0.965026
242.9 0.96439
243 0.964357
243.1 0.965021
243.2 0.965304
243.3 0.966339
243.4 0.966692
243.5 0.966911
243.6 0.968123
243.7 0.968049
243.8 0.967214
243.9 0.966372
244 0.966308
244.1 0.966752
244.2 0.966577
244.3 0.966085
244.4 0.966144
244.5 0.96683
244.6 0.965979
244.7 0.965772
244.8 0.965162
244.9 0.965262
245 0.967345
245.1 0.966814
245.2 0.966758
245.3 0.967066
245.4 0.967349
245.5 0.966361
245.6 0.966274
245.7 0.964895
245.8 0.965623
245.9 0.965901
246 0.965325
246.1 0.965578
246.2 0.965148
246.3 0.965522
246.4 0.964347
246.5 0.965852
246.6 0.966514
246.7 0.96684
246.8 0.96538
246.9 0.966412
247 0.966935
247.1 0.966804
247.2 0.966759
247.3 0.966537
247.4 0.966785
247.5 0.966564
247.6 0.967906
247.7 0.966944
247.8 0.967254
247.9 0.96754
248 0.96677
248.1 0.966195
248.2 0.966222
248.3 0.965426
248.4 0.966577
248.5 0.967145
248.6 0.968447
248.7 0.967355
248.8 0.967533
248.9 0.966818
249 0.967476
249.1 0.966865
249.2 0.966371
249.3 0.967708
249.4 0.967501
249.5 0.96697
249.6 0.966183
249.7 0.964749
249.8 0.96521
249.9 0.964977
250 0.96499
250.1 0.964437
250.2 0.965479
250.3 0.965162
250.4 0.965349
250.5 0.966306
250.6 0.964776
250.7 0.964419
250.8 0.965452
250.9 0.963528
251 0.9629
251.1 0.962011
251.2 0.961399
251.3 0.961829
251.4 0.962455
251.5 0.964399
251.6 0.963799
251.7 0.964758
251.8 0.965461
251.9 0.965098
252 0.965669
252.1 0.966161
252.2 0.96559
252.3 0.965315
252.4 0.965494
252.5 0.966037
252.6 0.965732
252.7 0.965903
252.8 0.966691
252.9 0.966354
253 0.965402
253.1 0.966531
253.2 0.96707
253.3 0.968621
253.4 0.968095
253.5 0.967928
253.6 0.970226
253.7 0.969756
253.8 0.968006
253.9 0.96894
254 0.969167
254.1 0.968777
254.2 0.968432
254.3 0.966683
254.4 0.96603
254.5 0.966042
254.6 0.96585
254.7 0.965739
254.8 0.965165
254.9 0.965645
255 0.964803
255.1 0.964912
255.2 0.964818
255.3 0.963538
255.4 0.964407
255.5 0.965186
255.6 0.965327
255.7 0.966091
255.8 0.967685
255.9 0.96672
256 0.967004
256.1 0.968396
256.2 0.969831
256.3 0.969084
256.4 0.970753
256.5 0.968484
256.6 0.96761
256.7 0.96683
256.8 0.966905
256.9 0.965204
257 0.965102
257.1 0.966317
257.2 0.965493
257.3 0.96478
257.4 0.963721
257.5 0.9651
257.6 0.964945
257.7 0.964747
257.8 0.963872
257.9 0.964168
258 0.965204
258.1 0.965527
258.2 0.966739
258.3 0.96461
258.4 0.965325
258.5 0.96623
258.6 0.96559
258.7 0.965255
258.8 0.963197
258.9 0.964223
259 0.964327
259.1 0.964749
259.2 0.965385
259.3 0.965303
259.4 0.966056
259.5 0.965284
259.6 0.964808
259.7 0.964252
259.8 0.964107
259.9 0.965491
260 0.965731
260.1 0.966488
260.2 0.966595
260.3 0.966678
260.4 0.966462
260.5 0.967528
260.6 0.967179
260.7 0.96748
260.8 0.964675
260.9 0.964405
261 0.966422
261.1 0.965612
261.2 0.965182
261.3 0.964021
261.4 0.965109
261.5 0.965466
261.6 0.966857
261.7 0.968362
261.8 0.966015
261.9 0.967901
262 0.967697
262.1 0.966732
262.2 0.965922
262.3 0.965146
262.4 0.96543
262.5 0.964706
262.6 0.965087
262.7 0.966013
262.8 0.96662
262.9 0.967982
263 0.968313
263.1 0.968838
263.2 0.967946
263.3 0.966479
263.4 0.966552
263.5 0.967013
263.6 0.966743
263.7 0.966105
263.8 0.966323
263.9 0.966097
264 0.9669
264.1 0.96677
264.2 0.967444
264.3 0.965357
264.4 0.964568
264.5 0.965539
264.6 0.964639
264.7 0.966404
264.8 0.966539
264.9 0.965267
265 0.965161
265.1 0.964165
265.2 0.962974
265.3 0.961598
265.4 0.962351
265.5 0.96323
265.6 0.964355
265.7 0.965537
265.8 0.965645
265.9 0.965417
266 0.966764
266.1 0.966146
266.2 0.967615
266.3 0.968734
266.4 0.967949
266.5 0.966114
266.6 0.966151
266.7 0.966891
266.8 0.967481
266.9 0.968092
267 0.966918
267.1 0.965866
267.2 0.965729
267.3 0.964985
267.4 0.964418
267.5 0.963288
267.6 0.963893
267.7 0.964032
267.8 0.963403
267.9 0.962549
268 0.962116
268.1 0.961823
268.2 0.963649
268.3 0.963293
268.4 0.964595
268.5 0.966036
268.6 0.966012
268.7 0.965194
268.8 0.965124
268.9 0.965454
269 0.965806
269.1 0.965422
269.2 0.964332
269.3 0.964051
269.4 0.963951
269.5 0.964264
269.6 0.964111
269.7 0.963544
269.8 0.962586
269.9 0.963989
270 0.965008
270.1 0.964653
270.2 0.963524
270.3 0.963463
270.4 0.963591
270.5 0.962896
270.6 0.961748
270.7 0.962178
270.8 0.963013
270.9 0.964278
271 0.965156
271.1 0.966232
271.2 0.966777
271.3 0.967779
271.4 0.967951
271.5 0.967536
271.6 0.967196
271.7 0.966593
271.8 0.966847
271.9 0.966346
272 0.966912
272.1 0.965616
272.2 0.963501
272.3 0.962751
272.4 0.963305
272.5 0.962932
272.6 0.962326
272.7 0.962886
272.8 0.963806
272.9 0.964114
273 0.963792
273.1 0.96574
273.2 0.965925
273.3 0.966918
273.4 0.966932
273.5 0.968178
273.6 0.968434
273.7 0.967824
273.8 0.966971
273.9 0.966711
274 0.966224
274.1 0.965929
274.2 0.9672
274.3 0.967243
274.4 0.968001
274.5 0.966324
274.6 0.96614
274.7 0.964438
274.8 0.963771
274.9 0.964426
275 0.964779
275.1 0.966051
275.2 0.965051
275.3 0.965536
275.4 0.964497
275.5 0.964366
275.6 0.964881
275.7 0.963845
275.8 0.964741
275.9 0.964041
276 0.963265
276.1 0.962475
276.2 0.963558
276.3 0.961982
276.4 0.964475
276.5 0.964987
276.6 0.96622
276.7 0.964803
276.8 0.964201
276.9 0.964836
277 0.96477
277.1 0.964529
277.2 0.96731
277.3 0.96608
277.4 0.965832
277.5 0.964828
277.6 0.965686
277.7 0.965221
277.8 0.964942
277.9 0.965715
278 0.966822
278.1 0.967815
278.2 0.967035
278.3 0.9672
278.4 0.967054
278.5 0.967139
278.6 0.966133
278.7 0.965945
278.8 0.967108
278.9 0.967651
279 0.967954
279.1 0.96636
279.2 0.964957
279.3 0.964988
279.4 0.965612
279.5 0.965868
279.6 0.966125
279.7 0.967019
279.8 0.967751
279.9 0.968753
280 0.968864
280.1 0.966541
280.2 0.966173
280.3 0.966318
280.4 0.967649
280.5 0.967575
280.6 0.966066
280.7 0.965559
280.8 0.965746
280.9 0.965689
281 0.964531
281.1 0.964194
281.2 0.963922
281.3 0.964471
281.4 0.963413
281.5 0.964137
281.6 0.963451
281.7 0.962498
281.8 0.962886
281.9 0.963079
282 0.964078
282.1 0.96465
282.2 0.965399
282.3 0.965215
282.4 0.964701
282.5 0.963879
282.6 0.963783
282.7 0.964429
282.8 0.965208
282.9 0.966691
283 0.967149
283.1 0.966755
283.2 0.968579
283.3 0.966889
283.4 0.966532
283.5 0.967077
283.6 0.966337
283.7 0.964655
283.8 0.966729
283.9 0.968296
284 0.96736
284.1 0.968449
284.2 0.968054
284.3 0.967272
284.4 0.966038
284.5 0.968036
284.6 0.96728
284.7 0.965863
284.8 0.966349
284.9 0.96568
285 0.964652
285.1 0.965626
285.2 0.965973
285.3 0.965726
285.4 0.965305
285.5 0.96532
285.6 0.964777
285.7 0.965693
285.8 0.965824
285.9 0.966082
286 0.966443
286.1 0.96617
286.2 0.966026
286.3 0.966834
286.4 0.966094
286.5 0.963839
286.6 0.964018
286.7 0.963502
286.8 0.964438
286.9 0.964846
287 0.964841
287.1 0.964427
287.2 0.965087
287.3 0.965101
287.4 0.965521
287.5 0.965422
287.6 0.966211
287.7 0.965916
287.8 0.966678
287.9 0.966003
288 0.965601
288.1 0.9662
288.2 0.964986
288.3 0.964572
288.4 0.964838
288.5 0.963448
288.6 0.964606
288.7 0.966119
288.8 0.965901
288.9 0.966066
289 0.965869
289.1 0.965495
289.2 0.967195
289.3 0.966462
289.4 0.967864
289.5 0.967248
289.6 0.967367
289.7 0.968336
289.8 0.969388
289.9 0.970156
290 0.968023
290.1 0.967826
290.2 0.967046
290.3 0.967323
290.4 0.966582
290.5 0.965533
290.6 0.966873
290.7 0.966322
290.8 0.966555
290.9 0.966873
291 0.965188
291.1 0.966802
291.2 0.968282
291.3 0.969061
291.4 0.968794
291.5 0.968661
291.6 0.967864
291.7 0.966626
291.8 0.965746
291.9 0.966166
292 0.9655
292.1 0.965619
292.2 0.966278
292.3 0.966544
292.4 0.966364
292.5 0.965834
292.6 0.966055
292.7 0.966594
292.8 0.965488
292.9 0.965139
293 0.964078
293.1 0.965646
293.2 0.964927
293.3 0.964411
293.4 0.96422
293.5 0.964311
293.6 0.964408
293.7 0.964883
293.8 0.966164
293.9 0.965856
294 0.966113
294.1 0.966924
294.2 0.965813
294.3 0.966738
294.4 0.966717
294.5 0.967526
294.6 0.967857
294.7 0.966857
294.8 0.966419
294.9 0.967572
295 0.968632
295.1 0.967886
295.2 0.967669
295.3 0.967311
295.4 0.967323
295.5 0.967068
295.6 0.966201
295.7 0.967721
295.8 0.967575
295.9 0.967755
296 0.969363
296.1 0.969185
296.2 0.96912
296.3 0.96809
296.4 0.968288
296.5 0.968002
296.6 0.966741
296.7 0.966184
296.8 0.966743
296.9 0.966367
297 0.966109
297.1 0.967634
297.2 0.968661
297.3 0.967609
297.4 0.967604
297.5 0.967934
297.6 0.968225
297.7 0.969207
297.8 0.968584
297.9 0.96749
298 0.965907
298.1 0.96713
298.2 0.966271
298.3 0.966022
298.4 0.965914
298.5 0.966827
298.6 0.966797
298.7 0.965641
298.8 0.964838
298.9 0.964265
299 0.963754
299.1 0.963062
299.2 0.962803
299.3 0.963224
299.4 0.963564
299.5 0.963124
299.6 0.962687
299.7 0.96276
299.8 0.96284
299.9 0.963095
300 0.962809
300.1 0.962718
300.2 0.961317
300.3 0.962408
300.4 0.961651
300.5 0.960386
300.6 0.960852
300.7 0.961795
300.8 0.961655
300.9 0.961313
301 0.960501
301.1 0.960238
301.2 0.960939
301.3 0.962387
301.4 0.964101
301.5 0.96324
301.6 0.960772
301.7 0.961515
301.8 0.962546
301.9 0.963606
302 0.962687
302.1 0.963295
302.2 0.962973
302.3 0.964441
302.4 0.963944
302.5 0.963689
302.6 0.964106
302.7 0.96507
302.8 0.964039
302.9 0.963862
303 0.964237
303.1 0.963935
303.2 0.964127
303.3 0.963331
303.4 0.963105
303.5 0.963042
303.6 0.963962
303.7 0.962443
303.8 0.962595
303.9 0.964899
304 0.966651
304.1 0.965637
304.2 0.965755
304.3 0.965853
304.4 0.965302
304.5 0.966991
304.6 0.969163
304.7 0.968336
304.8 0.966841
304.9 0.967016
305 0.967973
305.1 0.966649
305.2 0.967059
305.3 0.966937
305.4 0.966746
305.5 0.967425
305.6 0.966814
305.7 0.96622
305.8 0.965988
305.9 0.965963
306 0.966359
306.1 0.966394
306.2 0.964516
306.3 0.964342
306.4 0.964872
306.5 0.966595
306.6 0.966893
306.7 0.966542
306.8 0.967077
306.9 0.9665
307 0.965839
307.1 0.965477
307.2 0.965578
307.3 0.965425
307.4 0.965226
307.5 0.964552
307.6 0.963464
307.7 0.962642
307.8 0.963144
307.9 0.963181
308 0.963747
308.1 0.963819
308.2 0.964639
308.3 0.965016
308.4 0.965342
308.5 0.965261
308.6 0.965421
308.7 0.965625
308.8 0.966619
308.9 0.967461
309 0.966312
309.1 0.967605
309.2 0.967696
309.3 0.967472
309.4 0.967418
309.5 0.966793
309.6 0.965415
309.7 0.965458
309.8 0.96579
309.9 0.966272
310 0.966648
310.1 0.967666
310.2 0.967771
310.3 0.967977
310.4 0.967367
310.5 0.966671
310.6 0.966259
310.7 0.964508
310.8 0.965278
310.9 0.967034
311 0.96654
311.1 0.967415
311.2 0.965698
311.3 0.965002
311.4 0.96452
311.5 0.965322
311.6 0.966544
311.7 0.965963
311.8 0.966534
311.9 0.967225
312 0.968277
312.1 0.967639
312.2 0.966484
312.3 0.966418
312.4 0.967002
312.5 0.968154
312.6 0.966713
312.7 0.967371
312.8 0.966103
312.9 0.96686
313 0.966423
313.1 0.966105
313.2 0.966042
313.3 0.965477
313.4 0.966624
313.5 0.964728
313.6 0.965826
313.7 0.965724
313.8 0.965914
313.9 0.966612
314 0.966397
314.1 0.966335
314.2 0.966305
314.3 0.965856
314.4 0.965336
314.5 0.96479
314.6 0.966157
314.7 0.965961
314.8 0.965309
314.9 0.965366
315 0.964326
315.1 0.964602
315.2 0.96493
315.3 0.965031
315.4 0.964425
315.5 0.965278
315.6 0.965802
315.7 0.965494
315.8 0.964048
315.9 0.965556
316 0.965682
316.1 0.966023
316.2 0.965866
316.3 0.966053
316.4 0.966933
316.5 0.967079
316.6 0.967349
316.7 0.966757
316.8 0.968193
316.9 0.966988
317 0.965996
317.1 0.965862
317.2 0.966058
317.3 0.966101
317.4 0.967139
317.5 0.96658
317.6 0.965517
317.7 0.966238
317.8 0.966084
317.9 0.964318
318 0.964371
318.1 0.965403
318.2 0.964104
318.3 0.964317
318.4 0.965057
318.5 0.964717
318.6 0.96435
318.7 0.965008
318.8 0.965467
318.9 0.966588
319 0.965855
319.1 0.965926
319.2 0.966296
319.3 0.967087
319.4 0.965963
319.5 0.967404
319.6 0.967638
319.7 0.966472
319.8 0.966156
319.9 0.965554
320 0.96435
320.1 0.964935
320.2 0.963741
320.3 0.965197
320.4 0.966755
320.5 0.96599
320.6 0.965194
320.7 0.964807
320.8 0.965195
320.9 0.965064
321 0.964809
321.1 0.964956
321.2 0.96426
321.3 0.96434
321.4 0.964449
321.5 0.964779
321.6 0.965906
321.7 0.966742
321.8 0.964631
321.9 0.964966
322 0.964693
322.1 0.965494
322.2 0.963504
322.3 0.96272
322.4 0.962723
322.5 0.962618
322.6 0.963869
322.7 0.963985
322.8 0.964988
322.9 0.964953
323 0.965169
323.1 0.967308
323.2 0.966432
323.3 0.96744
323.4 0.966617
323.5 0.965437
323.6 0.964479
323.7 0.964404
323.8 0.964546
323.9 0.963461
324 0.962499
324.1 0.963796
324.2 0.964518
324.3 0.965712
324.4 0.96475
324.5 0.964744
324.6 0.965896
324.7 0.965671
324.8 0.96597
324.9 0.964579
325 0.96527
325.1 0.966896
325.2 0.966598
325.3 0.964357
325.4 0.96441
325.5 0.963765
325.6 0.964925
325.7 0.964811
325.8 0.965233
325.9 0.964939
326 0.964318
326.1 0.964863
326.2 0.965663
326.3 0.965138
326.4 0.965628
326.5 0.967155
326.6 0.966522
326.7 0.965395
326.8 0.966629
326.9 0.966816
327 0.966618
327.1 0.965965
327.2 0.96526
327.3 0.965365
327.4 0.965343
327.5 0.964324
327.6 0.964033
327.7 0.964581
327.8 0.963797
327.9 0.965007
328 0.966303
328.1 0.96554
328.2 0.964731
328.3 0.965065
328.4 0.965123
328.5 0.964108
328.6 0.965361
328.7 0.965687
328.8 0.966827
328.9 0.966704
329 0.967725
329.1 0.966877
329.2 0.96629
329.3 0.96583
329.4 0.966347
329.5 0.96667
329.6 0.966586
329.7 0.965721
329.8 0.965526
329.9 0.965803
330 0.965547
330.1 0.96611
330.2 0.966709
330.3 0.967454
330.4 0.965664
330.5 0.967137
330.6 0.967306
330.7 0.966916
330.8 0.967663
330.9 0.967677
331 0.967267
331.1 0.967925
331.2 0.96803
331.3 0.968253
331.4 0.96853
331.5 0.968463
331.6 0.968216
331.7 0.968442
331.8 0.968779
331.9 0.96864
332 0.968769
332.1 0.967765
332.2 0.96723
332.3 0.967828
332.4 0.968188
332.5 0.967431
332.6 0.968889
332.7 0.967351
332.8 0.967031
332.9 0.966553
333 0.966613
333.1 0.966469
333.2 0.965585
333.3 0.96605
333.4 0.96492
333.5 0.964075
333.6 0.962938
333.7 0.964849
333.8 0.965578
333.9 0.96462
334 0.964179
334.1 0.964518
334.2 0.964656
334.3 0.967148
334.4 0.965747
334.5 0.96446
334.6 0.964348
334.7 0.963598
334.8 0.962643
334.9 0.963181
335 0.962445
335.1 0.962864
335.2 0.96459
335.3 0.963824
335.4 0.963481
335.5 0.964101
335.6 0.96391
335.7 0.964042
335.8 0.964875
335.9 0.964914
336 0.965727
336.1 0.966294
336.2 0.965082
336.3 0.964692
336.4 0.964849
336.5 0.964975
336.6 0.964331
336.7 0.964297
336.8 0.964263
336.9 0.965081
337 0.965698
337.1 0.964451
337.2 0.964484
337.3 0.964499
337.4 0.964571
337.5 0.964777
337.6 0.965469
337.7 0.964142
337.8 0.965458
337.9 0.9665
338 0.967461
338.1 0.965886
338.2 0.967011
338.3 0.966042
338.4 0.965038
338.5 0.965128
338.6 0.964958
338.7 0.96424
338.8 0.963649
338.9 0.963641
339 0.96335
339.1 0.963141
339.2 0.963672
339.3 0.964956
339.4 0.964345
339.5 0.964637
339.6 0.963732
339.7 0.963884
339.8 0.963169
339.9 0.962653
340 0.963526
340.1 0.963721
340.2 0.964765
340.3 0.965652
340.4 0.966645
340.5 0.965652
340.6 0.964502
340.7 0.965058
340.8 0.965219
340.9 0.965781
341 0.965582
341.1 0.965809
341.2 0.96586
341.3 0.968128
341.4 0.96637
341.5 0.966246
341.6 0.967228
341.7 0.967335
341.8 0.968348
341.9 0.969412
342 0.967751
342.1 0.969295
342.2 0.967777
342.3 0.967215
342.4 0.967688
342.5 0.96804
342.6 0.96782
342.7 0.967552
342.8 0.96683
342.9 0.966439
343 0.966843
343.1 0.96733
343.2 0.966356
343.3 0.965955
343.4 0.96694
343.5 0.967572
343.6 0.967013
343.7 0.966398
343.8 0.966039
343.9 0.966414
344 0.966581
344.1 0.966618
344.2 0.966572
344.3 0.966004
344.4 0.965467
344.5 0.965507
344.6 0.965034
344.7 0.964784
344.8 0.9654
344.9 0.965708
345 0.965895
345.1 0.966373
345.2 0.966312
345.3 0.968415
345.4 0.968513
345.5 0.968623
345.6 0.96794
345.7 0.969404
345.8 0.969537
345.9 0.96905
346 0.968662
346.1 0.967287
346.2 0.967396
346.3 0.967813
346.4 0.967717
346.5 0.967165
346.6 0.966386
346.7 0.96627
346.8 0.967228
346.9 0.967219
347 0.968817
347.1 0.967381
347.2 0.967575
347.3 0.968624
347.4 0.968993
347.5 0.96874
347.6 0.968323
347.7 0.968147
347.8 0.967267
347.9 0.967892
348 0.967117
348.1 0.966906
348.2 0.967082
348.3 0.967079
348.4 0.967136
348.5 0.967397
348.6 0.967483
348.7 0.968119
348.8 0.96787
348.9 0.967008
349 0.965609
349.1 0.965054
349.2 0.9643
349.3 0.96534
349.4 0.965675
349.5 0.966559
349.6 0.965863
349.7 0.965752
349.8 0.964507
349.9 0.964137
350 0.963947
350.1 0.963972
350.2 0.964467
350.3 0.964598
350.4 0.965747
350.5 0.962768
350.6 0.963139
350.7 0.962332
350.8 0.961927
350.9 0.963643
351 0.963035
351.1 0.964248
351.2 0.964365
351.3 0.96603
351.4 0.96424
351.5 0.963994
351.6 0.962996
351.7 0.963194
351.8 0.962102
351.9 0.963217
352 0.964923
352.1 0.966008
352.2 0.966679
352.3 0.966917
352.4 0.967478
352.5 0.967412
352.6 0.966557
352.7 0.966796
352.8 0.966472
352.9 0.964962
353 0.965584
353.1 0.96654
353.2 0.96588
353.3 0.966382
353.4 0.965977
353.5 0.966196
353.6 0.965584
353.7 0.966738
353.8 0.966204
353.9 0.966799
354 0.966273
354.1 0.965795
354.2 0.965371
354.3 0.965383
354.4 0.965274
354.5 0.965609
354.6 0.966136
354.7 0.967197
354.8 0.966712
354.9 0.966471
355 0.965179
355.1 0.965997
355.2 0.966505
355.3 0.966209
355.4 0.966777
355.5 0.966381
355.6 0.967204
355.7 0.96601
355.8 0.967025
355.9 0.966661
356 0.966222
356.1 0.965556
356.2 0.966202
356.3 0.965661
356.4 0.966519
356.5 0.966237
356.6 0.966053
356.7 0.966532
356.8 0.966659
356.9 0.967717
357 0.966596
357.1 0.966231
357.2 0.966694
357.3 0.967602
357.4 0.966956
357.5 0.96746
357.6 0.967177
357.7 0.967872
357.8 0.967312
357.9 0.968158
358 0.966952
358.1 0.966764
358.2 0.966505
358.3 0.96703
358.4 0.967917
358.5 0.967215
358.6 0.965471
358.7 0.966221
358.8 0.965936
358.9 0.966727
359 0.967099
359.1 0.967625
359.2 0.968432
359.3 0.96777
359.4 0.967799
359.5 0.968304
359.6 0.96915
359.7 0.96809
359.8 0.96955
359.9 0.968653
360 0.968289
360.1 0.968357
360.2 0.967988
360.3 0.966852
360.4 0.966942
360.5 0.966164
360.6 0.966851
360.7 0.968048
360.8 0.968048
360.9 0.969226
361 0.969238
361.1 0.969745
361.2 0.969407
361.3 0.969032
361.4 0.969444
361.5 0.968933
361.6 0.969424
361.7 0.968949
361.8 0.968878
361.9 0.96837
362 0.967923
362.1 0.968096
362.2 0.967112
362.3 0.968135
362.4 0.9673
362.5 0.966917
362.6 0.966766
362.7 0.966887
362.8 0.965674
362.9 0.965143
363 0.964583
363.1 0.964316
363.2 0.963235
363.3 0.965044
363.4 0.966549
363.5 0.966605
363.6 0.96766
363.7 0.967714
363.8 0.968368
363.9 0.968842
364 0.969441
364.1 0.967967
364.2 0.967786
364.3 0.969401
364.4 0.968544
364.5 0.967483
364.6 0.968222
364.7 0.966776
364.8 0.964491
364.9 0.963736
365 0.964112
365.1 0.963066
365.2 0.963171
365.3 0.964874
365.4 0.963844
365.5 0.965778
365.6 0.965817
365.7 0.967489
365.8 0.96821
365.9 0.967618
366 0.966751
366.1 0.965948
366.2 0.966077
366.3 0.965989
366.4 0.966364
366.5 0.966805
366.6 0.965792
366.7 0.964086
366.8 0.964727
366.9 0.966622
367 0.967394
367.1 0.965251
367.2 0.965337
367.3 0.965183
367.4 0.965836
367.5 0.96695
367.6 0.96783
367.7 0.967495
367.8 0.967661
367.9 0.968789
368 0.967929
368.1 0.967544
368.2 0.968248
368.3 0.968551
368.4 0.967615
368.5 0.966384
368.6 0.967265
368.7 0.967249
368.8 0.96659
368.9 0.966381
369 0.966868
369.1 0.966936
369.2 0.967187
369.3 0.965506
369.4 0.966205
369.5 0.965904
369.6 0.966369
369.7 0.965906
369.8 0.96662
369.9 0.965464
370 0.965706
370.1 0.965208
370.2 0.964369
370.3 0.963819
370.4 0.965397
370.5 0.967362
370.6 0.967322
370.7 0.966541
370.8 0.966997
370.9 0.96709
371 0.968098
371.1 0.967599
371.2 0.96671
371.3 0.966687
371.4 0.967369
371.5 0.968182
371.6 0.968547
371.7 0.969063
371.8 0.968298
371.9 0.967556
372 0.96786
372.1 0.968202
372.2 0.967986
372.3 0.96716
372.4 0.967199
372.5 0.968015
372.6 0.968609
372.7 0.967185
372.8 0.96695
372.9 0.966128
373 0.965321
373.1 0.967167
373.2 0.96631
373.3 0.967004
373.4 0.968186
373.5 0.968096
373.6 0.966026
373.7 0.967019
373.8 0.967012
373.9 0.966421
374 0.965599
374.1 0.96345
374.2 0.961527
374.3 0.961805
374.4 0.964108
374.5 0.964002
374.6 0.962242
374.7 0.96298
374.8 0.963682
374.9 0.963803
375 0.964982
375.1 0.964284
375.2 0.964293
375.3 0.965398
375.4 0.966333
375.5 0.964906
375.6 0.964882
375.7 0.964415
375.8 0.964613
375.9 0.963097
376 0.962157
376.1 0.963322
376.2 0.963599
376.3 0.964204
376.4 0.963186
376.5 0.964429
376.6 0.965502
376.7 0.964323
376.8 0.96352
376.9 0.963555
377 0.965281
377.1 0.965487
377.2 0.964858
377.3 0.963723
377.4 0.962398
377.5 0.963237
377.6 0.962975
377.7 0.962756
377.8 0.962673
377.9 0.96308
378 0.962843
378.1 0.96337
378.2 0.962976
378.3 0.964144
378.4 0.963555
378.5 0.965069
378.6 0.964372
378.7 0.964573
378.8 0.965574
378.9 0.965282
379 0.965664
379.1 0.967371
379.2 0.966756
379.3 0.967541
379.4 0.968167
379.5 0.966787
379.6 0.966122
379.7 0.965989
379.8 0.964912
379.9 0.965659
380 0.964225
380.1 0.964529
380.2 0.965508
380.3 0.966526
380.4 0.966141
380.5 0.966046
380.6 0.965449
380.7 0.965633
380.8 0.965703
380.9 0.965257
381 0.965245
381.1 0.966875
381.2 0.967733
381.3 0.96884
381.4 0.967749
381.5 0.967218
381.6 0.967503
381.7 0.968002
381.8 0.96867
381.9 0.968935
382 0.968701
382.1 0.967579
382.2 0.967853
382.3 0.968072
382.4 0.968453
382.5 0.967857
382.6 0.969196
382.7 0.96921
382.8 0.969495
382.9 0.969253
383 0.967293
383.1 0.966875
383.2 0.967113
383.3 0.967294
383.4 0.968099
383.5 0.96718
383.6 0.968099
383.7 0.967503
383.8 0.966872
383.9 0.966115
384 0.965733
384.1 0.965691
384.2 0.965784
384.3 0.96569
384.4 0.965959
384.5 0.966399
384.6 0.965939
384.7 0.966214
384.8 0.966393
384.9 0.966763
385 0.965744
385.1 0.966759
385.2 0.966466
385.3 0.96622
385.4 0.966507
385.5 0.967698
385.6 0.968098
385.7 0.96896
385.8 0.967707
385.9 0.967409
386 0.967748
386.1 0.966618
386.2 0.967667
386.3 0.969075
386.4 0.968273
386.5 0.968939
386.6 0.968601
386.7 0.967423
386.8 0.968004
386.9 0.968207
387 0.968596
387.1 0.966915
387.2 0.966768
387.3 0.965977
387.4 0.966163
387.5 0.96601
387.6 0.966224
387.7 0.965602
387.8 0.966135
387.9 0.965598
388 0.964317
388.1 0.964098
388.2 0.963581
388.3 0.962894
388.4 0.962986
388.5 0.961541
388.6 0.963089
388.7 0.964678
388.8 0.964778
388.9 0.964278
389 0.965804
389.1 0.965564
389.2 0.965987
389.3 0.964344
389.4 0.965473
389.5 0.966472
389.6 0.966253
389.7 0.966802
389.8 0.967662
389.9 0.968618
390 0.968678
390.1 0.96776
390.2 0.966574
390.3 0.966342
390.4 0.966057
390.5 0.965792
390.6 0.966813
390.7 0.966502
390.8 0.964876
390.9 0.96445
391 0.965717
391.1 0.966567
391.2 0.966441
391.3 0.966483
391.4 0.966279
391.5 0.965913
391.6 0.965244
391.7 0.964887
391.8 0.965258
391.9 0.96443
392 0.963963
392.1 0.962881
392.2 0.963463
392.3 0.964308
392.4 0.964485
392.5 0.965203
392.6 0.965252
392.7 0.963654
392.8 0.96397
392.9 0.963252
393 0.962865
393.1 0.964417
393.2 0.96461
393.3 0.963624
393.4 0.964678
393.5 0.965914
393.6 0.966555
393.7 0.967238
393.8 0.965635
393.9 0.966301
394 0.965288
394.1 0.9663
394.2 0.966321
394.3 0.966077
394.4 0.965753
394.5 0.964836
394.6 0.965496
394.7 0.9644
394.8 0.965293
394.9 0.965458
395 0.966107
395.1 0.966465
395.2 0.966409
395.3 0.967108
395.4 0.966419
395.5 0.967528
395.6 0.968502
395.7 0.969168
395.8 0.969068
395.9 0.967139
396 0.96723
396.1 0.967092
396.2 0.966278
396.3 0.966181
396.4 0.96479
396.5 0.965261
396.6 0.965457
396.7 0.964836
396.8 0.966
396.9 0.965474
397 0.964916
397.1 0.96586
397.2 0.966723
397.3 0.965737
397.4 0.964868
397.5 0.965604
397.6 0.96427
397.7 0.96482
397.8 0.964988
397.9 0.966558
398 0.96684
398.1 0.966873
398.2 0.965891
398.3 0.966202
398.4 0.966087
398.5 0.967341
398.6 0.968191
398.7 0.968222
398.8 0.968082
398.9 0.96711
399 0.965384
399.1 0.966969
399.2 0.967922
399.3 0.967623
399.4 0.968366
399.5 0.968292
399.6 0.967346
399.7 0.966214
399.8 0.965804
399.9 0.967373
400 0.967603
400.1 0.966153
400.2 0.96707
400.3 0.966337
400.4 0.966037
400.5 0.966947
400.6 0.967303
400.7 0.967062
400.8 0.965945
400.9 0.964896
401 0.966418
401.1 0.965499
401.2 0.966089
401.3 0.966866
401.4 0.967469
401.5 0.966663
401.6 0.966552
401.7 0.967703
401.8 0.96828
401.9 0.968042
402 0.96796
402.1 0.96759
402.2 0.967078
402.3 0.965786
402.4 0.964832
402.5 0.966387
402.6 0.966782
402.7 0.965556
402.8 0.964161
402.9 0.963676
403 0.96588
403.1 0.965074
403.2 0.96491
403.3 0.964697
403.4 0.964689
403.5 0.96347
403.6 0.964829
403.7 0.964527
403.8 0.965154
403.9 0.965622
404 0.966117
404.1 0.966451
404.2 0.965898
404.3 0.966658
404.4 0.966009
404.5 0.965626
404.6 0.967197
404.7 0.966473
404.8 0.965651
404.9 0.966741
405 0.966358
405.1 0.965995
405.2 0.964764
405.3 0.964806
405.4 0.965865
405.5 0.965762
405.6 0.965596
405.7 0.966105
405.8 0.966459
405.9 0.966011
406 0.967084
406.1 0.966229
406.2 0.96498
406.3 0.965131
406.4 0.964451
406.5 0.964036
406.6 0.963844
406.7 0.964357
406.8 0.964702
406.9 0.965359
407 0.966216
407.1 0.965342
407.2 0.963957
407.3 0.964531
407.4 0.965156
407.5 0.964647
407.6 0.96451
407.7 0.963921
407.8 0.963631
407.9 0.964957
408 0.966649
408.1 0.966226
408.2 0.964692
408.3 0.964
408.4 0.964747
408.5 0.965473
408.6 0.965933
408.7 0.96561
408.8 0.966266
408.9 0.965779
409 0.965279
409.1 0.964846
409.2 0.964058
409.3 0.964939
409.4 0.965894
409.5 0.965134
409.6 0.964959
409.7 0.964295
409.8 0.963964
409.9 0.96465
410 0.965327
410.1 0.964858
410.2 0.963719
410.3 0.963604
410.4 0.963003
410.5 0.964472
410.6 0.965633
410.7 0.966258
410.8 0.96613
410.9 0.966812
411 0.96685
411.1 0.965292
411.2 0.965609
411.3 0.965051
411.4 0.965886
411.5 0.966047
411.6 0.965037
411.7 0.964921
411.8 0.965447
411.9 0.96544
412 0.965569
412.1 0.966179
412.2 0.965357
412.3 0.965127
412.4 0.965937
412.5 0.966615
412.6 0.966575
412.7 0.966605
412.8 0.966601
412.9 0.966139
413 0.966281
413.1 0.965224
413.2 0.964911
413.3 0.965894
413.4 0.966193
413.5 0.966734
413.6 0.96713
413.7 0.967931
413.8 0.966828
413.9 0.96559
414 0.965459
414.1 0.966938
414.2 0.96736
414.3 0.966187
414.4 0.96785
414.5 0.967915
414.6 0.966771
414.7 0.965455
414.8 0.965811
414.9 0.965355
415 0.965469
415.1 0.965656
415.2 0.964659
415.3 0.965237
415.4 0.96567
415.5 0.963491
415.6 0.963329
415.7 0.964267
415.8 0.96581
415.9 0.963827
416 0.964201
416.1 0.964637
416.2 0.96533
416.3 0.965595
416.4 0.966182
416.5 0.96723
416.6 0.966889
416.7 0.967772
416.8 0.967212
416.9 0.967121
417 0.967099
417.1 0.966717
417.2 0.966989
417.3 0.965504
417.4 0.966211
417.5 0.966027
417.6 0.96573
417.7 0.9662
417.8 0.966692
417.9 0.966221
418 0.966121
418.1 0.966266
418.2 0.967552
418.3 0.965948
418.4 0.966068
418.5 0.965272
418.6 0.965631
418.7 0.964123
418.8 0.965385
418.9 0.966036
419 0.965408
419.1 0.9648
419.2 0.964703
419.3 0.965466
419.4 0.964018
419.5 0.963339
419.6 0.963356
419.7 0.962267
419.8 0.96281
419.9 0.962902
420 0.963404
420.1 0.963994
420.2 0.962841
420.3 0.963912
420.4 0.963495
420.5 0.963885
420.6 0.962982
420.7 0.96163
420.8 0.96168
420.9 0.96141
421 0.962888
421.1 0.963115
421.2 0.965101
421.3 0.964741
421.4 0.965317
421.5 0.964654
421.6 0.964792
421.7 0.965336
421.8 0.966681
421.9 0.96656
422 0.967559
422.1 0.966528
422.2 0.966717
422.3 0.966752
422.4 0.967218
422.5 0.966043
422.6 0.966156
422.7 0.96594
422.8 0.965579
422.9 0.966306
423 0.966576
423.1 0.965833
423.2 0.966852
423.3 0.967623
423.4 0.967659
423.5 0.967061
423.6 0.9667
423.7 0.9668
423.8 0.967318
423.9 0.967178
424 0.965947
424.1 0.967304
424.2 0.966378
424.3 0.9668
424.4 0.965928
424.5 0.96665
424.6 0.965874
424.7 0.965664
424.8 0.966848
424.9 0.968168
425 0.967688
425.1 0.966109
425.2 0.964236
425.3 0.962663
425.4 0.963673
425.5 0.964074
425.6 0.964861
425.7 0.964512
425.8 0.965024
425.9 0.965766
426 0.965212
426.1 0.964583
426.2 0.965402
426.3 0.966094
426.4 0.965158
426.5 0.965518
426.6 0.964838
426.7 0.966353
426.8 0.967779
426.9 0.968241
427 0.967634
427.1 0.967102
427.2 0.967646
427.3 0.966748
427.4 0.967157
427.5 0.967346
427.6 0.967835
427.7 0.967087
427.8 0.967872
427.9 0.967734
428 0.967522
428.1 0.966884
428.2 0.966503
428.3 0.966229
428.4 0.966687
428.5 0.966402
428.6 0.966754
428.7 0.967217
428.8 0.96774
428.9 0.967501
429 0.967406
429.1 0.966458
429.2 0.964804
429.3 0.965328
429.4 0.965732
429.5 0.966126
429.6 0.964814
429.7 0.965168
429.8 0.964952
429.9 0.965093
430 0.965552
430.1 0.96567
430.2 0.966547
430.3 0.966883
430.4 0.967066
430.5 0.966595
430.6 0.96717
430.7 0.967701
430.8 0.967232
430.9 0.966859
431 0.96712
431.1 0.968122
431.2 0.969227
431.3 0.969091
431.4 0.969087
431.5 0.967645
431.6 0.968413
431.7 0.967582
431.8 0.96672
431.9 0.966812
432 0.966772
432.1 0.9662
432.2 0.966477
432.3 0.967287
432.4 0.966809
432.5 0.965914
432.6 0.965123
432.7 0.96568
432.8 0.965288
432.9 0.965938
433 0.965478
433.1 0.966451
433.2 0.964561
433.3 0.965081
433.4 0.965841
433.5 0.965936
433.6 0.96482
433.7 0.964005
433.8 0.964544
433.9 0.964285
434 0.964712
434.1 0.965688
434.2 0.965294
434.3 0.964971
434.4 0.964271
434.5 0.96211
434.6 0.963942
434.7 0.962914
434.8 0.962491
434.9 0.961667
435 0.962327
435.1 0.962533
435.2 0.964949
435.3 0.96534
435.4 0.96563
435.5 0.964633
435.6 0.963949
435.7 0.965204
435.8 0.964913
435.9 0.965165
436 0.964478
436.1 0.965288
436.2 0.966024
436.3 0.966345
436.4 0.966999
436.5 0.965489
436.6 0.965743
436.7 0.965386
436.8 0.96462
436.9 0.964115
437 0.963234
437.1 0.964291
437.2 0.96492
437.3 0.965529
437.4 0.966335
437.5 0.967265
437.6 0.967566
437.7 0.967608
437.8 0.966927
437.9 0.96643
438 0.965988
438.1 0.965365
438.2 0.965435
438.3 0.964278
438.4 0.966064
438.5 0.966285
438.6 0.966556
438.7 0.966648
438.8 0.965347
438.9 0.965762
439 0.9666
439.1 0.966286
439.2 0.967337
439.3 0.967366
439.4 0.967482
439.5 0.965402
439.6 0.966742
439.7 0.966454
439.8 0.966206
439.9 0.966172
440 0.965754
440.1 0.965321
440.2 0.965959
440.3 0.965553
440.4 0.965042
440.5 0.964421
440.6 0.964699
440.7 0.965719
440.8 0.965748
440.9 0.965264
441 0.965292
441.1 0.966005
441.2 0.965025
441.3 0.964662
441.4 0.962477
441.5 0.963788
441.6 0.964158
441.7 0.965696
441.8 0.966736
441.9 0.96684
442 0.968144
442.1 0.968281
442.2 0.968091
442.3 0.968772
442.4 0.968403
442.5 0.96764
442.6 0.966228
442.7 0.966639
442.8 0.966093
442.9 0.966685
443 0.96632
443.1 0.966779
443.2 0.967759
443.3 0.967273
443.4 0.967492
443.5 0.967456
443.6 0.968058
443.7 0.966502
443.8 0.967217
443.9 0.96708
444 0.965278
444.1 0.964681
444.2 0.964541
444.3 0.964777
444.4 0.966261
444.5 0.966238
444.6 0.964766
444.7 0.963826
444.8 0.963528
444.9 0.963009
445 0.963012
445.1 0.96326
445.2 0.964985
445.3 0.964056
445.4 0.963668
445.5 0.965293
445.6 0.967064
445.7 0.966542
445.8 0.966414
445.9 0.967046
446 0.967023
446.1 0.967608
446.2 0.967558
446.3 0.966944
446.4 0.967811
446.5 0.967047
446.6 0.967096
446.7 0.966427
446.8 0.966438
446.9 0.967444
447 0.966597
447.1 0.965028
447.2 0.964931
447.3 0.965696
447.4 0.965539
447.5 0.964762
447.6 0.965255
447.7 0.965029
447.8 0.965421
447.9 0.965224
448 0.965807
448.1 0.965566
448.2 0.965598
448.3 0.965304
448.4 0.964548
448.5 0.965984
448.6 0.967589
448.7 0.968414
448.8 0.967338
448.9 0.968168
449 0.967135
449.1 0.96796
449.2 0.96658
449.3 0.965365
449.4 0.9663
449.5 0.965618
449.6 0.965348
449.7 0.965937
449.8 0.964535
449.9 0.964416
450 0.965035
450.1 0.963303
450.2 0.962326
450.3 0.963155
450.4 0.965321
450.5 0.964912
450.6 0.965054
450.7 0.96589
450.8 0.96496
450.9 0.96527
451 0.965024
451.1 0.965718
451.2 0.964182
451.3 0.965809
451.4 0.965167
451.5 0.965873
451.6 0.965791
451.7 0.965593
451.8 0.965758
451.9 0.965641
452 0.965657
452.1 0.965064
452.2 0.966295
452.3 0.966929
452.4 0.967024
452.5 0.967905
452.6 0.967923
452.7 0.968486
452.8 0.967551
452.9 0.968997
453 0.968798
453.1 0.967832
453.2 0.966612
453.3 0.966824
453.4 0.9663
453.5 0.967025
453.6 0.967574
453.7 0.967693
453.8 0.968793
453.9 0.9692
454 0.968483
454.1 0.967722
454.2 0.966057
454.3 0.965661
454.4 0.965879
454.5 0.966163
454.6 0.967027
454.7 0.967439
454.8 0.966018
454.9 0.966504
455 0.967021
455.1 0.966343
455.2 0.965066
455.3 0.965315
455.4 0.966313
455.5 0.965323
455.6 0.964535
455.7 0.965533
455.8 0.965367
455.9 0.96683
456 0.966536
456.1 0.96772
456.2 0.967864
456.3 0.967947
456.4 0.969699
456.5 0.96896
456.6 0.96862
456.7 0.967741
456.8 0.966723
456.9 0.966036
457 0.965763
457.1 0.96507
457.2 0.96633
457.3 0.966138
457.4 0.965594
457.5 0.96651
457.6 0.965062
457.7 0.965894
457.8 0.966805
457.9 0.967147
458 0.967615
458.1 0.968124
458.2 0.968761
458.3 0.968206
458.4 0.967036
458.5 0.966968
458.6 0.967078
458.7 0.965559
458.8 0.965477
458.9 0.966387
459 0.967287
459.1 0.969091
459.2 0.969148
459.3 0.967446
459.4 0.967331
459.5 0.96625
459.6 0.967659
459.7 0.967191
459.8 0.965845
459.9 0.965291
460 0.965511
460.1 0.965211
460.2 0.964937
460.3 0.963718
460.4 0.962568
460.5 0.961853
460.6 0.961639
460.7 0.960349
460.8 0.96073
460.9 0.96159
461 0.961789
461.1 0.962595
461.2 0.963234
461.3 0.963543
461.4 0.964488
461.5 0.965851
461.6 0.966246
461.7 0.966801
461.8 0.967204
461.9 0.966214
462 0.965968
462.1 0.965393
462.2 0.965661
462.3 0.965536
462.4 0.964377
462.5 0.963102
462.6 0.963876
462.7 0.963848
462.8 0.963645
462.9 0.962748
463 0.965255
463.1 0.963884
463.2 0.965031
463.3 0.963973
463.4 0.963649
463.5 0.963055
463.6 0.963343
463.7 0.960758
463.8 0.960035
463.9 0.960078
464 0.960052
464.1 0.961496
464.2 0.962394
464.3 0.963006
464.4 0.961317
464.5 0.961128
464.6 0.962215
464.7 0.962455
464.8 0.962717
464.9 0.96439
465 0.964631
465.1 0.96381
465.2 0.963727
465.3 0.964756
465.4 0.964163
465.5 0.965489
465.6 0.964475
465.7 0.965925
465.8 0.966463
465.9 0.967176
466 0.968088
466.1 0.967218
466.2 0.965904
466.3 0.964876
466.4 0.965603
466.5 0.965641
466.6 0.964624
466.7 0.964823
466.8 0.964204
466.9 0.964511
467 0.964809
467.1 0.965229
467.2 0.963751
467.3 0.964423
467.4 0.963512
467.5 0.964372
467.6 0.963905
467.7 0.965236
467.8 0.965234
467.9 0.964646
468 0.964541
468.1 0.965668
468.2 0.966851
468.3 0.965843
468.4 0.965919
468.5 0.966468
468.6 0.966649
468.7 0.967146
468.8 0.967749
468.9 0.966927
469 0.967106
469.1 0.966127
469.2 0.966731
469.3 0.964952
469.4 0.963107
469.5 0.965087
469.6 0.96697
469.7 0.96528
469.8 0.965404
469.9 0.966213
470 0.964731
470.1 0.965933
470.2 0.966123
470.3 0.964606
470.4 0.96516
470.5 0.966382
470.6 0.966474
470.7 0.965767
470.8 0.967356
470.9 0.968598
471 0.968119
471.1 0.967828
471.2 0.968098
471.3 0.966727
471.4 0.966841
471.5 0.96717
471.6 0.96661
471.7 0.965966
471.8 0.966666
471.9 0.964971
472 0.965654
472.1 0.965529
472.2 0.965141
472.3 0.966222
472.4 0.967323
472.5 0.966131
472.6 0.965862
472.7 0.966868
472.8 0.966669
472.9 0.968137
473 0.969536
473.1 0.969816
473.2 0.968702
473.3 0.968794
473.4 0.967951
473.5 0.966765
473.6 0.967237
473.7 0.968726
473.8 0.968892
473.9 0.970295
474 0.969422
474.1 0.968609
474.2 0.968656
474.3 0.969541
474.4 0.968979
474.5 0.968026
474.6 0.967538
474.7 0.96781
474.8 0.967327
474.9 0.965537
475 0.963841
475.1 0.965095
475.2 0.965929
475.3 0.964205
475.4 0.964942
475.5 0.964816
475.6 0.964849
475.7 0.965093
475.8 0.964176
475.9 0.963276
476 0.963442
476.1 0.962674
476.2 0.962284
476.3 0.963557
476.4 0.962721
476.5 0.962097
476.6 0.962805
476.7 0.963596
476.8 0.964453
476.9 0.964182
477 0.963118
477.1 0.963307
477.2 0.963237
477.3 0.963155
477.4 0.962836
477.5 0.963682
477.6 0.963511
477.7 0.963198
477.8 0.962678
477.9 0.962969
478 0.964046
478.1 0.963371
478.2 0.964059
478.3 0.962843
478.4 0.96351
478.5 0.964678
478.6 0.965072
478.7 0.965576
478.8 0.965096
478.9 0.964273
479 0.964899
479.1 0.964457
479.2 0.965585
479.3 0.965848
479.4 0.965188
479.5 0.964595
479.6 0.965858
479.7 0.966039
479.8 0.965507
479.9 0.964486
480 0.96481
480.1 0.963343
480.2 0.965033
480.3 0.964323
480.4 0.964914
480.5 0.96454
480.6 0.964878
480.7 0.965833
480.8 0.965271
480.9 0.965385
481 0.966227
481.1 0.966383
481.2 0.966117
481.3 0.964196
481.4 0.963465
481.5 0.963405
481.6 0.962567
481.7 0.964057
481.8 0.96508
481.9 0.964994
482 0.963796
482.1 0.962765
482.2 0.960808
482.3 0.960311
482.4 0.960492
482.5 0.961171
482.6 0.961989
482.7 0.962874
482.8 0.963081
482.9 0.963982
483 0.963001
483.1 0.962561
483.2 0.962502
483.3 0.962239
483.4 0.963743
483.5 0.964151
483.6 0.963112
483.7 0.964034
483.8 0.964494
483.9 0.965212
484 0.965699
484.1 0.964027
484.2 0.964518
484.3 0.96404
484.4 0.964758
484.5 0.964747
484.6 0.965743
484.7 0.965398
484.8 0.966299
484.9 0.966062
485 0.966199
485.1 0.965028
485.2 0.965006
485.3 0.964485
485.4 0.964573
485.5 0.964131
485.6 0.963152
485.7 0.963877
485.8 0.964616
485.9 0.963835
486 0.964712
486.1 0.965012
486.2 0.965092
486.3 0.965743
486.4 0.966159
486.5 0.966477
486.6 0.967125
486.7 0.965828
486.8 0.965162
486.9 0.965225
487 0.966489
487.1 0.966406
487.2 0.966832
487.3 0.967539
487.4 0.966965
487.5 0.967648
487.6 0.967826
487.7 0.968453
487.8 0.966863
487.9 0.964625
488 0.96505
488.1 0.966677
488.2 0.965953
488.3 0.966899
488.4 0.966995
488.5 0.966553
488.6 0.96611
488.7 0.965966
488.8 0.965235
488.9 0.964819
489 0.963697
489.1 0.964037
489.2 0.963399
489.3 0.963997
489.4 0.964805
489.5 0.964745
489.6 0.965062
489.7 0.965467
489.8 0.96582
489.9 0.96634
490 0.965234
490.1 0.964302
490.2 0.965323
490.3 0.96525
490.4 0.965602
490.5 0.965131
490.6 0.96477
490.7 0.963723
490.8 0.966155
490.9 0.96589
491 0.966509
491.1 0.966614
491.2 0.966457
491.3 0.966971
491.4 0.967269
491.5 0.966851
491.6 0.966309
491.7 0.965972
491.8 0.966143
491.9 0.96586
492 0.965234
492.1 0.964247
492.2 0.963079
492.3 0.963446
492.4 0.962324
492.5 0.963701
492.6 0.963663
492.7 0.963807
492.8 0.963492
492.9 0.96411
493 0.963163
493.1 0.963873
493.2 0.963733
493.3 0.963783
493.4 0.963111
493.5 0.964392
493.6 0.966145
493.7 0.967642
493.8 0.965409
493.9 0.964311
494 0.964256
494.1 0.963125
494.2 0.962075
494.3 0.963201
494.4 0.962408
494.5 0.962767
494.6 0.963977
494.7 0.964224
494.8 0.963837
494.9 0.963969
495 0.963838
495.1 0.963234
495.2 0.965079
495.3 0.965286
495.4 0.965655
495.5 0.964991
495.6 0.965101
495.7 0.966233
495.8 0.965091
495.9 0.964348
496 0.96377
496.1 0.962508
496.2 0.962601
496.3 0.962673
496.4 0.964226
496.5 0.963962
496.6 0.964992
496.7 0.964335
496.8 0.96465
496.9 0.965165
497 0.966009
497.1 0.965886
497.2 0.966918
497.3 0.966332
497.4 0.96609
497.5 0.964524
497.6 0.965833
497.7 0.966879
497.8 0.967142
497.9 0.966089
498 0.966797
498.1 0.966463
498.2 0.966236
498.3 0.96792
498.4 0.967488
498.5 0.966255
498.6 0.967
498.7 0.967147
498.8 0.967792
498.9 0.966219
499 0.965813
499.1 0.964036
499.2 0.964484
499.3 0.964122
499.4 0.964381
499.5 0.965103
499.6 0.964686
499.7 0.962803
499.8 0.962729
499.9 0.962721
